Mod:Item:MetaData, Localized Name
minecraft:stone, Stone
minecraft:grass, Grass Block
minecraft:dirt:0, Dirt
minecraft:dirt:1, Dirt
minecraft:dirt:2, Podzol
minecraft:cobblestone, Cobblestone
minecraft:planks:0, Oak Wood Planks
minecraft:planks:1, Spruce Wood Planks
minecraft:planks:2, Birch Wood Planks
minecraft:planks:3, Jungle Wood Planks
minecraft:planks:4, Acacia Wood Planks
minecraft:planks:5, Dark Oak Wood Planks
minecraft:sapling:0, Oak Sapling
minecraft:sapling:1, Spruce Sapling
minecraft:sapling:2, Birch Sapling
minecraft:sapling:3, Jungle Sapling
minecraft:sapling:4, Acacia Sapling
minecraft:sapling:5, Dark Oak Sapling
minecraft:bedrock, Bedrock
minecraft:flowing_water, Water
minecraft:water, Water
minecraft:flowing_lava, Lava
minecraft:lava, Lava
minecraft:sand:0, Sand
minecraft:sand:1, Red Sand
minecraft:gravel, Gravel
minecraft:gold_ore, Gold Ore
minecraft:iron_ore, Iron Ore
minecraft:coal_ore, Coal Ore
minecraft:log:0, Oak Wood
minecraft:log:1, Spruce Wood
minecraft:log:2, Birch Wood
minecraft:log:3, Jungle Wood
minecraft:leaves:0, Oak Leaves
minecraft:leaves:1, Spruce Leaves
minecraft:leaves:2, Birch Leaves
minecraft:leaves:3, Jungle Leaves
minecraft:sponge, Sponge
minecraft:glass, Glass
minecraft:lapis_ore, Lapis Lazuli Ore
minecraft:lapis_block, Lapis Lazuli Block
minecraft:dispenser, Dispenser
minecraft:sandstone:0, Sandstone
minecraft:sandstone:1, Chiseled Sandstone
minecraft:sandstone:2, Smooth Sandstone
minecraft:noteblock, Note Block
minecraft:golden_rail, Powered Rail
minecraft:detector_rail, Detector Rail
minecraft:sticky_piston, Sticky Piston
minecraft:web, Cobweb
minecraft:tallgrass:0, Shrub
minecraft:tallgrass:1, Grass
minecraft:tallgrass:2, Fern
minecraft:deadbush, Dead Bush
minecraft:piston, Piston
minecraft:wool:0, Wool
minecraft:wool:1, Orange Wool
minecraft:wool:2, Magenta Wool
minecraft:wool:3, Light Blue Wool
minecraft:wool:4, Yellow Wool
minecraft:wool:5, Lime Wool
minecraft:wool:6, Pink Wool
minecraft:wool:7, Gray Wool
minecraft:wool:8, Light Gray Wool
minecraft:wool:9, Cyan Wool
minecraft:wool:10, Purple Wool
minecraft:wool:11, Blue Wool
minecraft:wool:12, Brown Wool
minecraft:wool:13, Green Wool
minecraft:wool:14, Red Wool
minecraft:wool:15, Black Wool
minecraft:yellow_flower:0, Dandelion
minecraft:red_flower:0, Poppy
minecraft:red_flower:1, Blue Orchid
minecraft:red_flower:2, Allium
minecraft:red_flower:3, Azure Bluet
minecraft:red_flower:4, Red Tulip
minecraft:red_flower:5, Orange Tulip
minecraft:red_flower:6, White Tulip
minecraft:red_flower:7, Pink Tulip
minecraft:red_flower:8, Oxeye Daisy
minecraft:brown_mushroom, Mushroom
minecraft:red_mushroom, Mushroom
minecraft:gold_block, Block of Gold
minecraft:iron_block, Block of Iron
minecraft:stone_slab:0, Stone Slab
minecraft:stone_slab:1, Sandstone Slab
minecraft:stone_slab:3, Cobblestone Slab
minecraft:stone_slab:4, Bricks Slab
minecraft:stone_slab:5, Stone Bricks Slab
minecraft:stone_slab:6, Nether Brick Slab
minecraft:stone_slab:7, Quartz Slab
minecraft:brick_block, Bricks
minecraft:tnt, TNT
minecraft:bookshelf, Bookshelf
minecraft:mossy_cobblestone, Moss Stone
minecraft:obsidian, Obsidian
minecraft:torch, Torch
minecraft:fire, Fire
minecraft:mob_spawner:0, Monster Spawner
minecraft:oak_stairs, Oak Wood Stairs
minecraft:chest, Chest
minecraft:diamond_ore, Diamond Ore
minecraft:diamond_block, Block of Diamond
minecraft:crafting_table, Crafting Table
minecraft:farmland, Farmland
minecraft:furnace, Furnace
minecraft:lit_furnace, Furnace
minecraft:ladder, Ladder
minecraft:rail, Rail
minecraft:stone_stairs, Stone Stairs
minecraft:lever, Lever
minecraft:stone_pressure_plate, Pressure Plate
minecraft:wooden_pressure_plate, Pressure Plate
minecraft:redstone_ore, Redstone Ore
minecraft:redstone_torch, Redstone Torch
minecraft:stone_button, Button
minecraft:snow_layer:0, Snow
minecraft:ice, Ice
minecraft:snow, Snow
minecraft:cactus, Cactus
minecraft:clay, Clay
minecraft:jukebox, Jukebox
minecraft:fence, Fence
minecraft:pumpkin, Pumpkin
minecraft:netherrack, Netherrack
minecraft:soul_sand, Soul Sand
minecraft:glowstone, Glowstone
minecraft:portal, Portal
minecraft:lit_pumpkin, Jack o'Lantern
minecraft:stained_glass:0, White Stained Glass
minecraft:stained_glass:1, Orange Stained Glass
minecraft:stained_glass:2, Magenta Stained Glass
minecraft:stained_glass:3, Light Blue Stained Glass
minecraft:stained_glass:4, Yellow Stained Glass
minecraft:stained_glass:5, Lime Stained Glass
minecraft:stained_glass:6, Pink Stained Glass
minecraft:stained_glass:7, Gray Stained Glass
minecraft:stained_glass:8, Light Gray Stained Glass
minecraft:stained_glass:9, Cyan Stained Glass
minecraft:stained_glass:10, Purple Stained Glass
minecraft:stained_glass:11, Blue Stained Glass
minecraft:stained_glass:12, Brown Stained Glass
minecraft:stained_glass:13, Green Stained Glass
minecraft:stained_glass:14, Red Stained Glass
minecraft:stained_glass:15, Black Stained Glass
minecraft:trapdoor, Trapdoor
minecraft:monster_egg:0, Stone Monster Egg
minecraft:monster_egg:1, Cobblestone Monster Egg
minecraft:monster_egg:2, Stone Brick Monster Egg
minecraft:monster_egg:3, Mossy Stone Brick Monster Egg
minecraft:monster_egg:4, Cracked Stone Brick Monster Egg
minecraft:monster_egg:5, Chiseled Stone Brick Monster Egg
minecraft:stonebrick:0, Stone Bricks
minecraft:stonebrick:1, Mossy Stone Bricks
minecraft:stonebrick:2, Cracked Stone Bricks
minecraft:stonebrick:3, Chiseled Stone Bricks
minecraft:brown_mushroom_block, Mushroom
minecraft:red_mushroom_block, Mushroom
minecraft:iron_bars, Iron Bars
minecraft:glass_pane, Glass Pane
minecraft:melon_block, Melon
minecraft:vine, Vines
minecraft:fence_gate, Fence Gate
minecraft:brick_stairs, Brick Stairs
minecraft:stone_brick_stairs, Stone Brick Stairs
minecraft:mycelium, Mycelium
minecraft:waterlily, Lily Pad
minecraft:nether_brick, Nether Brick
minecraft:nether_brick_fence, Nether Brick Fence
minecraft:nether_brick_stairs, Nether Brick Stairs
minecraft:enchanting_table, Enchantment Table
minecraft:end_portal, End Portal
minecraft:end_portal_frame, End Portal
minecraft:end_stone, End Stone
minecraft:dragon_egg, Dragon Egg
minecraft:redstone_lamp, Redstone Lamp
minecraft:wooden_slab:0, Oak Wood Slab
minecraft:wooden_slab:1, Spruce Wood Slab
minecraft:wooden_slab:2, Birch Wood Slab
minecraft:wooden_slab:3, Jungle Wood Slab
minecraft:wooden_slab:4, Acacia Wood Slab
minecraft:wooden_slab:5, Dark Oak Wood Slab
minecraft:cocoa, Cocoa
minecraft:sandstone_stairs, Sandstone Stairs
minecraft:emerald_ore, Emerald Ore
minecraft:ender_chest, Ender Chest
minecraft:tripwire_hook, Tripwire Hook
minecraft:emerald_block, Block of Emerald
minecraft:spruce_stairs, Spruce Wood Stairs
minecraft:birch_stairs, Birch Wood Stairs
minecraft:jungle_stairs, Jungle Wood Stairs
minecraft:command_block, Command Block
minecraft:beacon, Beacon
minecraft:cobblestone_wall:0, Cobblestone Wall
minecraft:cobblestone_wall:1, Mossy Cobblestone Wall
minecraft:carrots, Carrots
minecraft:potatoes, Potatoes
minecraft:wooden_button, Button
minecraft:anvil:0, Anvil
minecraft:anvil:1, Slightly Damaged Anvil
minecraft:anvil:2, Very Damaged Anvil
minecraft:trapped_chest, Trapped Chest
minecraft:light_weighted_pressure_plate, Weighted Pressure Plate (Light)
minecraft:heavy_weighted_pressure_plate, Weighted Pressure Plate (Heavy)
minecraft:daylight_detector, Daylight Sensor
minecraft:redstone_block, Block of Redstone
minecraft:quartz_ore, Nether Quartz Ore
minecraft:hopper, Hopper
minecraft:quartz_block:0, Block of Quartz
minecraft:quartz_block:1, Chiseled Quartz Block
minecraft:quartz_block:2, Pillar Quartz Block
minecraft:quartz_stairs, Quartz Stairs
minecraft:activator_rail, Activator Rail
minecraft:dropper, Dropper
minecraft:stained_hardened_clay:0, White Stained Clay
minecraft:stained_hardened_clay:1, Orange Stained Clay
minecraft:stained_hardened_clay:2, Magenta Stained Clay
minecraft:stained_hardened_clay:3, Light Blue Stained Clay
minecraft:stained_hardened_clay:4, Yellow Stained Clay
minecraft:stained_hardened_clay:5, Lime Stained Clay
minecraft:stained_hardened_clay:6, Pink Stained Clay
minecraft:stained_hardened_clay:7, Gray Stained Clay
minecraft:stained_hardened_clay:8, Light Gray Stained Clay
minecraft:stained_hardened_clay:9, Cyan Stained Clay
minecraft:stained_hardened_clay:10, Purple Stained Clay
minecraft:stained_hardened_clay:11, Blue Stained Clay
minecraft:stained_hardened_clay:12, Brown Stained Clay
minecraft:stained_hardened_clay:13, Green Stained Clay
minecraft:stained_hardened_clay:14, Red Stained Clay
minecraft:stained_hardened_clay:15, Black Stained Clay
minecraft:stained_glass_pane:0, White Stained Glass Pane
minecraft:stained_glass_pane:1, Orange Stained Glass Pane
minecraft:stained_glass_pane:2, Magenta Stained Glass Pane
minecraft:stained_glass_pane:3, Light Blue Stained Glass Pane
minecraft:stained_glass_pane:4, Yellow Stained Glass Pane
minecraft:stained_glass_pane:5, Lime Stained Glass Pane
minecraft:stained_glass_pane:6, Pink Stained Glass Pane
minecraft:stained_glass_pane:7, Gray Stained Glass Pane
minecraft:stained_glass_pane:8, Light Gray Stained Glass Pane
minecraft:stained_glass_pane:9, Cyan Stained Glass Pane
minecraft:stained_glass_pane:10, Purple Stained Glass Pane
minecraft:stained_glass_pane:11, Blue Stained Glass Pane
minecraft:stained_glass_pane:12, Brown Stained Glass Pane
minecraft:stained_glass_pane:13, Green Stained Glass Pane
minecraft:stained_glass_pane:14, Red Stained Glass Pane
minecraft:stained_glass_pane:15, Black Stained Glass Pane
minecraft:leaves2:0, Acacia Leaves
minecraft:leaves2:1, Dark Oak Leaves
minecraft:log2:0, Acacia Wood
minecraft:log2:1, Dark Oak Wood
minecraft:acacia_stairs, Acacia Wood Stairs
minecraft:dark_oak_stairs, Dark Oak Wood Stairs
KoRIN-Bluebadrock:bluebedrock, tile.Bluebedrock.name
DungeonTools:dt_spawner, spawner.name
DungeonTools:dt_entitydetector, entityDetector.name
DungeonTools:dt_chatdetector, chatDetector.name
DungeonTools:dt_particleEmitter, particleEmitter.name
minecraft:hay_block, Hay Bale
minecraft:carpet:0, Carpet
minecraft:carpet:1, Orange Carpet
minecraft:carpet:2, Magenta Carpet
minecraft:carpet:3, Light Blue Carpet
minecraft:carpet:4, Yellow Carpet
minecraft:carpet:5, Lime Carpet
minecraft:carpet:6, Pink Carpet
minecraft:carpet:7, Gray Carpet
minecraft:carpet:8, Light Gray Carpet
minecraft:carpet:9, Cyan Carpet
minecraft:carpet:10, Purple Carpet
minecraft:carpet:11, Blue Carpet
minecraft:carpet:12, Brown Carpet
minecraft:carpet:13, Green Carpet
minecraft:carpet:14, Red Carpet
minecraft:carpet:15, Black Carpet
minecraft:hardened_clay, Hardened Clay
minecraft:coal_block, Block of Coal
minecraft:packed_ice, Packed Ice
minecraft:double_plant:0, Sunflower
minecraft:double_plant:1, Lilac
minecraft:double_plant:2, Double Tallgrass
minecraft:double_plant:3, Large Fern
minecraft:double_plant:4, Rose Bush
minecraft:double_plant:5, Peony
Failstick:FailGrass, FailGrass
DungeonTools:dt_dispenser, dtDispenser.name
DungeonTools:dt_antispawner, dtAntispawner.name
DungeonTools:dt_destroyer, dtDestroyer.name
DungeonTools:dt_placer, dtPlacer.name
DungeonTools:dt_earthquaker, dtEarthquaker.name
DungeonTools:dt_fade, dtfade.name
furnace3d:furnace, Furnace
furnace3d:lit_furnace, Furnace
appliedenergistics2:tile.OreQuartz, Certus Quartz Ore
appliedenergistics2:tile.OreQuartzCharged, Charged Certus Quartz Ore
appliedenergistics2:tile.BlockMatrixFrame, Matrix Frame
appliedenergistics2:tile.BlockQuartz, Certus Quartz Block
appliedenergistics2:tile.BlockQuartzPillar, Certus Quartz Pillar
appliedenergistics2:tile.BlockQuartzChiseled, Chiseled Certus Quartz Block
appliedenergistics2:tile.BlockQuartzGlass, Quartz Glass
appliedenergistics2:tile.BlockQuartzLamp, Vibrant Quartz Glass
appliedenergistics2:tile.BlockQuartzTorch, Charged Quartz Fixture
appliedenergistics2:tile.BlockFluix, Fluix Block
appliedenergistics2:tile.BlockSkyStone:0, Sky Stone
appliedenergistics2:tile.BlockSkyStone:1, Sky Stone Block
appliedenergistics2:tile.BlockSkyStone:2, Sky Stone Brick
appliedenergistics2:tile.BlockSkyStone:3, Sky Stone Small Brick
appliedenergistics2:tile.BlockSkyChest:0, Sky Stone Chest
appliedenergistics2:tile.BlockSkyChest:1, Sky Stone Block Chest
appliedenergistics2:tile.BlockSkyCompass, Meteorite Compass
appliedenergistics2:tile.BlockGrinder, Quartz Grindstone
appliedenergistics2:tile.BlockCrank, Wooden Crank
appliedenergistics2:tile.BlockInscriber, Inscriber
appliedenergistics2:tile.BlockWireless, ME Wireless Access Point
appliedenergistics2:tile.BlockCharger, Charger
appliedenergistics2:tile.BlockTinyTNT, Tiny TNT
appliedenergistics2:tile.BlockSecurity, ME Security Terminal
appliedenergistics2:tile.BlockQuantumRing, ME Quantum Ring
appliedenergistics2:tile.BlockQuantumLinkChamber, ME Quantum Link Chamber
appliedenergistics2:tile.BlockSpatialPylon, Spatial Pylon
appliedenergistics2:tile.BlockSpatialIOPort, Spatial IO Port
appliedenergistics2:tile.BlockCableBus, AE2 Cable and/or Bus
appliedenergistics2:tile.BlockController, ME Controller
appliedenergistics2:tile.BlockDrive, ME Drive
appliedenergistics2:tile.BlockChest, ME Chest
appliedenergistics2:tile.BlockInterface, ME Interface
appliedenergistics2:tile.BlockCellWorkbench, Cell Workbench
appliedenergistics2:tile.BlockIOPort, ME IO Port
appliedenergistics2:tile.BlockCondenser, Matter Condenser
appliedenergistics2:tile.BlockEnergyAcceptor, Energy Acceptor
appliedenergistics2:tile.BlockVibrationChamber, Vibration Chamber
appliedenergistics2:tile.BlockQuartzGrowthAccelerator, Crystal Growth Accelerator
appliedenergistics2:tile.BlockEnergyCell, Energy Cell
appliedenergistics2:tile.BlockDenseEnergyCell, Dense Energy Cell
appliedenergistics2:tile.BlockCreativeEnergyCell, Creative Energy Cell
appliedenergistics2:tile.BlockCraftingUnit:0, Crafting Unit
appliedenergistics2:tile.BlockCraftingUnit:1, Crafting Co-Processing Unit
appliedenergistics2:tile.BlockCraftingUnit:2, Quad Core Co-Processing Unit
appliedenergistics2:tile.BlockCraftingUnit:3, 16 Core Co-Processing Unit
appliedenergistics2:tile.BlockAdvancedCraftingUnit:0, 64 Core Co-Processing Unit
appliedenergistics2:tile.BlockAdvancedCraftingUnit:1, 256 Core Co-Processing Unit
appliedenergistics2:tile.BlockAdvancedCraftingUnit:2, 1024 Core Co-Processing Unit
appliedenergistics2:tile.BlockAdvancedCraftingUnit:3, 4096 Core Co-Processing Unit
appliedenergistics2:tile.BlockCraftingStorage:0, 1k Crafting Storage
appliedenergistics2:tile.BlockCraftingStorage:1, 4k Crafting Storage
appliedenergistics2:tile.BlockCraftingStorage:2, 16k Crafting Storage
appliedenergistics2:tile.BlockCraftingStorage:3, 64k Crafting Storage
appliedenergistics2:tile.BlockAdvancedCraftingStorage:0, 256k Crafting Storage
appliedenergistics2:tile.BlockAdvancedCraftingStorage:1, 1024k Crafting Storage
appliedenergistics2:tile.BlockAdvancedCraftingStorage:2, 4096k Crafting Storage
appliedenergistics2:tile.BlockAdvancedCraftingStorage:3, 16384k Crafting Storage
appliedenergistics2:tile.BlockCraftingMonitor:0, Crafting Monitor
appliedenergistics2:tile.BlockMolecularAssembler, Molecular Assembler
appliedenergistics2:tile.BlockLightDetector, Light Detecting Fixture
appliedenergistics2:tile.BlockPaint, tile.appliedenergistics2.BlockPaint.name
appliedenergistics2:tile.SkyStoneStairBlock, Sky Stone Stairs
appliedenergistics2:tile.SkyStoneBlockStairBlock, Sky Stone Block Stairs
appliedenergistics2:tile.SkyStoneBrickStairBlock, Sky Stone Brick Stairs
appliedenergistics2:tile.SkyStoneSmallBrickStairBlock, Sky Stone Small Brick Stairs
appliedenergistics2:tile.FluixStairBlock, Fluix Stairs
appliedenergistics2:tile.QuartzStairBlock, Certus Quartz Stairs
appliedenergistics2:tile.ChiseledQuartzStairBlock, Chiseled Certus Quartz Stairs
appliedenergistics2:tile.QuartzPillarStairBlock, Certus Quartz Pillar Stairs
appliedenergistics2:tile.SkyStoneSlabBlock:0, Sky Stone Slabs
appliedenergistics2:tile.SkyStoneSlabBlock.double:0, Sky Stone Slabs
appliedenergistics2:tile.SkyStoneBlockSlabBlock:0, Sky Stone Block Slabs
appliedenergistics2:tile.SkyStoneBlockSlabBlock.double:0, Sky Stone Block Slabs
appliedenergistics2:tile.SkyStoneBrickSlabBlock:0, Sky Stone Brick Slabs
appliedenergistics2:tile.SkyStoneBrickSlabBlock.double:0, Sky Stone Brick Slabs
appliedenergistics2:tile.SkyStoneSmallBrickSlabBlock:0, Sky Stone Small Brick Slabs
appliedenergistics2:tile.SkyStoneSmallBrickSlabBlock.double:0, Sky Stone Small Brick Slabs
appliedenergistics2:tile.FluixSlabBlock:0, Fluix Slabs
appliedenergistics2:tile.FluixSlabBlock.double:0, Fluix Slabs
appliedenergistics2:tile.QuartzSlabBlock:0, Certus Quartz Slabs
appliedenergistics2:tile.QuartzSlabBlock.double:0, Certus Quartz Slabs
appliedenergistics2:tile.ChiseledQuartzSlabBlock:0, Chiseled Certus Quartz Slabs
appliedenergistics2:tile.ChiseledQuartzSlabBlock.double:0, Chiseled Certus Quartz Slabs
appliedenergistics2:tile.QuartzPillarSlabBlock:0, Certus Quartz Pillar Slabs
appliedenergistics2:tile.QuartzPillarSlabBlock.double:0, Certus Quartz Pillar Slabs
ComputerCraft:CC-Computer:0, Computer
ComputerCraft:CC-Computer:16384, Advanced Computer
minecraft:iron_shovel, Iron Shovel
minecraft:iron_pickaxe, Iron Pickaxe
minecraft:iron_axe, Iron Axe
minecraft:flint_and_steel, Flint and Steel
minecraft:apple, Apple
minecraft:bow, Shortbow
minecraft:arrow, Arrow
minecraft:coal:0, Coal
minecraft:coal:1, Charcoal
minecraft:diamond, Diamond
minecraft:iron_ingot, Iron Ingot
minecraft:gold_ingot, Gold Ingot
minecraft:iron_sword, Iron Sword
minecraft:wooden_sword, Wooden Sword
minecraft:wooden_shovel, Wooden Shovel
minecraft:wooden_pickaxe, Wooden Pickaxe
minecraft:wooden_axe, Wooden Axe
minecraft:stone_sword, Stone Sword
minecraft:stone_shovel, Stone Shovel
minecraft:stone_pickaxe, Stone Pickaxe
minecraft:stone_axe, Stone Axe
minecraft:diamond_sword, Diamond Sword
minecraft:diamond_shovel, Diamond Shovel
minecraft:diamond_pickaxe, Diamond Pickaxe
minecraft:diamond_axe, Diamond Axe
minecraft:stick, Stick
minecraft:bowl, Bowl
minecraft:mushroom_stew, Mushroom Stew
minecraft:golden_sword, Golden Sword
minecraft:golden_shovel, Golden Shovel
minecraft:golden_pickaxe, Golden Pickaxe
minecraft:golden_axe, Golden Axe
minecraft:string, String
minecraft:feather, Feather
minecraft:gunpowder, Gunpowder
minecraft:wooden_hoe, Wooden Hoe
minecraft:stone_hoe, Stone Hoe
minecraft:iron_hoe, Iron Hoe
minecraft:diamond_hoe, Diamond Hoe
minecraft:golden_hoe, Golden Hoe
minecraft:wheat_seeds, Seeds
minecraft:wheat, Wheat
minecraft:bread, Bread
minecraft:leather_helmet, Leather Cap
minecraft:leather_chestplate, Leather Tunic
minecraft:leather_leggings, Leather Pants
minecraft:leather_boots, Leather Boots
minecraft:chainmail_helmet, Chain Helmet
minecraft:chainmail_chestplate, Chain Chestplate
minecraft:chainmail_leggings, Chain Leggings
minecraft:chainmail_boots, Chain Boots
minecraft:iron_helmet, Iron Helmet
minecraft:iron_chestplate, Iron Chestplate
minecraft:iron_leggings, Iron Leggings
minecraft:iron_boots, Iron Boots
minecraft:diamond_helmet, Diamond Helmet
minecraft:diamond_chestplate, Diamond Chestplate
minecraft:diamond_leggings, Diamond Leggings
minecraft:diamond_boots, Diamond Boots
minecraft:golden_helmet, Golden Helmet
minecraft:golden_chestplate, Golden Chestplate
minecraft:golden_leggings, Golden Leggings
minecraft:golden_boots, Golden Boots
minecraft:flint, Flint
minecraft:porkchop, Raw Porkchop
minecraft:cooked_porkchop, Cooked Porkchop
minecraft:painting, Painting
minecraft:golden_apple:0, Golden Apple
minecraft:golden_apple:1, Golden Apple
minecraft:sign, Sign
minecraft:wooden_door, Wooden Door
minecraft:bucket, Bucket
minecraft:water_bucket, Water Bucket
minecraft:lava_bucket, Lava Bucket
minecraft:minecart, Minecart
minecraft:saddle, Saddle
minecraft:iron_door, Iron Door
minecraft:redstone, Redstone
minecraft:snowball, Snowball
minecraft:boat, Boat
minecraft:leather, Leather
minecraft:milk_bucket, Milk Bucket
minecraft:brick, Brick
minecraft:clay_ball, Clay
minecraft:reeds, Sugar Canes
minecraft:paper, Paper
minecraft:book, Book
minecraft:slime_ball, Slimeball
minecraft:chest_minecart, Minecart with Chest
minecraft:furnace_minecart, Minecart with Furnace
minecraft:egg, Egg
minecraft:compass, Compass
minecraft:fishing_rod, Wooden Fishing Rod
minecraft:clock, Clock
minecraft:glowstone_dust, Glowstone Dust
minecraft:fish:0, Raw Fish
minecraft:fish:1, Raw Salmon
minecraft:fish:2, Clownfish
minecraft:fish:3, Pufferfish
minecraft:cooked_fished:0, Cooked Fish
minecraft:cooked_fished:1, Cooked Salmon
minecraft:dye:0, Ink Sac
minecraft:dye:1, Red Dye
minecraft:dye:2, Green Dye
minecraft:dye:3, Cocoa Beans
minecraft:dye:4, Lapis Lazuli
minecraft:dye:5, Purple Dye
minecraft:dye:6, Cyan Dye
minecraft:dye:7, Light Gray Dye
minecraft:dye:8, Gray Dye
minecraft:dye:9, Pink Dye
minecraft:dye:10, Lime Dye
minecraft:dye:11, Yellow Dye
minecraft:dye:12, Light Blue Dye
minecraft:dye:13, Magenta Dye
minecraft:dye:14, Orange Dye
minecraft:dye:15, Bone Meal
minecraft:bone, Bone
minecraft:sugar, Sugar
minecraft:cake, Cake
minecraft:bed, Bed
minecraft:repeater, Redstone Repeater
minecraft:cookie, Cookie
minecraft:filled_map:0, Map
minecraft:shears, Shears
minecraft:melon, Melon
minecraft:pumpkin_seeds, Pumpkin Seeds
minecraft:melon_seeds, Melon Seeds
minecraft:beef, Raw Beef
minecraft:cooked_beef, Steak
minecraft:chicken, Raw Chicken
minecraft:cooked_chicken, Cooked Chicken
minecraft:rotten_flesh, Rotten Flesh
minecraft:ender_pearl, Ender Pearl
minecraft:blaze_rod, Blaze Rod
minecraft:ghast_tear, Ghast Tear
minecraft:gold_nugget, Gold Nugget
minecraft:nether_wart, Nether Wart
minecraft:potion:0, Water Bottle
minecraft:potion:8193, Potion of Regeneration
minecraft:potion:8225, Potion of Regeneration
minecraft:potion:8257, Potion of Regeneration
minecraft:potion:16385, Splash Potion of Regeneration
minecraft:potion:16417, Splash Potion of Regeneration
minecraft:potion:16449, Splash Potion of Regeneration
minecraft:potion:8194, Potion of Swiftness
minecraft:potion:8226, Potion of Swiftness
minecraft:potion:8258, Potion of Swiftness
minecraft:potion:16386, Splash Potion of Swiftness
minecraft:potion:16418, Splash Potion of Swiftness
minecraft:potion:16450, Splash Potion of Swiftness
minecraft:potion:8227, Potion of Fire Resistance
minecraft:potion:8259, Potion of Fire Resistance
minecraft:potion:16419, Splash Potion of Fire Resistance
minecraft:potion:16451, Splash Potion of Fire Resistance
minecraft:potion:8196, Potion of Poison
minecraft:potion:8228, Potion of Poison
minecraft:potion:8260, Potion of Poison
minecraft:potion:16388, Splash Potion of Poison
minecraft:potion:16420, Splash Potion of Poison
minecraft:potion:16452, Splash Potion of Poison
minecraft:potion:8261, Potion of Healing
minecraft:potion:8229, Potion of Healing
minecraft:potion:16453, Splash Potion of Healing
minecraft:potion:16421, Splash Potion of Healing
minecraft:potion:8230, Potion of Night Vision
minecraft:potion:8262, Potion of Night Vision
minecraft:potion:16422, Splash Potion of Night Vision
minecraft:potion:16454, Splash Potion of Night Vision
minecraft:potion:8232, Potion of Weakness
minecraft:potion:8264, Potion of Weakness
minecraft:potion:16424, Splash Potion of Weakness
minecraft:potion:16456, Splash Potion of Weakness
minecraft:potion:8201, Potion of Strength
minecraft:potion:8233, Potion of Strength
minecraft:potion:8265, Potion of Strength
minecraft:potion:16393, Splash Potion of Strength
minecraft:potion:16425, Splash Potion of Strength
minecraft:potion:16457, Splash Potion of Strength
minecraft:potion:8234, Potion of Slowness
minecraft:potion:8266, Potion of Slowness
minecraft:potion:16426, Splash Potion of Slowness
minecraft:potion:16458, Splash Potion of Slowness
minecraft:potion:8268, Potion of Harming
minecraft:potion:8236, Potion of Harming
minecraft:potion:16460, Splash Potion of Harming
minecraft:potion:16428, Splash Potion of Harming
minecraft:potion:8237, Potion of Water Breathing
minecraft:potion:8269, Potion of Water Breathing
minecraft:potion:16429, Splash Potion of Water Breathing
minecraft:potion:16461, Splash Potion of Water Breathing
minecraft:potion:8238, Potion of Invisibility
minecraft:potion:8270, Potion of Invisibility
minecraft:potion:16430, Splash Potion of Invisibility
minecraft:potion:16462, Splash Potion of Invisibility
minecraft:glass_bottle, Glass Bottle
minecraft:spider_eye, Spider Eye
minecraft:fermented_spider_eye, Fermented Spider Eye
minecraft:blaze_powder, Blaze Powder
minecraft:magma_cream, Magma Cream
minecraft:brewing_stand, Brewing Stand
minecraft:cauldron, Cauldron
minecraft:ender_eye, Eye of Ender
minecraft:speckled_melon, Glistering Melon
minecraft:spawn_egg:50, Spawn Creeper
minecraft:spawn_egg:51, Spawn Skeleton
minecraft:spawn_egg:52, Spawn Spider
minecraft:spawn_egg:54, Spawn Zombie
minecraft:spawn_egg:55, Spawn Slime
minecraft:spawn_egg:56, Spawn Ghast
minecraft:spawn_egg:57, Spawn Zombie Pigman
minecraft:spawn_egg:58, Spawn Enderman
minecraft:spawn_egg:59, Spawn Cave Spider
minecraft:spawn_egg:60, Spawn Silverfish
minecraft:spawn_egg:61, Spawn Blaze
minecraft:spawn_egg:62, Spawn Magma Cube
minecraft:spawn_egg:65, Spawn Bat
minecraft:spawn_egg:66, Spawn Witch
minecraft:spawn_egg:90, Spawn Pig
minecraft:spawn_egg:91, Spawn Sheep
minecraft:spawn_egg:92, Spawn Cow
minecraft:spawn_egg:93, Spawn Chicken
minecraft:spawn_egg:94, Spawn Squid
minecraft:spawn_egg:95, Spawn Wolf
minecraft:spawn_egg:96, Spawn Mooshroom
minecraft:spawn_egg:98, Spawn Ocelot
minecraft:spawn_egg:100, Spawn Horse
minecraft:spawn_egg:120, Spawn Villager
minecraft:spawn_egg:53, Spawn Giant
minecraft:spawn_egg:63, Spawn Ender Dragon
minecraft:spawn_egg:64, Spawn Wither
minecraft:spawn_egg:97, Spawn Snow Golem
minecraft:spawn_egg:99, Spawn Iron Golem
minecraft:spawn_egg:0, Spawn Eagle
minecraft:spawn_egg:3, Spawn Hell Cat
minecraft:spawn_egg:4, Spawn Pixie
minecraft:spawn_egg:5, Spawn Sasori
minecraft:spawn_egg:6, Spawn Sasori
minecraft:spawn_egg:7, Spawn Puppet
minecraft:spawn_egg:23, Spawn Puppet
minecraft:spawn_egg:24, Spawn The Third Kazekage Puppet
minecraft:spawn_egg:85, Spawn Blockling
minecraft:spawn_egg:87, Spawn entity.CCreeper.name
minecraft:spawn_egg:102, Spawn Creepermite
minecraft:spawn_egg:105, Spawn Pewdiepie
minecraft:spawn_egg:106, Spawn Cryotic
minecraft:spawn_egg:501, Spawn Black Rat
minecraft:spawn_egg:125, Spawn Fire Wizard
minecraft:spawn_egg:126, Spawn Chocolate Creeper
minecraft:spawn_egg:127, Spawn Chocolate Cow
minecraft:spawn_egg:128, Spawn Fire Spawn
minecraft:spawn_egg:129, Spawn Black Widow Spider
minecraft:spawn_egg:130, Spawn Bull
minecraft:spawn_egg:131, Spawn Black Knight
minecraft:spawn_egg:132, Spawn White Knight
minecraft:spawn_egg:133, Spawn Dragon Knight
minecraft:spawn_egg:134, Spawn Water Spider
minecraft:spawn_egg:135, Spawn Mummy
minecraft:spawn_egg:136, Spawn Emerald Slime
minecraft:spawn_egg:137, Spawn Brood Spider
minecraft:spawn_egg:138, Spawn Female Creeper
minecraft:spawn_egg:139, Spawn Golden Bonnie
minecraft:spawn_egg:140, Spawn Foxy The PirateFox
minecraft:spawn_egg:141, Spawn Freddy Fazbear
minecraft:spawn_egg:142, Spawn Bonnie
minecraft:spawn_egg:143, Spawn ChicaTheChicken
minecraft:spawn_egg:144, Spawn Balloon Boy
minecraft:spawn_egg:145, Spawn entity.stablar.name
minecraft:spawn_egg:146, Spawn Musimagical Drummer
minecraft:spawn_egg:147, Spawn Musimagical Centurion
minecraft:experience_bottle, Bottle o' Enchanting
minecraft:fire_charge, Fire Charge
minecraft:writable_book, Book and Quill
minecraft:written_book, Written Book
minecraft:emerald, Emerald
minecraft:item_frame, Item Frame
minecraft:flower_pot, Flower Pot
minecraft:carrot, Carrot
minecraft:potato, Potato
minecraft:baked_potato, Baked Potato
minecraft:poisonous_potato, Poisonous Potato
minecraft:map, Empty Map
minecraft:golden_carrot, Golden Carrot
minecraft:skull:0, Skeleton Skull
minecraft:skull:1, Wither Skeleton Skull
minecraft:skull:2, Zombie Head
minecraft:skull:3, Head
minecraft:skull:4, Creeper Head
minecraft:carrot_on_a_stick, Carrot on a Stick
minecraft:nether_star, Nether Star
minecraft:pumpkin_pie, Pumpkin Pie
minecraft:fireworks, Firework Rocket
minecraft:firework_charge, Firework Star
minecraft:enchanted_book, Enchanted Book
minecraft:comparator, Redstone Comparator
minecraft:netherbrick, Nether Brick
minecraft:quartz, Nether Quartz
minecraft:tnt_minecart, Minecart with TNT
minecraft:hopper_minecart, Minecart with Hopper
ComputerCraft:CC-Peripheral:0, Disk Drive
ComputerCraft:CC-Peripheral:3, Printer
ComputerCraft:CC-Peripheral:2, Monitor
ComputerCraft:CC-Peripheral:4, Advanced Monitor
ComputerCraft:CC-Peripheral:1, Wireless Modem
ComputerCraft:CC-Cable:1, Wired Modem
ComputerCraft:CC-Cable:0, Networking Cable
ComputerCraft:command_computer:0, Command Computer
ComputerCraft:CC-Turtle:0, Turtle
ComputerCraft:CC-Turtle:1, Mining Turtle
ComputerCraft:CC-TurtleExpanded:0, Wireless Turtle
ComputerCraft:CC-TurtleExpanded:0, Crafty Turtle
ComputerCraft:CC-TurtleExpanded:0, Melee Turtle
ComputerCraft:CC-TurtleExpanded:0, Digging Turtle
ComputerCraft:CC-TurtleExpanded:0, Felling Turtle
ComputerCraft:CC-TurtleExpanded:0, Farming Turtle
ComputerCraft:CC-TurtleAdvanced:0, Advanced Turtle
ComputerCraft:CC-TurtleAdvanced:0, Advanced Wireless Turtle
ComputerCraft:CC-TurtleAdvanced:0, Advanced Crafty Turtle
ComputerCraft:CC-TurtleAdvanced:0, Advanced Melee Turtle
ComputerCraft:CC-TurtleAdvanced:0, Advanced Digging Turtle
ComputerCraft:CC-TurtleAdvanced:0, Advanced Mining Turtle
ComputerCraft:CC-TurtleAdvanced:0, Advanced Felling Turtle
ComputerCraft:CC-TurtleAdvanced:0, Advanced Farming Turtle
IC2:blockOreCopper, ic2.blockOreCopper.name
IC2:blockOreTin, ic2.blockOreTin.name
minecraft:iron_horse_armor, Iron Horse Armor
minecraft:golden_horse_armor, Gold Horse Armor
minecraft:diamond_horse_armor, Diamond Horse Armor
minecraft:lead, Lead
minecraft:name_tag, Name Tag
minecraft:command_block_minecart, Minecart with Command Block
Failstick:Failstick1, Failstick
Failstick:Failstick2, Failstick
Failstick:Failstick3, Failstick
FoodOverhaul:DriedAppleStage1, Dried Apple
Failstick:FailShards, Failshards
FoodOverhaul:MagicDust, Magic Dust
FoodOverhaul:MagicCookie, Magic Cookie
FoodOverhaul:Juicer, Juicer
FoodOverhaul:VegetableFresh, Vegetable Fresh
FoodOverhaul:FruitFresh, Fruit Fresh
FoodOverhaul:NuggetIron, Iron Nugget
FoodOverhaul:NuggetRedstone, Redstone Nugget
FoodOverhaul:MagicMelon, Magic Melon
ExtraMobs:DragonKSword, Dragon Knight Sword
ExtraMobs:BroodOrb, Brood Orb
DeepSeaDiving:Scuba Gear, item.Scuba Gear.name
IC2:blockOreUran, ic2.blockOreUran.name
IC2:blockOreLead, ic2.blockOreLead.name
DeepSeaDiving:Flippers, Scuba Gear Boots
DeepSeaDiving:AirTank, Air Tank
IC2:blockRubWood, ic2.blockRubWood.name
DeepSeaDiving:Harpoon, Harpoon
IC2:blockRubLeaves, ic2.blockRubLeaves.name
DeepSeaDiving:EmptyHarpoonGun, Harpoon Gun
DeepSeaDiving:HarpoonGun, Harpoon Gun (Loaded)
IC2:blockRubSapling, ic2.blockRubSapling.name
IC2:blockHarz, ic2.blockHarz.name
IC2:blockRubber, ic2.blockRubber.name
IC2:blockFenceIron, ic2.blockFenceIron.name
IC2:blockAlloy, ic2.blockAlloy.name
IC2:blockBasalt, ic2.blockBasalt.name
IC2:blockAlloyGlass, ic2.blockAlloyGlass.name
IC2:blockDoorAlloy, tile.blockDoorAlloy.name
IC2:blockReinforcedFoam, ic2.blockReinforcedFoam.name
IC2:blockFoam, ic2.blockFoam.name
IC2:blockWall, ic2.blockWall.name
IC2:blockScaffold, ic2.blockScaffold.name
IC2:blockIronScaffold, ic2.blockIronScaffold.name
IC2:blockMetal:0, ic2.blockMetalCopper
IC2:blockMetal:1, ic2.blockMetalTin
IC2:blockMetal:2, ic2.blockMetalBronze
IC2:blockMetal:3, ic2.blockMetalUranium
IC2:blockMetal:4, ic2.blockMetalLead
IC2:blockMetal:5, ic2.blockMetalAdvIron
IC2:blockCable, ic2.blockCable.name
IC2:blockKineticGenerator:0, ic2.blockWindKineticGenerator
IC2:blockKineticGenerator:1, ic2.blockSteamKineticGenerator
IC2:blockKineticGenerator:2, ic2.blockElectricKineticGenerator
IC2:blockKineticGenerator:3, ic2.blockManualKineticGenerator
IC2:blockKineticGenerator:4, ic2.blockWaterKineticGenerator
IC2:blockKineticGenerator:5, ic2.blockStirlingKineticGenerator
IC2:blockHeatGenerator:0, ic2.blockSolidHeatGenerator
IC2:blockHeatGenerator:1, ic2.blockFluidHeatGenerator
IC2:blockHeatGenerator:2, ic2.blockRTHeatGenerator
IC2:blockHeatGenerator:3, ic2.blockElectricHeatGenerator
IC2:blockGenerator:0, ic2.blockGenerator
IC2:blockGenerator:1, ic2.blockGeoGenerator
IC2:blockGenerator:2, ic2.blockWaterGenerator
IC2:blockGenerator:3, ic2.blockSolarGenerator
IC2:blockGenerator:4, ic2.blockWindGenerator
IC2:blockGenerator:5, ic2.blockNuclearReactor
IC2:blockGenerator:6, ic2.blockRTGenerator
IC2:blockGenerator:7, ic2.blockSemifluidGenerator
IC2:blockGenerator:8, ic2.blockStirlingGenerator
IC2:blockGenerator:9, ic2.blockKineticGenerator
IC2:blockReactorChamber, ic2.blockReactorChamber.name
IC2:blockReactorFluidPort, ic2.blockReactorFluidPort.name
IC2:blockReactorAccessHatch, ic2.blockReactorAccessHatch.name
IC2:blockReactorRedstonePort, ic2.blockReactorRedstonePort.name
IC2:blockreactorvessel, ic2.blockreactorvessel.name
IC2:blockElectric:3, ic2.blockTransformerLV
IC2:blockElectric:4, ic2.blockTransformerMV
IC2:blockElectric:5, ic2.blockTransformerHV
IC2:blockElectric:6, ic2.blockTransformerEV
IC2:blockElectric:0, ic2.blockBatBox
IC2:blockElectric:7, ic2.blockCESU
IC2:blockElectric:1, ic2.blockMFE
IC2:blockElectric:2, ic2.blockMFSU
IC2:blockElectric:0, ic2.blockBatBox
IC2:blockElectric:7, ic2.blockCESU
IC2:blockElectric:1, ic2.blockMFE
IC2:blockElectric:2, ic2.blockMFSU
IC2:blockChargepad:0, ic2.blockChargepadBatBox
IC2:blockChargepad:1, ic2.blockChargepadCESU
IC2:blockChargepad:2, ic2.blockChargepadMFE
IC2:blockChargepad:3, ic2.blockChargepadMFSU
IC2:blockChargepad:0, ic2.blockChargepadBatBox
IC2:blockChargepad:1, ic2.blockChargepadCESU
IC2:blockChargepad:2, ic2.blockChargepadMFE
IC2:blockChargepad:3, ic2.blockChargepadMFSU
IC2:blockMachine:0, ic2.blockMachine
IC2:blockMachine:1, ic2.blockIronFurnace
IC2:blockMachine:2, ic2.blockElecFurnace
IC2:blockMachine:3, ic2.blockMacerator
IC2:blockMachine:4, ic2.blockExtractor
IC2:blockMachine:5, ic2.blockCompressor
IC2:blockMachine:6, ic2.blockCanner
IC2:blockMachine:7, ic2.blockMiner
IC2:blockMachine:8, ic2.blockPump
IC2:blockMachine:9, ic2.blockMagnetizer
IC2:blockMachine:10, ic2.blockElectrolyzer
IC2:blockMachine:11, ic2.blockRecycler
IC2:blockMachine:12, ic2.blockAdvMachine
IC2:blockMachine:13, ic2.blockInduction
IC2:blockMachine:14, ic2.blockMatter
IC2:blockMachine:15, ic2.blockTerra
IC2:blockMachine2:0, ic2.blockTeleporter
IC2:blockMachine2:1, ic2.blockTesla
IC2:blockMachine2:2, ic2.blockCropmatron
IC2:blockMachine2:3, ic2.blockCentrifuge
IC2:blockMachine2:4, ic2.blockMetalFormer
IC2:blockMachine2:5, ic2.blockOreWashingPlant
IC2:blockMachine2:6, ic2.blockPatternStorage
IC2:blockMachine2:7, ic2.blockScanner
IC2:blockMachine2:8, ic2.blockReplicator
IC2:blockMachine2:9, ic2.blockSolidCanner
IC2:blockMachine2:10, ic2.blockFluidBottler
IC2:blockMachine2:11, ic2.blockAdvMiner
IC2:blockMachine2:12, ic2.blockLiquidHeatExchanger
IC2:blockMachine2:13, ic2.blockFermenter
IC2:blockMachine2:14, ic2.blockFluidRegulator
IC2:blockMachine2:15, ic2.blockCondenser
IC2:blockMachine3:0, ic2.blockSteamGenerator
IC2:blockMachine3:1, ic2.blockBlastFurnace
IC2:blockMachine3:2, ic2.blockBlockCutter
IC2:blockMachine3:3, ic2.blockSolarDestiller
IC2:blockMachine3:4, ic2.blockFluidDistributor
IC2:blockMachine3:5, ic2.blockSortingMachine
IC2:blockMachine3:6, ic2.blockItemBuffer
IC2:blockMachine3:7, ic2.blockCropHavester
IC2:blockMachine3:8, ic2.blockLathe
IC2:blockLuminatorDark, ic2.blockLuminatorDark.name
IC2:blockLuminator, ic2.blockLuminator.name
IC2:blockMiningPipe, ic2.blockMiningPipe.name
IC2:blockMiningTip, ic2.blockMiningTip.name
IC2:blockPersonal:0, ic2.blockPersonalChest
IC2:blockPersonal:1, ic2.blockPersonalTrader
IC2:blockPersonal:2, ic2.blockPersonalTraderEnergy
IC2:blockITNT, ic2.blockITNT.name
IC2:blockNuke, ic2.blockNuke.name
IC2:blockDynamite, ic2.blockDynamite.name
IC2:blockDynamiteRemote, ic2.blockDynamiteRemote.name
IC2:blockCrop, ic2.blockCrop.name
IC2:blockBarrel, ic2.blockBarrel.name
IC2:fluidUuMatter, ic2.fluidUuMatter.name
IC2:fluidConstructionFoam, ic2.fluidConstructionFoam.name
IC2:fluidCoolant, ic2.fluidCoolant.name
IC2:fluidHotCoolant, ic2.fluidHotCoolant.name
IC2:fluidPahoehoeLava, ic2.fluidPahoehoeLava.name
IC2:fluidBiomass, ic2.fluidBiomass.name
IC2:fluidBiogas, ic2.fluidBiogas.name
IC2:fluidDistilledWater, ic2.fluidDistilledWater.name
IC2:fluidSuperheatedSteam, ic2.fluidSuperheatedSteam.name
IC2:fluidSteam, ic2.fluidSteam.name
IC2:fluidHotWater, ic2.fluidHotWater.name
Mekanism:BasicBlock:0, Osmium Block
Mekanism:BasicBlock:1, Bronze Block
Mekanism:BasicBlock:2, Refined Obsidian
Mekanism:BasicBlock:3, Charcoal Block
Mekanism:BasicBlock:4, Refined Glowstone
Mekanism:BasicBlock:5, Steel Block
Mekanism:BasicBlock:6, Basic Bin
Mekanism:BasicBlock:6, Advanced Bin
Mekanism:BasicBlock:6, Elite Bin
Mekanism:BasicBlock:6, Ultimate Bin
Mekanism:BasicBlock:7, Teleporter Frame
Mekanism:BasicBlock:8, Steel Casing
Mekanism:BasicBlock:9, Dynamic Tank
Mekanism:BasicBlock:10, Structural Glass
Mekanism:BasicBlock:11, Dynamic Valve
Mekanism:BasicBlock:12, Copper Block
Mekanism:BasicBlock:13, Tin Block
Mekanism:BasicBlock:14, Thermal Evaporation Controller
Mekanism:BasicBlock:15, Thermal Evaporation Valve
Mekanism:BasicBlock2:0, Thermal Evaporation Block
Mekanism:BasicBlock2:1, Induction Casing
Mekanism:BasicBlock2:2, Induction Port
Mekanism:BasicBlock2:3, Basic Induction Cell
Mekanism:BasicBlock2:3, Advanced Induction Cell
Mekanism:BasicBlock2:3, Elite Induction Cell
Mekanism:BasicBlock2:3, Ultimate Induction Cell
Mekanism:BasicBlock2:4, Basic Induction Provider
Mekanism:BasicBlock2:4, Advanced Induction Provider
Mekanism:BasicBlock2:4, Elite Induction Provider
Mekanism:BasicBlock2:4, Ultimate Induction Provider
Mekanism:BasicBlock2:5, Superheating Element
Mekanism:BasicBlock2:6, Pressure Disperser
Mekanism:BasicBlock2:7, Boiler Casing
Mekanism:BasicBlock2:8, Boiler Valve
Mekanism:BasicBlock2:9, Security Desk
Mekanism:OreBlock:0, Osmium Ore
Mekanism:OreBlock:1, Copper Ore
Mekanism:OreBlock:2, Tin Ore
Mekanism:EnergyCube, tile.EnergyCube.name
Mekanism:ObsidianTNT, Obsidian TNT
Mekanism:BoundingBlock, Bounding Block
Mekanism:GasTank:0, Basic Gas Tank
Mekanism:GasTank:0, Advanced Gas Tank
Mekanism:GasTank:0, Elite Gas Tank
Mekanism:GasTank:0, Ultimate Gas Tank
Mekanism:CardboardBox, Cardboard Box
Mekanism:PlasticBlock:0, §8Black Plastic Block
Mekanism:PlasticBlock:1, §cRed Plastic Block
Mekanism:PlasticBlock:2, §2Green Plastic Block
Mekanism:PlasticBlock:3, §6Brown Plastic Block
Mekanism:PlasticBlock:4, §1Blue Plastic Block
Mekanism:PlasticBlock:5, §5Purple Plastic Block
Mekanism:PlasticBlock:6, §3Cyan Plastic Block
Mekanism:PlasticBlock:7, §7Light Grey Plastic Block
Mekanism:PlasticBlock:8, §8Grey Plastic Block
Mekanism:PlasticBlock:9, §dPink Plastic Block
Mekanism:PlasticBlock:10, §aLime Plastic Block
Mekanism:PlasticBlock:11, §eYellow Plastic Block
Mekanism:PlasticBlock:12, §9Light Blue Plastic Block
Mekanism:PlasticBlock:13, §dMagenta Plastic Block
Mekanism:PlasticBlock:14, §6Orange Plastic Block
Mekanism:PlasticBlock:15, §fWhite Plastic Block
Mekanism:SlickPlasticBlock:0, §8Black Slick Plastic Block
Mekanism:SlickPlasticBlock:1, §cRed Slick Plastic Block
Mekanism:SlickPlasticBlock:2, §2Green Slick Plastic Block
Mekanism:SlickPlasticBlock:3, §6Brown Slick Plastic Block
Mekanism:SlickPlasticBlock:4, §1Blue Slick Plastic Block
Mekanism:SlickPlasticBlock:5, §5Purple Slick Plastic Block
Mekanism:SlickPlasticBlock:6, §3Cyan Slick Plastic Block
Mekanism:SlickPlasticBlock:7, §7Light Grey Slick Plastic Block
Mekanism:SlickPlasticBlock:8, §8Grey Slick Plastic Block
Mekanism:SlickPlasticBlock:9, §dPink Slick Plastic Block
Mekanism:SlickPlasticBlock:10, §aLime Slick Plastic Block
Mekanism:SlickPlasticBlock:11, §eYellow Slick Plastic Block
Mekanism:SlickPlasticBlock:12, §9Light Blue Slick Plastic Block
Mekanism:SlickPlasticBlock:13, §dMagenta Slick Plastic Block
Mekanism:SlickPlasticBlock:14, §6Orange Slick Plastic Block
Mekanism:SlickPlasticBlock:15, §fWhite Slick Plastic Block
Mekanism:GlowPlasticBlock:0, §8Black Plastic Glow Block
Mekanism:GlowPlasticBlock:1, §cRed Plastic Glow Block
Mekanism:GlowPlasticBlock:2, §2Green Plastic Glow Block
Mekanism:GlowPlasticBlock:3, §6Brown Plastic Glow Block
Mekanism:GlowPlasticBlock:4, §1Blue Plastic Glow Block
Mekanism:GlowPlasticBlock:5, §5Purple Plastic Glow Block
Mekanism:GlowPlasticBlock:6, §3Cyan Plastic Glow Block
Mekanism:GlowPlasticBlock:7, §7Light Grey Plastic Glow Block
Mekanism:GlowPlasticBlock:8, §8Grey Plastic Glow Block
Mekanism:GlowPlasticBlock:9, §dPink Plastic Glow Block
Mekanism:GlowPlasticBlock:10, §aLime Plastic Glow Block
Mekanism:GlowPlasticBlock:11, §eYellow Plastic Glow Block
Mekanism:GlowPlasticBlock:12, §9Light Blue Plastic Glow Block
Mekanism:GlowPlasticBlock:13, §dMagenta Plastic Glow Block
Mekanism:GlowPlasticBlock:14, §6Orange Plastic Glow Block
Mekanism:GlowPlasticBlock:15, §fWhite Plastic Glow Block
Mekanism:ReinforcedPlasticBlock:0, §8Black Reinforced Plastic Block
Mekanism:ReinforcedPlasticBlock:1, §cRed Reinforced Plastic Block
Mekanism:ReinforcedPlasticBlock:2, §2Green Reinforced Plastic Block
Mekanism:ReinforcedPlasticBlock:3, §6Brown Reinforced Plastic Block
Mekanism:ReinforcedPlasticBlock:4, §1Blue Reinforced Plastic Block
Mekanism:ReinforcedPlasticBlock:5, §5Purple Reinforced Plastic Block
Mekanism:ReinforcedPlasticBlock:6, §3Cyan Reinforced Plastic Block
Mekanism:ReinforcedPlasticBlock:7, §7Light Grey Reinforced Plastic Block
Mekanism:ReinforcedPlasticBlock:8, §8Grey Reinforced Plastic Block
Mekanism:ReinforcedPlasticBlock:9, §dPink Reinforced Plastic Block
Mekanism:ReinforcedPlasticBlock:10, §aLime Reinforced Plastic Block
Mekanism:ReinforcedPlasticBlock:11, §eYellow Reinforced Plastic Block
Mekanism:ReinforcedPlasticBlock:12, §9Light Blue Reinforced Plastic Block
Mekanism:ReinforcedPlasticBlock:13, §dMagenta Reinforced Plastic Block
Mekanism:ReinforcedPlasticBlock:14, §6Orange Reinforced Plastic Block
Mekanism:ReinforcedPlasticBlock:15, §fWhite Reinforced Plastic Block
Mekanism:RoadPlasticBlock:0, §8Black Plastic Road
Mekanism:RoadPlasticBlock:1, §cRed Plastic Road
Mekanism:RoadPlasticBlock:2, §2Green Plastic Road
Mekanism:RoadPlasticBlock:3, §6Brown Plastic Road
Mekanism:RoadPlasticBlock:4, §1Blue Plastic Road
Mekanism:RoadPlasticBlock:5, §5Purple Plastic Road
Mekanism:RoadPlasticBlock:6, §3Cyan Plastic Road
Mekanism:RoadPlasticBlock:7, §7Light Grey Plastic Road
Mekanism:RoadPlasticBlock:8, §8Grey Plastic Road
Mekanism:RoadPlasticBlock:9, §dPink Plastic Road
Mekanism:RoadPlasticBlock:10, §aLime Plastic Road
Mekanism:RoadPlasticBlock:11, §eYellow Plastic Road
Mekanism:RoadPlasticBlock:12, §9Light Blue Plastic Road
Mekanism:RoadPlasticBlock:13, §dMagenta Plastic Road
Mekanism:RoadPlasticBlock:14, §6Orange Plastic Road
Mekanism:RoadPlasticBlock:15, §fWhite Plastic Road
Mekanism:PlasticFence:0, §8Black Plastic Barrier
Mekanism:PlasticFence:1, §cRed Plastic Barrier
Mekanism:PlasticFence:2, §2Green Plastic Barrier
Mekanism:PlasticFence:3, §6Brown Plastic Barrier
Mekanism:PlasticFence:4, §1Blue Plastic Barrier
Mekanism:PlasticFence:5, §5Purple Plastic Barrier
Mekanism:PlasticFence:6, §3Cyan Plastic Barrier
Mekanism:PlasticFence:7, §7Light Grey Plastic Barrier
Mekanism:PlasticFence:8, §8Grey Plastic Barrier
Mekanism:PlasticFence:9, §dPink Plastic Barrier
Mekanism:PlasticFence:10, §aLime Plastic Barrier
Mekanism:PlasticFence:11, §eYellow Plastic Barrier
Mekanism:PlasticFence:12, §9Light Blue Plastic Barrier
Mekanism:PlasticFence:13, §dMagenta Plastic Barrier
Mekanism:PlasticFence:14, §6Orange Plastic Barrier
Mekanism:PlasticFence:15, §fWhite Plastic Barrier
Mekanism:SaltBlock, Salt Block
additionalrecipes:tempered_Obsidian, Tempered Obsidian
additionalrecipes:tempered_Glass, Tempered Glass
additionalrecipes:tempered_dark_Glass, Tempered Dark Glass
alchemyrocks:tile.VermiculiteBlock, Vermiculite Block
alchemyrocks:tile.ChromiumBlock, Chromium Block
alchemyrocks:tile.PeridotBlock, Peridot Block
alchemyrocks:tile.BarsBlock, Bars Block
alchemyrocks:tile.GneissPolished, Polished Gneiss
alchemyrocks:tile.GneissBrick, Gneiss Brick
alchemyrocks:tile.GranodioritePolished, Polished Granodiorite
alchemyrocks:tile.GranodioriteBrick, Granodiorite Brick
alchemyrocks:tile.GranulitePolished, Polished Granulite
alchemyrocks:tile.GranuliteBrick, Granulite Brick
alchemyrocks:tile.NephelinePolished, Polished Nepheline
alchemyrocks:tile.NephelineBrick, Nepheline Brick
alchemyrocks:tile.PicritePolished, Polished Picrite
alchemyrocks:tile.PicriteBrick, Picrite Brick
alchemyrocks:tile.QuartzMonzonitePolished, Polished Quartz Monzonite
alchemyrocks:tile.QuartzMonzoniteBrick, Quartz Monzonite Brick
alchemyrocks:tile.SyenitePolished, Polished Syenite
alchemyrocks:tile.SyeniteBrick, Syenite Brick
alchemyrocks:tile.AnthraciteBlock, Anthracite Block
alchemyrocks:tile.LigniteBlock, Lignite Block
alchemyrocks:tile.InfusedMigmatite, Infused Migmatite
alchemyrocks:tile.Aplite, Aplite
alchemyrocks:tile.Anorthosite, Anorthosite
alchemyrocks:tile.Carbonatite, Carbonatite
alchemyrocks:tile.Dacite, Dacite
alchemyrocks:tile.Foidolite, Foidolite
alchemyrocks:tile.Granodiorite, Granodiorite
alchemyrocks:tile.Lamprophyre, Lamprophyre
alchemyrocks:tile.Nepheline, Nepheline
alchemyrocks:tile.Picrite, Picrite
alchemyrocks:tile.QuartzMonzonite, Quartz Monozonite
alchemyrocks:tile.Syenite, Syenite
alchemyrocks:tile.Peridotite, Peridotite
alchemyrocks:tile.Jaspillite, Jaspillite
alchemyrocks:tile.Lignite, Lignite
alchemyrocks:tile.Shale, Shale
alchemyrocks:tile.Anthracite, Anthracite
alchemyrocks:tile.Eclogite, Eclogite
alchemyrocks:tile.Gneiss, Gneiss
alchemyrocks:tile.Granulite, Granulite
alchemyrocks:tile.Jasperoid, Jasperoid
alchemyrocks:tile.RockEssenceCrop, Rock Essence Crop
alchemyrocks:tile.Migmatite, Migmatite
alchemyrocks:tile.MigmatiteFarmland, Migmatite Farmland
securitycraft:laserBlock, Laser Block 
securitycraft:laser, Laser 
securitycraft:keypad, Keypad
securitycraft:mine, Mine
securitycraft:mineCut, tile.securitycraft:mineCut.name
securitycraft:dirtMine, Dirt Mine
securitycraft:stoneMine, Stone Mine
securitycraft:cobblestoneMine, Cobblestone Mine
securitycraft:diamondMine, Diamond Ore Mine
securitycraft:sandMine, Sand Mine
securitycraft:furnaceMine, Furnace Mine
securitycraft:retinalScanner, Retinal Scanner
securitycraft:ironDoorReinforced, Reinforced Door
securitycraft:bogusLava, Fake Lava
securitycraft:bogusLavaFlowing, tile.securitycraft:bogusLavaFlowing.name
securitycraft:bogusWater, Fake Water
securitycraft:bogusWaterFlowing, tile.securitycraft:bogusWaterFlowing.name
securitycraft:keycardReader, Keycard Reader
securitycraft:ironTrapdoor, Iron Trapdoor
securitycraft:bouncingBetty, Bouncing Betty
securitycraft:inventoryScanner, Inventory Scanner
securitycraft:inventoryScannerField, Inventory Scanner Field
securitycraft:trackMine, Track Mine
securitycraft:cageTrap, Cage Trap
securitycraft:portableRadar, Portable Radar
securitycraft:deactivatedCageTrap, Deactivated Cage Trap
securitycraft:reinforcedStone, Reinforced Stone
securitycraft:keypadChest, Password-protected Chest
securitycraft:usernameLogger, Username Logger
securitycraft:reinforcedGlass, Reinforced Glass Pane
securitycraft:alarm, Alarm
securitycraft:alarmLit, tile.securitycraft:alarmLit.name
securitycraft:reinforcedIronBars, Reinforced Iron Bars
securitycraft:reinforcedSandstone:0, Reinforced Sandstone
securitycraft:reinforcedSandstone:1, Reinforced Chiseled Sandstone
securitycraft:reinforcedSandstone:2, Reinforced Smooth Sandstone
securitycraft:reinforcedDirt, Reinforced Dirt
securitycraft:reinforcedCobblestone, Reinforced Cobblestone
securitycraft:reinforcedFenceGate, Electrified Iron Fence Gate
securitycraft:reinforcedPlanks:0, Reinforced Oak Planks
securitycraft:reinforcedPlanks:1, Reinforced Spruce Planks
securitycraft:reinforcedPlanks:2, Reinforced Birch Planks
securitycraft:reinforcedPlanks:3, Reinforced Jungle Planks
securitycraft:reinforcedPlanks:4, Reinforced Acacia Planks
securitycraft:reinforcedPlanks:5, Reinforced Dark Oak Planks
securitycraft:panicButton, Panic Button
securitycraft:keypadFrame, Frame
securitycraft:claymoreActive, Claymore
securitycraft:claymoreDefused, Claymore
securitycraft:keypadFurnace, Password-protected Furnace
securitycraft:securityCamera, Security Camera
securitycraft:reinforcedStairsOak, Reinforced Oak Stairs
securitycraft:reinforcedStairsSpruce, Reinforced Spruce Stairs
securitycraft:reinforcedStairsBirch, Reinforced Birch Stairs
securitycraft:reinforcedStairsJungle, Reinforced Jungle Stairs
securitycraft:reinforcedStairsAcacia, Reinforced Acacia Stairs
securitycraft:reinforcedStairsDarkoak, Reinforced Dark Oak Stairs
securitycraft:reinforcedStairsStone, Reinforced Stone Stairs
securitycraft:reinforcedStairsCobblestone, Reinforced Cobblestone Stairs
securitycraft:reinforcedStairsSandstone, Reinforced Sandstone Stairs
securitycraft:scIronFence, Electrified Iron Fence
securitycraft:ims, Intelligent Munitions System 
securitycraft:reinforcedGlassBlock, Reinforced Glass
securitycraft:reinforcedStainedGlass:0, Reinforced White Stained Glass
securitycraft:reinforcedStainedGlass:1, Reinforced Orange Stained Glass
securitycraft:reinforcedStainedGlass:2, Reinforced Magenta Stained Glass
securitycraft:reinforcedStainedGlass:3, Reinforced Light Blue Stained Glass
securitycraft:reinforcedStainedGlass:4, Reinforced Yellow Stained Glass
securitycraft:reinforcedStainedGlass:5, Reinforced Lime Stained Glass
securitycraft:reinforcedStainedGlass:6, Reinforced Pink Stained Glass
securitycraft:reinforcedStainedGlass:7, Reinforced Gray Stained Glass
securitycraft:reinforcedStainedGlass:8, Reinforced Light Gray Stained Glass
securitycraft:reinforcedStainedGlass:9, Reinforced Cyan Stained Glass
securitycraft:reinforcedStainedGlass:10, Reinforced Purple Stained Glass
securitycraft:reinforcedStainedGlass:11, Reinforced Blue Stained Glass
securitycraft:reinforcedStainedGlass:12, Reinforced Brown Stained Glass
securitycraft:reinforcedStainedGlass:13, Reinforced Green Stained Glass
securitycraft:reinforcedStainedGlass:14, Reinforced Red Stained Glass
securitycraft:reinforcedStainedGlass:15, Reinforced Black Stained Glass
securitycraft:reinforcedStainedGlassPanes:0, Reinforced White Stained Glass Pane
securitycraft:reinforcedStainedGlassPanes:1, Reinforced Orange Stained Glass Pane
securitycraft:reinforcedStainedGlassPanes:2, Reinforced Magenta Stained Glass Pane
securitycraft:reinforcedStainedGlassPanes:3, Reinforced Light Blue Stained Glass Pane
securitycraft:reinforcedStainedGlassPanes:4, Reinforced Yellow Stained Glass Pane
securitycraft:reinforcedStainedGlassPanes:5, Reinforced Lime Stained Glass Pane
securitycraft:reinforcedStainedGlassPanes:6, Reinforced Pink Stained Glass Pane
securitycraft:reinforcedStainedGlassPanes:7, Reinforced Gray Stained Glass Pane
securitycraft:reinforcedStainedGlassPanes:8, Reinforced Light Gray Stained Glass Pane
securitycraft:reinforcedStainedGlassPanes:9, Reinforced Cyan Stained Glass Pane
securitycraft:reinforcedStainedGlassPanes:10, Reinforced Purple Stained Glass Pane
securitycraft:reinforcedStainedGlassPanes:11, Reinforced Blue Stained Glass Pane
securitycraft:reinforcedStainedGlassPanes:12, Reinforced Brown Stained Glass Pane
securitycraft:reinforcedStainedGlassPanes:13, Reinforced Green Stained Glass Pane
securitycraft:reinforcedStainedGlassPanes:14, Reinforced Red Stained Glass Pane
securitycraft:reinforcedStainedGlassPanes:15, Reinforced Black Stained Glass Pane
securitycraft:reinforcedWoodSlabs:0, Reinforced Oak Wood Slab
securitycraft:reinforcedWoodSlabs:1, Reinforced Spruce Wood Slab
securitycraft:reinforcedWoodSlabs:2, Reinforced Birch Wood Slab
securitycraft:reinforcedWoodSlabs:3, Reinforced Jungle Wood Slab
securitycraft:reinforcedWoodSlabs:4, Reinforced Acacia Wood Slab
securitycraft:reinforcedWoodSlabs:5, Reinforced Dark Oak Wood Slab
securitycraft:reinforcedStoneSlabs:0, Reinforced Stone Slab
securitycraft:reinforcedStoneSlabs:1, Reinforced Cobblestone Slab
securitycraft:reinforcedStoneSlabs:2, Reinforced Sandstone Slab
securitycraft:reinforcedStoneSlabs:4, Reinforced Stone Bricks Slab
securitycraft:reinforcedStoneSlabs:5, Reinforced Brick Slab
securitycraft:reinforcedStoneSlabs:6, Reinforced Nether Brick Slab
securitycraft:reinforcedStoneSlabs:7, Reinforced Quartz Slab
securitycraft:reinforcedDirtSlab:3, Reinforced Dirt Slab
securitycraft:reinforcedDoubleWoodSlabs, tile.securitycraft:reinforcedDoubleWoodSlabs.name
securitycraft:reinforcedDoubleStoneSlabs, tile.securitycraft:reinforcedDoubleStoneSlabs.name
securitycraft:reinforcedDoubleDirtSlab, tile.securitycraft:reinforcedDoubleDirtSlab.name
securitycraft:protecto, Protecto
securitycraft:scannerDoor, Scanner Door
securitycraft:reinforcedStoneBrick:0, Reinforced Stone Bricks
securitycraft:reinforcedStoneBrick:1, Reinforced Mossy Stone Bricks
securitycraft:reinforcedStoneBrick:2, Reinforced Cracked Stone Bricks
securitycraft:reinforcedStoneBrick:3, Reinforced Chiseled Stone Bricks
securitycraft:reinforcedStairsStoneBrick, Reinforced Stone Brick Stairs
securitycraft:reinforcedStairsQuartz, Reinforced Quartz Stairs
securitycraft:reinforcedMossyCobblestone, Reinforced Moss Stone
securitycraft:reinforcedBrick, Reinforced Bricks
securitycraft:reinforcedStairsBrick, Reinforced Brick Stairs
securitycraft:reinforcedNetherBrick, Reinforced Nether Brick
securitycraft:reinforcedStairsNetherBrick, Reinforced Nether Brick Stairs
securitycraft:reinforcedHardenedClay, Reinforced Hardened Clay
securitycraft:reinforcedStainedHardenedClay:0, Reinforced White Stained Clay
securitycraft:reinforcedStainedHardenedClay:1, Reinforced Orange Stained Clay
securitycraft:reinforcedStainedHardenedClay:2, Reinforced Magenta Stained Clay
securitycraft:reinforcedStainedHardenedClay:3, Reinforced Light Blue Stained Clay
securitycraft:reinforcedStainedHardenedClay:4, Reinforced Yellow Stained Clay
securitycraft:reinforcedStainedHardenedClay:5, Reinforced Lime Stained Clay
securitycraft:reinforcedStainedHardenedClay:6, Reinforced Pink Stained Clay
securitycraft:reinforcedStainedHardenedClay:7, Reinforced Gray Stained Clay
securitycraft:reinforcedStainedHardenedClay:8, Reinforced Light Gray Stained Clay
securitycraft:reinforcedStainedHardenedClay:9, Reinforced Cyan Stained Clay
securitycraft:reinforcedStainedHardenedClay:10, Reinforced Purple Stained Clay
securitycraft:reinforcedStainedHardenedClay:11, Reinforced Blue Stained Clay
securitycraft:reinforcedStainedHardenedClay:12, Reinforced Brown Stained Clay
securitycraft:reinforcedStainedHardenedClay:13, Reinforced Green Stained Clay
securitycraft:reinforcedStainedHardenedClay:14, Reinforced Red Stained Clay
securitycraft:reinforcedStainedHardenedClay:15, Reinforced Black Stained Clay
securitycraft:reinforcedLogs:0, Reinforced Oak Wood
securitycraft:reinforcedLogs:1, Reinforced Spruce Wood
securitycraft:reinforcedLogs:2, Reinforced Birch Wood
securitycraft:reinforcedLogs:3, Reinforced Jungle Wood
securitycraft:reinforcedLogs2:0, Reinforced Acacia Wood
securitycraft:reinforcedLogs2:1, Reinforced Dark Oak Wood
securitycraft:reinforcedMetals:0, Reinforced Block of Gold
securitycraft:reinforcedMetals:1, Reinforced Block of Iron
securitycraft:reinforcedMetals:2, Reinforced Block of Diamond
securitycraft:reinforcedMetals:3, Reinforced Block of Emerald
securitycraft:reinforcedCompressedBlocks:0, Reinforced Lapis Lazuli Block
securitycraft:reinforcedCompressedBlocks:1, Reinforced Block of Coal
securitycraft:reinforcedWool:0, Reinforced Wool
securitycraft:reinforcedWool:1, Reinforced Orange Wool
securitycraft:reinforcedWool:2, Reinforced Magenta Wool
securitycraft:reinforcedWool:3, Reinforced Light Blue Wool
securitycraft:reinforcedWool:4, Reinforced Yellow Wool
securitycraft:reinforcedWool:5, Reinforced Lime Wool
securitycraft:reinforcedWool:6, Reinforced Pink Wool
securitycraft:reinforcedWool:7, Reinforced Gray Wool
securitycraft:reinforcedWool:8, Reinforced Light Gray Wool
securitycraft:reinforcedWool:9, Reinforced Cyan Wool
securitycraft:reinforcedWool:10, Reinforced Purple Wool
securitycraft:reinforcedWool:11, Reinforced Blue Wool
securitycraft:reinforcedWool:12, Reinforced Brown Wool
securitycraft:reinforcedWool:13, Reinforced Green Wool
securitycraft:reinforcedWool:14, Reinforced Red Wool
securitycraft:reinforcedWool:15, Reinforced Black Wool
securitycraft:reinforcedQuartz:0, Reinforced Block of Quartz
securitycraft:reinforcedQuartz:1, Reinforced Chiseled Quartz Block
securitycraft:reinforcedQuartz:2, Reinforced Pillar Quartz Block
securitycraft:secretSignWall, tile.securitycraft:secretSign.name
securitycraft:secretSignStanding, tile.securitycraft:secretSign.name
securitycraft:motionActivatedLightOff, Motion-Activated Light
securitycraft:motionActivatedLightOn, Motion-Activated Light
securitycraft:reinforcedObsidian, Reinforced Obsidian
securitycraft:reinforcedNetherrack, Reinforced Netherrack
securitycraft:reinforcedEndStone, Reinforced End Stone
securitycraft:reinforcedCarpet:0, Reinforced Carpet
securitycraft:reinforcedCarpet:1, Reinforced Orange Carpet
securitycraft:reinforcedCarpet:2, Reinforced Magenta Carpet
securitycraft:reinforcedCarpet:3, Reinforced Light Blue Carpet
securitycraft:reinforcedCarpet:4, Reinforced Yellow Carpet
securitycraft:reinforcedCarpet:5, Reinforced Lime Carpet
securitycraft:reinforcedCarpet:6, Reinforced Pink Carpet
securitycraft:reinforcedCarpet:7, Reinforced Gray Carpet
securitycraft:reinforcedCarpet:8, Reinforced Light Gray Carpet
securitycraft:reinforcedCarpet:9, Reinforced Cyan Carpet
securitycraft:reinforcedCarpet:10, Reinforced Purple Carpet
securitycraft:reinforcedCarpet:11, Reinforced Blue Carpet
securitycraft:reinforcedCarpet:12, Reinforced Brown Carpet
securitycraft:reinforcedCarpet:13, Reinforced Green Carpet
securitycraft:reinforcedCarpet:14, Reinforced Red Carpet
securitycraft:reinforcedCarpet:15, Reinforced Black Carpet
securitycraft:reinforcedGlowstone, Reinforced Glowstone
securitycraft:gravelMine, Gravel Mine
securitycraft:reinforcedSand, Reinforced Sand
securitycraft:reinforcedGravel, Reinforced Gravel
securitycraft:trophySystem, Trophy System
securitycraft:crystalQuartz:0, Block of Crystal Quartz
securitycraft:crystalQuartz:1, Chiseled Crystal Quartz Block
securitycraft:crystalQuartz:2, Pillar Crystal Quartz Block
securitycraft:reinforcedCrystalQuartz:0, Reinforced Block of Crystal Quartz
securitycraft:reinforcedCrystalQuartz:1, Reinforced Chiseled Crystal Quartz Block
securitycraft:reinforcedCrystalQuartz:2, Reinforced Pillar Crystal Quartz Block
securitycraft:crystalQuartzSlab:0, Crystal Quartz Slab
securitycraft:doubleCrystalQuartzSlab, tile.securitycraft:doubleCrystalQuartzSlab.name
securitycraft:reinforcedCrystalQuartzSlab:0, Reinforced Crystal Quartz Slab
securitycraft:reinforcedDoubleCrystalQuartzSlab, tile.securitycraft:reinforcedDoubleCrystalQuartzSlab.name
securitycraft:stairsCrystalQuartz, Crystal Quartz Stairs
securitycraft:reinforcedStairsCrystalQuartz, Reinforced Crystal Quartz Stairs
securitycraft:blockPocketWall, Block Pocket Wall
securitycraft:blockPocketManager, Block Pocket Manager
securitycraft:reinforced_stone_pressure_plate, Reinforced Stone Pressure Plate
BuildCraft|Core:eternalSpring:0, Water Spring
BuildCraft|Core:eternalSpring:1, Oil Spring
BuildCraft|Core:buildToolBlock, tile.buildToolBlock.name
BuildCraft|Core:engineBlock:0, Redstone Engine
BuildCraft|Core:engineBlock:1, Stirling Engine
BuildCraft|Core:engineBlock:2, Combustion Engine
BuildCraft|Core:engineBlock:3, Creative Engine
BuildCraft|Core:markerBlock, Land Mark
BuildCraft|Core:pathMarkerBlock, Path Mark
BuildCraft|Factory:miningWellBlock, Mining Well
BuildCraft|Factory:plainPipeBlock, Mining Pipe
BuildCraft|Factory:autoWorkbenchBlock, Auto Workbench
BuildCraft|Factory:tankBlock, Tank
BuildCraft|Factory:pumpBlock, Pump
BuildCraft|Factory:floodGateBlock, Flood Gate
BuildCraft|Factory:refineryBlock, Refinery
BuildCraft|Factory:blockHopper, Chute
BuildCraft|Energy:blockOil, Oil
BuildCraft|Energy:blockFuel, Fuel
BuildCraft|Energy:blockRedPlasma, tile.blockRedPlasma.name
BuildCraft|Builders:machineBlock, Quarry
BuildCraft|Builders:fillerBlock, Filler
BuildCraft|Builders:frameBlock, Frame
BuildCraft|Builders:builderBlock, Builder
BuildCraft|Builders:architectBlock, Architect Table
BuildCraft|Builders:libraryBlock, Electronic Library
BuildCraft|Builders:constructionMarkerBlock, Construction Mark
BuildCraft|Silicon:laserBlock, Laser
BuildCraft|Silicon:laserTableBlock:0, Assembly Table
BuildCraft|Silicon:laserTableBlock:1, Advanced Crafting Table
BuildCraft|Silicon:laserTableBlock:2, Integration Table
BuildCraft|Silicon:laserTableBlock:3, Charging Table
BuildCraft|Silicon:laserTableBlock:4, Programming Table
BuildCraft|Silicon:laserTableBlock:5, Stamping Table
BuildCraft|Silicon:packagerBlock, Recipe Packager
BuildCraft|Robotics:zonePlan, Zone Planner
BuildCraft|Robotics:requester, Requester
BuildCraft|Transport:filteredBufferBlock, Filtered Buffer
BuildCraft|Transport:pipeBlock, tile.pipeBlock.name
ThermalFoundation:Ore:0, Copper Ore
ThermalFoundation:Ore:1, Tin Ore
ThermalFoundation:Ore:2, Silver Ore
ThermalFoundation:Ore:3, Lead Ore
ThermalFoundation:Ore:4, Ferrous Ore
ThermalFoundation:Ore:5, Shiny Ore
ThermalFoundation:Ore:6, Mana Infused Ore
ThermalFoundation:Storage:0, Copper Block
ThermalFoundation:Storage:1, Tin Block
ThermalFoundation:Storage:2, Silver Block
ThermalFoundation:Storage:3, Lead Block
ThermalFoundation:Storage:4, Ferrous Block
ThermalFoundation:Storage:5, Shiny Block
ThermalFoundation:Storage:6, Mana Infused Block
ThermalFoundation:Storage:7, Electrum Block
ThermalFoundation:Storage:8, Invar Block
ThermalFoundation:Storage:9, Bronze Block
ThermalFoundation:Storage:10, Signalum Block
ThermalFoundation:Storage:11, Lumium Block
ThermalFoundation:Storage:12, Enderium Block
ThermalFoundation:FluidRedstone, Destabilized Redstone
ThermalFoundation:FluidGlowstone, Energized Glowstone
ThermalFoundation:FluidEnder, Resonant Ender
ThermalFoundation:FluidPyrotheum, Blazing Pyrotheum
ThermalFoundation:FluidCryotheum, Gelid Cryotheum
ThermalFoundation:FluidAerotheum, Zephyrean Aerotheum
ThermalFoundation:FluidPetrotheum, Tectonic Petrotheum
ThermalFoundation:FluidMana, Primal Mana
ThermalFoundation:FluidSteam, Steam
ThermalFoundation:FluidCoal, Liquifacted Coal
ExtraUtilities:chestMini, Mini-Chest
ExtraUtilities:chestFull, Slightly Larger Chest
ExtraUtilities:enderCollector, Ender Collector
ExtraUtilities:endConstructor:0, QED (Quantum Ender Device)
ExtraUtilities:endConstructor:2, Ender-Flux Crystal
ExtraUtilities:endMarker, Ender-Marker
ExtraUtilities:curtains, Blackout Curtains
ExtraUtilities:angelBlock, Angel Block
ExtraUtilities:budoff:0, Block Update Detector
ExtraUtilities:budoff:3, Block Update Detector (Advanced)
ExtraUtilities:chandelier, Chandelier
ExtraUtilities:decorativeBlock1:0, Edged Stone Bricks
ExtraUtilities:decorativeBlock1:1, Ender-infused Obsidian
ExtraUtilities:decorativeBlock1:2, Burnt Quartz
ExtraUtilities:decorativeBlock1:3, Frosted Stone
ExtraUtilities:decorativeBlock1:4, Border Stone
ExtraUtilities:decorativeBlock1:5, Unstable Ingot Block
ExtraUtilities:decorativeBlock1:6, Gravel Bricks
ExtraUtilities:decorativeBlock1:7, Border Stone (Alternate)
ExtraUtilities:decorativeBlock1:8, Magical Wood
ExtraUtilities:decorativeBlock1:9, Sandy Glass
ExtraUtilities:decorativeBlock1:10, Gravel Road
ExtraUtilities:decorativeBlock1:11, Ender Core
ExtraUtilities:decorativeBlock1:12, Diamond-Etched Computational Matrix
ExtraUtilities:decorativeBlock1:13, Ender-Sand Alloy
ExtraUtilities:decorativeBlock1:14, Carved 'Eminence' Stone
ExtraUtilities:decorativeBlock2:0, Thickened Glass
ExtraUtilities:decorativeBlock2:1, Edged Glass
ExtraUtilities:decorativeBlock2:2, Glass Bricks
ExtraUtilities:decorativeBlock2:3, Carved Glass
ExtraUtilities:decorativeBlock2:4, Golden Edged Glass
ExtraUtilities:decorativeBlock2:5, Obsidian Glass
ExtraUtilities:decorativeBlock2:6, Swirling Glass
ExtraUtilities:decorativeBlock2:7, Glowstone Glass
ExtraUtilities:decorativeBlock2:8, Heart Glass
ExtraUtilities:decorativeBlock2:9, Square Glass
ExtraUtilities:decorativeBlock2:10, Dark Glass
ExtraUtilities:decorativeBlock2:11, Reinforced Dark Glass
ExtraUtilities:pureLove, tile.extrautils:pureLove.name
ExtraUtilities:block_bedrockium, Block of Bedrockium
ExtraUtilities:datablock, tile.extrautils:datablock.name
ExtraUtilities:colorStoneBrick:0, Colored Stone Bricks (White Frequency)
ExtraUtilities:colorStoneBrick:1, Colored Stone Bricks (Orange Frequency)
ExtraUtilities:colorStoneBrick:2, Colored Stone Bricks (Magenta Frequency)
ExtraUtilities:colorStoneBrick:3, Colored Stone Bricks (Light Blue Frequency)
ExtraUtilities:colorStoneBrick:4, Colored Stone Bricks (Yellow Frequency)
ExtraUtilities:colorStoneBrick:5, Colored Stone Bricks (Lime Frequency)
ExtraUtilities:colorStoneBrick:6, Colored Stone Bricks (Pink Frequency)
ExtraUtilities:colorStoneBrick:7, Colored Stone Bricks (Gray Frequency)
ExtraUtilities:colorStoneBrick:8, Colored Stone Bricks (Light Gray Frequency)
ExtraUtilities:colorStoneBrick:9, Colored Stone Bricks (Cyan Frequency)
ExtraUtilities:colorStoneBrick:10, Colored Stone Bricks (Purple Frequency)
ExtraUtilities:colorStoneBrick:11, Colored Stone Bricks (Blue Frequency)
ExtraUtilities:colorStoneBrick:12, Colored Stone Bricks (Brown Frequency)
ExtraUtilities:colorStoneBrick:13, Colored Stone Bricks (Green Frequency)
ExtraUtilities:colorStoneBrick:14, Colored Stone Bricks (Red Frequency)
ExtraUtilities:colorStoneBrick:15, Colored Stone Bricks (Black Frequency)
ExtraUtilities:colorWoodPlanks:0, Colored Oak Wood Planks (White Frequency)
ExtraUtilities:colorWoodPlanks:1, Colored Oak Wood Planks (Orange Frequency)
ExtraUtilities:colorWoodPlanks:2, Colored Oak Wood Planks (Magenta Frequency)
ExtraUtilities:colorWoodPlanks:3, Colored Oak Wood Planks (Light Blue Frequency)
ExtraUtilities:colorWoodPlanks:4, Colored Oak Wood Planks (Yellow Frequency)
ExtraUtilities:colorWoodPlanks:5, Colored Oak Wood Planks (Lime Frequency)
ExtraUtilities:colorWoodPlanks:6, Colored Oak Wood Planks (Pink Frequency)
ExtraUtilities:colorWoodPlanks:7, Colored Oak Wood Planks (Gray Frequency)
ExtraUtilities:colorWoodPlanks:8, Colored Oak Wood Planks (Light Gray Frequency)
ExtraUtilities:colorWoodPlanks:9, Colored Oak Wood Planks (Cyan Frequency)
ExtraUtilities:colorWoodPlanks:10, Colored Oak Wood Planks (Purple Frequency)
ExtraUtilities:colorWoodPlanks:11, Colored Oak Wood Planks (Blue Frequency)
ExtraUtilities:colorWoodPlanks:12, Colored Oak Wood Planks (Brown Frequency)
ExtraUtilities:colorWoodPlanks:13, Colored Oak Wood Planks (Green Frequency)
ExtraUtilities:colorWoodPlanks:14, Colored Oak Wood Planks (Red Frequency)
ExtraUtilities:colorWoodPlanks:15, Colored Oak Wood Planks (Black Frequency)
ExtraUtilities:color_lightgem:0, Colored Glowstone (White Frequency)
ExtraUtilities:color_lightgem:1, Colored Glowstone (Orange Frequency)
ExtraUtilities:color_lightgem:2, Colored Glowstone (Magenta Frequency)
ExtraUtilities:color_lightgem:3, Colored Glowstone (Light Blue Frequency)
ExtraUtilities:color_lightgem:4, Colored Glowstone (Yellow Frequency)
ExtraUtilities:color_lightgem:5, Colored Glowstone (Lime Frequency)
ExtraUtilities:color_lightgem:6, Colored Glowstone (Pink Frequency)
ExtraUtilities:color_lightgem:7, Colored Glowstone (Gray Frequency)
ExtraUtilities:color_lightgem:8, Colored Glowstone (Light Gray Frequency)
ExtraUtilities:color_lightgem:9, Colored Glowstone (Cyan Frequency)
ExtraUtilities:color_lightgem:10, Colored Glowstone (Purple Frequency)
ExtraUtilities:color_lightgem:11, Colored Glowstone (Blue Frequency)
ExtraUtilities:color_lightgem:12, Colored Glowstone (Brown Frequency)
ExtraUtilities:color_lightgem:13, Colored Glowstone (Green Frequency)
ExtraUtilities:color_lightgem:14, Colored Glowstone (Red Frequency)
ExtraUtilities:color_lightgem:15, Colored Glowstone (Black Frequency)
ExtraUtilities:color_stone:0, Colored Stone (White Frequency)
ExtraUtilities:color_stone:1, Colored Stone (Orange Frequency)
ExtraUtilities:color_stone:2, Colored Stone (Magenta Frequency)
ExtraUtilities:color_stone:3, Colored Stone (Light Blue Frequency)
ExtraUtilities:color_stone:4, Colored Stone (Yellow Frequency)
ExtraUtilities:color_stone:5, Colored Stone (Lime Frequency)
ExtraUtilities:color_stone:6, Colored Stone (Pink Frequency)
ExtraUtilities:color_stone:7, Colored Stone (Gray Frequency)
ExtraUtilities:color_stone:8, Colored Stone (Light Gray Frequency)
ExtraUtilities:color_stone:9, Colored Stone (Cyan Frequency)
ExtraUtilities:color_stone:10, Colored Stone (Purple Frequency)
ExtraUtilities:color_stone:11, Colored Stone (Blue Frequency)
ExtraUtilities:color_stone:12, Colored Stone (Brown Frequency)
ExtraUtilities:color_stone:13, Colored Stone (Green Frequency)
ExtraUtilities:color_stone:14, Colored Stone (Red Frequency)
ExtraUtilities:color_stone:15, Colored Stone (Black Frequency)
ExtraUtilities:color_quartzBlock:0, Colored Block of Quartz (White Frequency)
ExtraUtilities:color_quartzBlock:1, Colored Block of Quartz (Orange Frequency)
ExtraUtilities:color_quartzBlock:2, Colored Block of Quartz (Magenta Frequency)
ExtraUtilities:color_quartzBlock:3, Colored Block of Quartz (Light Blue Frequency)
ExtraUtilities:color_quartzBlock:4, Colored Block of Quartz (Yellow Frequency)
ExtraUtilities:color_quartzBlock:5, Colored Block of Quartz (Lime Frequency)
ExtraUtilities:color_quartzBlock:6, Colored Block of Quartz (Pink Frequency)
ExtraUtilities:color_quartzBlock:7, Colored Block of Quartz (Gray Frequency)
ExtraUtilities:color_quartzBlock:8, Colored Block of Quartz (Light Gray Frequency)
ExtraUtilities:color_quartzBlock:9, Colored Block of Quartz (Cyan Frequency)
ExtraUtilities:color_quartzBlock:10, Colored Block of Quartz (Purple Frequency)
ExtraUtilities:color_quartzBlock:11, Colored Block of Quartz (Blue Frequency)
ExtraUtilities:color_quartzBlock:12, Colored Block of Quartz (Brown Frequency)
ExtraUtilities:color_quartzBlock:13, Colored Block of Quartz (Green Frequency)
ExtraUtilities:color_quartzBlock:14, Colored Block of Quartz (Red Frequency)
ExtraUtilities:color_quartzBlock:15, Colored Block of Quartz (Black Frequency)
ExtraUtilities:color_hellsand:0, Colored Soul Sand (White Frequency)
ExtraUtilities:color_hellsand:1, Colored Soul Sand (Orange Frequency)
ExtraUtilities:color_hellsand:2, Colored Soul Sand (Magenta Frequency)
ExtraUtilities:color_hellsand:3, Colored Soul Sand (Light Blue Frequency)
ExtraUtilities:color_hellsand:4, Colored Soul Sand (Yellow Frequency)
ExtraUtilities:color_hellsand:5, Colored Soul Sand (Lime Frequency)
ExtraUtilities:color_hellsand:6, Colored Soul Sand (Pink Frequency)
ExtraUtilities:color_hellsand:7, Colored Soul Sand (Gray Frequency)
ExtraUtilities:color_hellsand:8, Colored Soul Sand (Light Gray Frequency)
ExtraUtilities:color_hellsand:9, Colored Soul Sand (Cyan Frequency)
ExtraUtilities:color_hellsand:10, Colored Soul Sand (Purple Frequency)
ExtraUtilities:color_hellsand:11, Colored Soul Sand (Blue Frequency)
ExtraUtilities:color_hellsand:12, Colored Soul Sand (Brown Frequency)
ExtraUtilities:color_hellsand:13, Colored Soul Sand (Green Frequency)
ExtraUtilities:color_hellsand:14, Colored Soul Sand (Red Frequency)
ExtraUtilities:color_hellsand:15, Colored Soul Sand (Black Frequency)
ExtraUtilities:color_redstoneLight:0, Colored Redstone Lamp (White Frequency)
ExtraUtilities:color_redstoneLight:1, Colored Redstone Lamp (Orange Frequency)
ExtraUtilities:color_redstoneLight:2, Colored Redstone Lamp (Magenta Frequency)
ExtraUtilities:color_redstoneLight:3, Colored Redstone Lamp (Light Blue Frequency)
ExtraUtilities:color_redstoneLight:4, Colored Redstone Lamp (Yellow Frequency)
ExtraUtilities:color_redstoneLight:5, Colored Redstone Lamp (Lime Frequency)
ExtraUtilities:color_redstoneLight:6, Colored Redstone Lamp (Pink Frequency)
ExtraUtilities:color_redstoneLight:7, Colored Redstone Lamp (Gray Frequency)
ExtraUtilities:color_redstoneLight:8, Colored Redstone Lamp (Light Gray Frequency)
ExtraUtilities:color_redstoneLight:9, Colored Redstone Lamp (Cyan Frequency)
ExtraUtilities:color_redstoneLight:10, Colored Redstone Lamp (Purple Frequency)
ExtraUtilities:color_redstoneLight:11, Colored Redstone Lamp (Blue Frequency)
ExtraUtilities:color_redstoneLight:12, Colored Redstone Lamp (Brown Frequency)
ExtraUtilities:color_redstoneLight:13, Colored Redstone Lamp (Green Frequency)
ExtraUtilities:color_redstoneLight:14, Colored Redstone Lamp (Red Frequency)
ExtraUtilities:color_redstoneLight:15, Colored Redstone Lamp (Black Frequency)
ExtraUtilities:color_brick:0, Colored Bricks (White Frequency)
ExtraUtilities:color_brick:1, Colored Bricks (Orange Frequency)
ExtraUtilities:color_brick:2, Colored Bricks (Magenta Frequency)
ExtraUtilities:color_brick:3, Colored Bricks (Light Blue Frequency)
ExtraUtilities:color_brick:4, Colored Bricks (Yellow Frequency)
ExtraUtilities:color_brick:5, Colored Bricks (Lime Frequency)
ExtraUtilities:color_brick:6, Colored Bricks (Pink Frequency)
ExtraUtilities:color_brick:7, Colored Bricks (Gray Frequency)
ExtraUtilities:color_brick:8, Colored Bricks (Light Gray Frequency)
ExtraUtilities:color_brick:9, Colored Bricks (Cyan Frequency)
ExtraUtilities:color_brick:10, Colored Bricks (Purple Frequency)
ExtraUtilities:color_brick:11, Colored Bricks (Blue Frequency)
ExtraUtilities:color_brick:12, Colored Bricks (Brown Frequency)
ExtraUtilities:color_brick:13, Colored Bricks (Green Frequency)
ExtraUtilities:color_brick:14, Colored Bricks (Red Frequency)
ExtraUtilities:color_brick:15, Colored Bricks (Black Frequency)
ExtraUtilities:color_stonebrick:0, Colored Cobblestone (White Frequency)
ExtraUtilities:color_stonebrick:1, Colored Cobblestone (Orange Frequency)
ExtraUtilities:color_stonebrick:2, Colored Cobblestone (Magenta Frequency)
ExtraUtilities:color_stonebrick:3, Colored Cobblestone (Light Blue Frequency)
ExtraUtilities:color_stonebrick:4, Colored Cobblestone (Yellow Frequency)
ExtraUtilities:color_stonebrick:5, Colored Cobblestone (Lime Frequency)
ExtraUtilities:color_stonebrick:6, Colored Cobblestone (Pink Frequency)
ExtraUtilities:color_stonebrick:7, Colored Cobblestone (Gray Frequency)
ExtraUtilities:color_stonebrick:8, Colored Cobblestone (Light Gray Frequency)
ExtraUtilities:color_stonebrick:9, Colored Cobblestone (Cyan Frequency)
ExtraUtilities:color_stonebrick:10, Colored Cobblestone (Purple Frequency)
ExtraUtilities:color_stonebrick:11, Colored Cobblestone (Blue Frequency)
ExtraUtilities:color_stonebrick:12, Colored Cobblestone (Brown Frequency)
ExtraUtilities:color_stonebrick:13, Colored Cobblestone (Green Frequency)
ExtraUtilities:color_stonebrick:14, Colored Cobblestone (Red Frequency)
ExtraUtilities:color_stonebrick:15, Colored Cobblestone (Black Frequency)
ExtraUtilities:color_blockLapis:0, Colored Lapis Lazuli Block (White Frequency)
ExtraUtilities:color_blockLapis:1, Colored Lapis Lazuli Block (Orange Frequency)
ExtraUtilities:color_blockLapis:2, Colored Lapis Lazuli Block (Magenta Frequency)
ExtraUtilities:color_blockLapis:3, Colored Lapis Lazuli Block (Light Blue Frequency)
ExtraUtilities:color_blockLapis:4, Colored Lapis Lazuli Block (Yellow Frequency)
ExtraUtilities:color_blockLapis:5, Colored Lapis Lazuli Block (Lime Frequency)
ExtraUtilities:color_blockLapis:6, Colored Lapis Lazuli Block (Pink Frequency)
ExtraUtilities:color_blockLapis:7, Colored Lapis Lazuli Block (Gray Frequency)
ExtraUtilities:color_blockLapis:8, Colored Lapis Lazuli Block (Light Gray Frequency)
ExtraUtilities:color_blockLapis:9, Colored Lapis Lazuli Block (Cyan Frequency)
ExtraUtilities:color_blockLapis:10, Colored Lapis Lazuli Block (Purple Frequency)
ExtraUtilities:color_blockLapis:11, Colored Lapis Lazuli Block (Blue Frequency)
ExtraUtilities:color_blockLapis:12, Colored Lapis Lazuli Block (Brown Frequency)
ExtraUtilities:color_blockLapis:13, Colored Lapis Lazuli Block (Green Frequency)
ExtraUtilities:color_blockLapis:14, Colored Lapis Lazuli Block (Red Frequency)
ExtraUtilities:color_blockLapis:15, Colored Lapis Lazuli Block (Black Frequency)
ExtraUtilities:color_obsidian:0, Colored Obsidian (White Frequency)
ExtraUtilities:color_obsidian:1, Colored Obsidian (Orange Frequency)
ExtraUtilities:color_obsidian:2, Colored Obsidian (Magenta Frequency)
ExtraUtilities:color_obsidian:3, Colored Obsidian (Light Blue Frequency)
ExtraUtilities:color_obsidian:4, Colored Obsidian (Yellow Frequency)
ExtraUtilities:color_obsidian:5, Colored Obsidian (Lime Frequency)
ExtraUtilities:color_obsidian:6, Colored Obsidian (Pink Frequency)
ExtraUtilities:color_obsidian:7, Colored Obsidian (Gray Frequency)
ExtraUtilities:color_obsidian:8, Colored Obsidian (Light Gray Frequency)
ExtraUtilities:color_obsidian:9, Colored Obsidian (Cyan Frequency)
ExtraUtilities:color_obsidian:10, Colored Obsidian (Purple Frequency)
ExtraUtilities:color_obsidian:11, Colored Obsidian (Blue Frequency)
ExtraUtilities:color_obsidian:12, Colored Obsidian (Brown Frequency)
ExtraUtilities:color_obsidian:13, Colored Obsidian (Green Frequency)
ExtraUtilities:color_obsidian:14, Colored Obsidian (Red Frequency)
ExtraUtilities:color_obsidian:15, Colored Obsidian (Black Frequency)
ExtraUtilities:color_blockRedstone:0, Colored Block of Redstone (White Frequency)
ExtraUtilities:color_blockRedstone:1, Colored Block of Redstone (Orange Frequency)
ExtraUtilities:color_blockRedstone:2, Colored Block of Redstone (Magenta Frequency)
ExtraUtilities:color_blockRedstone:3, Colored Block of Redstone (Light Blue Frequency)
ExtraUtilities:color_blockRedstone:4, Colored Block of Redstone (Yellow Frequency)
ExtraUtilities:color_blockRedstone:5, Colored Block of Redstone (Lime Frequency)
ExtraUtilities:color_blockRedstone:6, Colored Block of Redstone (Pink Frequency)
ExtraUtilities:color_blockRedstone:7, Colored Block of Redstone (Gray Frequency)
ExtraUtilities:color_blockRedstone:8, Colored Block of Redstone (Light Gray Frequency)
ExtraUtilities:color_blockRedstone:9, Colored Block of Redstone (Cyan Frequency)
ExtraUtilities:color_blockRedstone:10, Colored Block of Redstone (Purple Frequency)
ExtraUtilities:color_blockRedstone:11, Colored Block of Redstone (Blue Frequency)
ExtraUtilities:color_blockRedstone:12, Colored Block of Redstone (Brown Frequency)
ExtraUtilities:color_blockRedstone:13, Colored Block of Redstone (Green Frequency)
ExtraUtilities:color_blockRedstone:14, Colored Block of Redstone (Red Frequency)
ExtraUtilities:color_blockRedstone:15, Colored Block of Redstone (Black Frequency)
ExtraUtilities:color_blockCoal:0, Colored Block of Coal (White Frequency)
ExtraUtilities:color_blockCoal:1, Colored Block of Coal (Orange Frequency)
ExtraUtilities:color_blockCoal:2, Colored Block of Coal (Magenta Frequency)
ExtraUtilities:color_blockCoal:3, Colored Block of Coal (Light Blue Frequency)
ExtraUtilities:color_blockCoal:4, Colored Block of Coal (Yellow Frequency)
ExtraUtilities:color_blockCoal:5, Colored Block of Coal (Lime Frequency)
ExtraUtilities:color_blockCoal:6, Colored Block of Coal (Pink Frequency)
ExtraUtilities:color_blockCoal:7, Colored Block of Coal (Gray Frequency)
ExtraUtilities:color_blockCoal:8, Colored Block of Coal (Light Gray Frequency)
ExtraUtilities:color_blockCoal:9, Colored Block of Coal (Cyan Frequency)
ExtraUtilities:color_blockCoal:10, Colored Block of Coal (Purple Frequency)
ExtraUtilities:color_blockCoal:11, Colored Block of Coal (Blue Frequency)
ExtraUtilities:color_blockCoal:12, Colored Block of Coal (Brown Frequency)
ExtraUtilities:color_blockCoal:13, Colored Block of Coal (Green Frequency)
ExtraUtilities:color_blockCoal:14, Colored Block of Coal (Red Frequency)
ExtraUtilities:color_blockCoal:15, Colored Block of Coal (Black Frequency)
ExtraUtilities:cobblestone_compressed:0, Compressed Cobblestone
ExtraUtilities:cobblestone_compressed:1, Double Compressed Cobblestone
ExtraUtilities:cobblestone_compressed:2, Triple Compressed Cobblestone
ExtraUtilities:cobblestone_compressed:3, Quadruple Compressed Cobblestone
ExtraUtilities:cobblestone_compressed:4, Quintuple Compressed Cobblestone
ExtraUtilities:cobblestone_compressed:5, Sextuple Compressed Cobblestone
ExtraUtilities:cobblestone_compressed:6, Septuple Compressed Cobblestone
ExtraUtilities:cobblestone_compressed:7, Octuple Compressed Cobblestone
ExtraUtilities:cobblestone_compressed:8, Compressed Dirt
ExtraUtilities:cobblestone_compressed:9, Double Compressed Dirt
ExtraUtilities:cobblestone_compressed:10, Triple Compressed Dirt
ExtraUtilities:cobblestone_compressed:11, Quadruple Compressed Dirt
ExtraUtilities:cobblestone_compressed:12, Compressed Gravel
ExtraUtilities:cobblestone_compressed:13, Double Compressed Gravel
ExtraUtilities:cobblestone_compressed:14, Compressed Sand
ExtraUtilities:cobblestone_compressed:15, Double Compressed Sand
ExtraUtilities:conveyor, Conveyor Belt
ExtraUtilities:filing:0, Filing Cabinet
ExtraUtilities:filing:1, Filing Cabinet (Advanced)
ExtraUtilities:greenscreen:0, Lapis Caelestis Albus (White)
ExtraUtilities:greenscreen:1, Lapis Caelestis Aurantiacus (Orange)
ExtraUtilities:greenscreen:2, Lapis Caelestis Purpura Amethystinus (Magenta)
ExtraUtilities:greenscreen:3, Lapis Caelestis Caesicius (Light Blue)
ExtraUtilities:greenscreen:4, Lapis Caelestis Flavus (Yellow)
ExtraUtilities:greenscreen:5, Lapis Caelestis Viridis (Green)
ExtraUtilities:greenscreen:6, Lapis Caelestis Roseus (Pink)
ExtraUtilities:greenscreen:7, Lapis Caelestis Cinereus (Gray)
ExtraUtilities:greenscreen:8, Lapis Caelestis Lux Cinereus (Light Gray)
ExtraUtilities:greenscreen:9, Lapis Caelestis Callainus (Cyan)
ExtraUtilities:greenscreen:10, Lapis Caelestis Purpura (Purple)
ExtraUtilities:greenscreen:11, Lapis Caelestis Caeruleus (Blue)
ExtraUtilities:greenscreen:12, Lapis Caelestis Fuscus (Brown)
ExtraUtilities:greenscreen:13, Lapis Caelestis Paphiae Myrti (Dark Green)
ExtraUtilities:greenscreen:14, Lapis Caelestis Rufus (Red)
ExtraUtilities:greenscreen:15, Lapis Caelestis Nox (Black)
ExtraUtilities:peaceful_table_top, Peaceful Table
ExtraUtilities:trading_post, Trading Post
ExtraUtilities:sound_muffler:0, Sound Muffler
ExtraUtilities:sound_muffler:1, Rain Muffler
ExtraUtilities:extractor_base:0, Transfer Node (Items)
ExtraUtilities:extractor_base:6, Transfer Node (Liquids)
ExtraUtilities:extractor_base:12, Transfer Node (Energy)
ExtraUtilities:extractor_base:13, Transfer Node (Hyper Energy)
ExtraUtilities:extractor_base_remote:0, Retrieval Node (Items)
ExtraUtilities:extractor_base_remote:6, Retrieval Node (Liquids)
ExtraUtilities:pipes:0, Transfer Pipe
ExtraUtilities:pipes:8, Sorting Pipe
ExtraUtilities:pipes:9, Filter Pipe
ExtraUtilities:pipes:10, Rationing Pipe
ExtraUtilities:pipes:11, Energy Pipe
ExtraUtilities:pipes:12, Crossover Pipe
ExtraUtilities:pipes:13, Mod Sorting Pipe
ExtraUtilities:pipes:14, Energy Extraction Pipe
ExtraUtilities:pipes.1:0, Hyper-Rationing Pipe
ExtraUtilities:cursedearthside:0, Cursed Earth
ExtraUtilities:trashcan:0, Trash Can
ExtraUtilities:trashcan:1, Trash Can (Fluids)
ExtraUtilities:trashcan:2, Trash Can (Energy)
ExtraUtilities:spike_base, Iron Spike
ExtraUtilities:spike_base_diamond, Diamond Spike
ExtraUtilities:spike_base_gold, Golden Spike
ExtraUtilities:spike_base_wood, Wooden Spike
ExtraUtilities:enderThermicPump, Ender-Thermic Pump
ExtraUtilities:enderQuarry, Ender Quarry
ExtraUtilities:enderQuarryUpgrade:0, Ender Quarry Upgrade Base
ExtraUtilities:enderQuarryUpgrade:1, Ender Quarry World Hole Upgrade
ExtraUtilities:enderQuarryUpgrade:2, Ender Quarry Silk Touch Upgrade
ExtraUtilities:enderQuarryUpgrade:3, Ender Quarry Fortune I Upgrade
ExtraUtilities:enderQuarryUpgrade:4, Ender Quarry Fortune II Upgrade
ExtraUtilities:enderQuarryUpgrade:5, Ender Quarry Fortune III Upgrade
ExtraUtilities:enderQuarryUpgrade:6, Ender Quarry Speed I Upgrade
ExtraUtilities:enderQuarryUpgrade:7, Ender Quarry Speed II Upgrade
ExtraUtilities:enderQuarryUpgrade:8, Ender Quarry Speed III Upgrade
ExtraUtilities:enderQuarryUpgrade:9, Ender Quarry Pump Upgrade
ExtraUtilities:plant/ender_lilly, Ender-Lily Seeds
ExtraUtilities:timer, Redstone Clock
ExtraUtilities:magnumTorch:0, Magnum Torch
ExtraUtilities:drum:0, Drum
ExtraUtilities:drum:1, Bedrockium Drum
ExtraUtilities:generator:0, Survivalist Generator
ExtraUtilities:generator:1, Furnace Generator
ExtraUtilities:generator:2, Lava Generator
ExtraUtilities:generator:3, Ender Generator
ExtraUtilities:generator:4, Heated Redstone Generator
ExtraUtilities:generator:5, Culinary Generator
ExtraUtilities:generator:6, Potions Generator
ExtraUtilities:generator:7, Solar Generator
ExtraUtilities:generator:8, TNT Generator
ExtraUtilities:generator:9, Pink Generator
ExtraUtilities:generator:10, High-temperature Furnace Generator
ExtraUtilities:generator:11, Nether Star Generator
ExtraUtilities:generator.8:0, Survivalist Generator
ExtraUtilities:generator.8:1, Furnace Generator
ExtraUtilities:generator.8:2, Lava Generator
ExtraUtilities:generator.8:3, Ender Generator
ExtraUtilities:generator.8:4, Heated Redstone Generator
ExtraUtilities:generator.8:5, Culinary Generator
ExtraUtilities:generator.8:6, Potions Generator
ExtraUtilities:generator.8:7, Solar Generator
ExtraUtilities:generator.8:8, TNT Generator
ExtraUtilities:generator.8:9, Pink Generator
ExtraUtilities:generator.8:10, High-temperature Furnace Generator
ExtraUtilities:generator.8:11, Nether Star Generator
ExtraUtilities:generator.64:0, Survivalist Generator
ExtraUtilities:generator.64:1, Furnace Generator
ExtraUtilities:generator.64:2, Lava Generator
ExtraUtilities:generator.64:3, Ender Generator
ExtraUtilities:generator.64:4, Heated Redstone Generator
ExtraUtilities:generator.64:5, Culinary Generator
ExtraUtilities:generator.64:6, Potions Generator
ExtraUtilities:generator.64:7, Solar Generator
ExtraUtilities:generator.64:8, TNT Generator
ExtraUtilities:generator.64:9, Pink Generator
ExtraUtilities:generator.64:10, High-temperature Furnace Generator
ExtraUtilities:generator.64:11, Nether Star Generator
ExtraUtilities:dark_portal:0, Portal to The Deep Dark
ExtraUtilities:dark_portal:2, Portal to The Last Millenium
ExtraUtilities:etherealglass:0, Ethereal Glass
ExtraUtilities:etherealglass:1, Ineffable Glass
ExtraUtilities:etherealglass:2, Dark Ethereal Glass
ExtraUtilities:etherealglass:3, Ethereal Glass (Inverted)
ExtraUtilities:etherealglass:4, Ineffable Glass (Inverted)
ExtraUtilities:etherealglass:5, Dark Ethereal Glass (Inverted)
Additional-Buildcraft-Objects:sandStone:0, Sandstone Bricks
Additional-Buildcraft-Objects:sandStone:1, Cracked Sandstone Bricks
Additional-Buildcraft-Objects:sandStone:2, Mossy Sandstone Bricks
Additional-Buildcraft-Objects:sandStone:3, Smooth Sandstone
Additional-Buildcraft-Objects:sandStone:4, Mossy Smooth Sandstone
Additional-Buildcraft-Objects:sandStone:5, Cracked Smooth Sandstone
Additional-Buildcraft-Objects:windmillBlock, Windmill
Additional-Buildcraft-Objects:waterwheelBlock, Waterwheel
Additional-Buildcraft-Objects:acceleratorBlock, Accelerator
Additional-Buildcraft-Objects:brickNoCrossing, §oThe Line§r
Additional-Buildcraft-Objects:null, tile.null.name
Additional-Buildcraft-Objects:nullCollide, tile.null.name
Additional-Buildcraft-Objects:largebuttonwood, Large Wooden Button
Additional-Buildcraft-Objects:largebuttonstone, Large Stone Button
ActuallyAdditions:blockFireworkBox, Firework Box
ActuallyAdditions:blockMiner, Vertical Digger
ActuallyAdditions:blockBookStand, Manual Stand
ActuallyAdditions:blockAtomicReconstructor, Atomic Reconstructor
ActuallyAdditions:blockCrystal:0, Restonia Crystal Block
ActuallyAdditions:blockCrystal:1, Palis Crystal Block
ActuallyAdditions:blockCrystal:2, Diamatine Crystal Block
ActuallyAdditions:blockCrystal:3, Void Crystal Block
ActuallyAdditions:blockCrystal:4, Emeradic Crystal Block
ActuallyAdditions:blockCrystal:5, Enori Crystal Block
ActuallyAdditions:blockBlackLotus, Black Lotus
ActuallyAdditions:blockLaserRelay, Laser Relay
ActuallyAdditions:blockRangedCollector, Ranged Collector
ActuallyAdditions:blockDirectionalBreaker, Long-Range Breaker
ActuallyAdditions:blockLeafGenerator, Leaf-Eating Generator
ActuallyAdditions:blockSmileyCloud, Smiley Cloud
ActuallyAdditions:blockXPSolidifier, Experience Solidifier
ActuallyAdditions:blockTestifiBucksGreenWall, Ethetic Green Block
ActuallyAdditions:blockTestifiBucksWhiteWall, Ethetic Quartz
ActuallyAdditions:blockTestifiBucksGreenStairs, Ethetic Green Stairs
ActuallyAdditions:blockTestifiBucksWhiteStairs, Ethetic Quartz Stairs
ActuallyAdditions:blockTestifiBucksGreenSlab, Ethetic Green Slab
ActuallyAdditions:blockTestifiBucksWhiteSlab, Ethetic Quartz Slab
ActuallyAdditions:blockTestifiBucksGreenFence, Ethetic Green Wall
ActuallyAdditions:blockTestifiBucksWhiteFence, Ethetic Quartz Wall
ActuallyAdditions:blockColoredLamp:0, White Lamp
ActuallyAdditions:blockColoredLamp:1, Orange Lamp
ActuallyAdditions:blockColoredLamp:2, Magenta Lamp
ActuallyAdditions:blockColoredLamp:3, Light Blue Lamp
ActuallyAdditions:blockColoredLamp:4, Yellow Lamp
ActuallyAdditions:blockColoredLamp:5, Lime Lamp
ActuallyAdditions:blockColoredLamp:6, Pink Lamp
ActuallyAdditions:blockColoredLamp:7, Gray Lamp
ActuallyAdditions:blockColoredLamp:8, Light Gray Lamp
ActuallyAdditions:blockColoredLamp:9, Cyan Lamp
ActuallyAdditions:blockColoredLamp:10, Purple Lamp
ActuallyAdditions:blockColoredLamp:11, Blue Lamp
ActuallyAdditions:blockColoredLamp:12, Brown Lamp
ActuallyAdditions:blockColoredLamp:13, Green Lamp
ActuallyAdditions:blockColoredLamp:14, Red Lamp
ActuallyAdditions:blockColoredLamp:15, Black Lamp
ActuallyAdditions:blockColoredLampOn:0, White Lamp (On)
ActuallyAdditions:blockColoredLampOn:1, Orange Lamp (On)
ActuallyAdditions:blockColoredLampOn:2, Magenta Lamp (On)
ActuallyAdditions:blockColoredLampOn:3, Light Blue Lamp (On)
ActuallyAdditions:blockColoredLampOn:4, Yellow Lamp (On)
ActuallyAdditions:blockColoredLampOn:5, Lime Lamp (On)
ActuallyAdditions:blockColoredLampOn:6, Pink Lamp (On)
ActuallyAdditions:blockColoredLampOn:7, Gray Lamp (On)
ActuallyAdditions:blockColoredLampOn:8, Light Gray Lamp (On)
ActuallyAdditions:blockColoredLampOn:9, Cyan Lamp (On)
ActuallyAdditions:blockColoredLampOn:10, Purple Lamp (On)
ActuallyAdditions:blockColoredLampOn:11, Blue Lamp (On)
ActuallyAdditions:blockColoredLampOn:12, Brown Lamp (On)
ActuallyAdditions:blockColoredLampOn:13, Green Lamp (On)
ActuallyAdditions:blockColoredLampOn:14, Red Lamp (On)
ActuallyAdditions:blockColoredLampOn:15, Black Lamp (On)
ActuallyAdditions:blockLampPowerer, Lamp Controller
ActuallyAdditions:blockTreasureChest, Treasure Chest
ActuallyAdditions:blockEnergizer, Energizer
ActuallyAdditions:blockEnervator, Enervator
ActuallyAdditions:blockLavaFactoryController, Lava Factory Controller
ActuallyAdditions:blockCanolaPress, Canola Press
ActuallyAdditions:blockPhantomface, Phantomface
ActuallyAdditions:blockPhantomPlacer, Phantom Placer
ActuallyAdditions:blockPhantomLiquiface, Phantom Liquiface
ActuallyAdditions:blockPhantomEnergyface, Phantom Energyface
ActuallyAdditions:blockPhantomBreaker, Phantom Breaker
ActuallyAdditions:blockCoalGenerator, Coal Generator
ActuallyAdditions:blockOilGenerator, Oil Generator
ActuallyAdditions:blockFermentingBarrel, Fermenting Barrel
ActuallyAdditions:blockRice, Rice Plant
ActuallyAdditions:blockCanola, Canola Plant
ActuallyAdditions:blockFlax, Flax Plant
ActuallyAdditions:blockCoffee, Coffee Plant
ActuallyAdditions:blockCompost, Compost
ActuallyAdditions:blockMisc:0, Pillar of Black Quartz
ActuallyAdditions:blockMisc:1, Chiseled Block of Black Quartz
ActuallyAdditions:blockMisc:2, Block of Black Quartz
ActuallyAdditions:blockMisc:3, Black Quartz Ore
ActuallyAdditions:blockMisc:4, Wood Casing
ActuallyAdditions:blockMisc:5, Block of Charcoal
ActuallyAdditions:blockMisc:6, Block of Enderpearl
ActuallyAdditions:blockMisc:7, Casing
ActuallyAdditions:blockMisc:8, Ender Casing
ActuallyAdditions:blockMisc:9, Iron Casing
ActuallyAdditions:blockFeeder, Automatic Feeder
ActuallyAdditions:blockGiantChest, Storage Crate
ActuallyAdditions:blockGrinder, Crusher
ActuallyAdditions:blockGrinderDouble, Double Crusher
ActuallyAdditions:blockFurnaceDouble, Double Furnace
ActuallyAdditions:blockInputter, ESD
ActuallyAdditions:blockInputterAdvanced, Advanced ESD
ActuallyAdditions:blockFishingNet, Fishing Net
ActuallyAdditions:blockFurnaceSolar, Solar Panel
ActuallyAdditions:blockHeatCollector, Heat Collector
ActuallyAdditions:blockItemRepairer, Item Repairer
ActuallyAdditions:blockGreenhouseGlass, Greenhouse Glass
ActuallyAdditions:blockBreaker, Auto-Breaker
ActuallyAdditions:blockPlacer, Auto-Placer
ActuallyAdditions:blockDropper, Automatic Precision Dropper
ActuallyAdditions:blockFluidPlacer, Fluid Placer
ActuallyAdditions:blockFluidCollector, Fluid Collector
ActuallyAdditions:blockCoffeeMachine, Coffee Machine
ActuallyAdditions:blockPhantomBooster, Phantom Booster
ActuallyAdditions:blockWild:0, Wild Canola
ActuallyAdditions:blockWild:1, Wild Flax
ActuallyAdditions:blockWild:2, Wild Rice
ActuallyAdditions:blockWild:3, Wild Coffee
ActuallyAdditions:blockQuartzWall, Black Quartz Wall
ActuallyAdditions:blockChiseledQuartzWall, Chiseled Black Quartz Wall
ActuallyAdditions:blockPillarQuartzWall, Black Quartz Pillar Wall
ActuallyAdditions:blockQuartzStair, Black Quartz Stairs
ActuallyAdditions:blockChiseledQuartzStair, Chiseled Black Quartz Stairs
ActuallyAdditions:blockPillarQuartzStair, Black Quartz Pillar Stairs
ActuallyAdditions:blockQuartzSlab, Black Quartz Slab
ActuallyAdditions:blockChiseledQuartzSlab, Chiseled Black Quartz Slab
ActuallyAdditions:blockPillarQuartzSlab, Black Quartz Pillar Slab
ActuallyAdditions:blockCanolaOil, Canola Oil
adchimneys:bedrock, Bedrock Chimney
adchimneys:brick, Brick Chimney
adchimneys:clay, Clay Chimney
adchimneys:coal_block, Coal Chimney
adchimneys:cobblestone, Cobblestone Chimney
adchimneys:cobblestone_mossy, Mossy Cobblestone Chimney
adchimneys:diamond_block, Diamond Chimney
adchimneys:dirt, Dirt Chimney
adchimneys:emerald_block, Emerald Chimney
adchimneys:end_stone, Endstone Chimney
adchimneys:glowstone, Glowstone Chimney
adchimneys:gold_block, Gold Chimney
adchimneys:hardened_clay, Hardened Clay Chimney
adchimneys:hardened_clay_stained_black, Black Hardened Clay Chimney
adchimneys:hardened_clay_stained_blue, Blue Hardened Clay Chimney
adchimneys:hardened_clay_stained_brown, Brown Hardened Clay Chimney
adchimneys:hardened_clay_stained_cyan, Cyan Hardened Clay Chimney
adchimneys:hardened_clay_stained_gray, Gray Hardened Clay Chimney
adchimneys:hardened_clay_stained_green, Green Hardened Clay Chimney
adchimneys:hardened_clay_stained_light_blue, Light Blue Hardened Clay Chimney
adchimneys:hardened_clay_stained_lime, Lime Hardened Clay Chimney
adchimneys:hardened_clay_stained_magenta, Magenta Hardened Clay Chimney
adchimneys:hardened_clay_stained_orange, Orange Hardened Clay Chimney
adchimneys:hardened_clay_stained_pink, Pink Hardened Clay Chimney
adchimneys:hardened_clay_stained_purple, Purple Hardened Clay Chimney
adchimneys:hardened_clay_stained_red, Red Hardened Clay Chimney
adchimneys:hardened_clay_stained_silver, Light Gray Hardened Clay Chimney
adchimneys:hardened_clay_stained_white, White Hardened Clay Chimney
adchimneys:hardened_clay_stained_yellow, Yellow Hardened Clay Chimney
adchimneys:iron_block, Iron Chimney
adchimneys:lapis_block, Lapis Lazuli Chimney
adchimneys:nether_brick, Nether Brick Chimney
adchimneys:netherrack, Netherrack Chimney
adchimneys:obsidian, Obsidian Chimney
adchimneys:quartz_block_chiseled, Chiseled Quartz Chimney
adchimneys:quartz_block_lines, Pillar Quartz Chimney
adchimneys:quartz_block_side, Quartz Chimney
adchimneys:sandstone_carved, Chiseled Sandstone Chimney
adchimneys:sandstone_normal, Sandstone Chimney
adchimneys:sandstone_smooth, Smooth Sandstone Chimney
adchimneys:soul_sand, Soul Sand Chimney
adchimneys:stone, Stone Chimney
adchimneys:stonebrick, Stone Brick Chimney
adchimneys:stonebrick_mossy, Mossy Stone Brick Chimney
adchimneys:stonebrick_cracked, Cracked Stone Brick Chimney
adchimneys:smoker, Smoker
AdvancedSolarPanel:BlockMolecularTransformer, tile.null.name
AdvancedSolarPanel:BlockAdvSolarPanel:0, Advanced Solar Panel
AdvancedSolarPanel:BlockAdvSolarPanel:1, Hybrid Solar Panel
AdvancedSolarPanel:BlockAdvSolarPanel:2, Ultimate Hybrid Solar Panel
AdvancedSolarPanel:BlockAdvSolarPanel:3, Quantum Solar Panel
AdvancedSolarPanel:BlockAdvSolarPanel:4, Quantum Generator
adventurebackpack:blockBackpack, Adventure Backpacks
adventurebackpack:blockSleepingBag, Sleeping Bag
adventurebackpack:blockCampFire, CampFire
adventurersamulets:AdventurersAmulets_craftingBlock, Rune of Crafting
adventurersamulets:AdventurersAmulets_cloud, Cloud
adventurersamulets:AdventurersAmulets_blankSlate, Blank Slate
adventurersamulets:AdventurersAmulets_beltSlate, Belt Slate
adventurersamulets:AdventurersAmulets_ringSlate, Ring Slate
adventurersamulets:AdventurersAmulets_pendantSlate, Pendant Slate
adventurersamulets:AdventurersAmulets_focusCrystalSlate, Focus Crystal Slate
adventurersamulets:AdventurersAmulets_lightOrb, Light Orb
adventurersamulets:AdventurersAmulets_waterOrb, Water Orb
adventurersamulets:AdventurersAmulets_windmakersRune, Windmaker's Rune
adventurersamulets:AdventurersAmulets_infernalRune, Infernal Rune
adventurersamulets:AdventurersAmulets_aquaticRune, Aquatic Rune
adventurersamulets:AdventurersAmulets_floralRune, Floral Rune
adventurersamulets:AdventurersAmulets_transposingRune, Transposing Rune
adventurersamulets:AdventurersAmulets_bricks:0, Windmaker's Bricks
adventurersamulets:AdventurersAmulets_bricks:1, Infernal Bricks
adventurersamulets:AdventurersAmulets_bricks:2, Aquatic Bricks
adventurersamulets:AdventurersAmulets_bricks:3, Floral Bricks
adventurersamulets:AdventurersAmulets_bricks:4, Transposing Bricks
adventurersamulets:AdventurersAmulets_bricks:5, Frostbitten Bricks
adventurersamulets:AdventurersAmulets_bricks:6, Earthbound Bricks
adventurersamulets:AdventurersAmulets_windmakersVent, Windmaker's Vent
adventurersamulets:AdventurersAmulets_infernalIncinerator, Infernal Incinerator
adventurersamulets:AdventurersAmulets_aquaticReservoir, Aquatic Reservoir
adventurersamulets:AdventurersAmulets_floralGarden, Floral Garden
adventurersamulets:AdventurersAmulets_transposingEmitter, Transposing Emitter
adventurersamulets:AdventurersAmulets_inertRune, Inert Rune
adventurersamulets:AdventurersAmulets_craftingPillar, Pillar of Crafting
adventurersamulets:AdventurersAmulets_craftingPillarTopper, Crafting Amplifier
adventurersamulets:AdventurersAmulets_craftingBlockT2, Awakened Crafting Rune
adventurersamulets:AdventurersAmulets_frostbittenCore, Frostbitten Core
adventurersamulets:AdventurersAmulets_frostbittenRune, Frostbitten Rune
adventurersamulets:AdventurersAmulets_frostbittenFreezer, Frostbitten Freezer
adventurersamulets:AdventurersAmulets_earthboundRune, Earthbound Rune
adventurersamulets:AdventurersAmulets_earthboundMiner, Earthbound Shatterer
adventurersamulets:AdventurersAmulets_fairyPlatform, Mystical Platform
adventurersamulets:AdventurersAmulets_machineFrame, Runic Frame
adventurersamulets:AdventurersAmulets_runicBlock, Runic Block
adventurersamulets:AdventurersAmulets_runicBlocks:0, Orange Stained Runic Block
adventurersamulets:AdventurersAmulets_runicBlocks:1, Magenta Stained Runic Block
adventurersamulets:AdventurersAmulets_runicBlocks:2, Light Blue Stained Runic Block
adventurersamulets:AdventurersAmulets_runicBlocks:3, Yellow Stained Runic Block
adventurersamulets:AdventurersAmulets_runicBlocks:4, Lime Stained Runic Block
adventurersamulets:AdventurersAmulets_runicBlocks:5, Pink Stained Runic Block
adventurersamulets:AdventurersAmulets_runicBlocks:6, Gray Stained Runic Block
adventurersamulets:AdventurersAmulets_runicBlocks:7, Light Gray Stained Runic Block
adventurersamulets:AdventurersAmulets_runicBlocks:8, Cyan Stained Runic Block
adventurersamulets:AdventurersAmulets_runicBlocks:9, Purple Stained Runic Block
adventurersamulets:AdventurersAmulets_runicBlocks:10, Blue Stained Runic Block
adventurersamulets:AdventurersAmulets_runicBlocks:11, Brown Stained Runic Block
adventurersamulets:AdventurersAmulets_runicBlocks:12, Green Stained Runic Block
adventurersamulets:AdventurersAmulets_runicBlocks:13, Red Stained Runic Block
adventurersamulets:AdventurersAmulets_runicBlocks:14, Black Stained Runic Block
ae2stuff:Encoder, Pattern Encoder
ae2stuff:Grower, Crystal Growth Chamber
ae2stuff:Inscriber, Advanced Inscriber
ae2stuff:Wireless, Wireless Connector
ae2tech:tile.machine.energeticincinerator, Energetic Incinerator
AFSU:AFSU, AFSU
AgriCraft:crops, Crop Sticks
AgriCraft:seedAnalyzer, Seed Analyzer
AgriCraft:waterPad, Water Pad
AgriCraft:waterPadFull, Water Pad
AgriCraft:waterTank:0, Wooden Water Tank
AgriCraft:waterTank:0, Wooden Water Tank
AgriCraft:waterTank:0, Wooden Water Tank
AgriCraft:waterTank:0, Wooden Water Tank
AgriCraft:waterTank:0, Wooden Water Tank
AgriCraft:waterTank:0, Wooden Water Tank
AgriCraft:waterTank:0, Wooden Water Tank
AgriCraft:waterTank:0, Wooden Water Tank
AgriCraft:waterTank:0, Wooden Water Tank
AgriCraft:waterTank:0, Wooden Water Tank
AgriCraft:waterTank:0, Wooden Water Tank
AgriCraft:waterTank:0, Wooden Water Tank
AgriCraft:waterTank:0, Wooden Water Tank
AgriCraft:waterTank:0, Wooden Water Tank
AgriCraft:waterTank:0, Wooden Water Tank
AgriCraft:waterTank:0, Wooden Water Tank
AgriCraft:waterTank:0, Wooden Water Tank
AgriCraft:waterTank:0, Wooden Water Tank
AgriCraft:waterTank:0, Wooden Water Tank
AgriCraft:waterTank:0, Wooden Water Tank
AgriCraft:waterTank:0, Wooden Water Tank
AgriCraft:waterTank:0, Wooden Water Tank
AgriCraft:waterTank:0, Wooden Water Tank
AgriCraft:waterTank:0, Wooden Water Tank
AgriCraft:waterTank:0, Wooden Water Tank
AgriCraft:waterTank:0, Wooden Water Tank
AgriCraft:waterTank:0, Wooden Water Tank
AgriCraft:waterTank:0, Wooden Water Tank
AgriCraft:waterTank:0, Wooden Water Tank
AgriCraft:waterTank:0, Wooden Water Tank
AgriCraft:waterTank:0, Wooden Water Tank
AgriCraft:waterTank:0, Wooden Water Tank
AgriCraft:waterTank:0, Wooden Water Tank
AgriCraft:waterTank:0, Wooden Water Tank
AgriCraft:waterTank:0, Wooden Water Tank
AgriCraft:waterTank:0, Wooden Water Tank
AgriCraft:waterTank:0, Wooden Water Tank
AgriCraft:waterTank:0, Wooden Water Tank
AgriCraft:waterTank:0, Wooden Water Tank
AgriCraft:waterTank:0, Wooden Water Tank
AgriCraft:waterTank:0, Wooden Water Tank
AgriCraft:waterTank:0, Wooden Water Tank
AgriCraft:waterTank:0, Wooden Water Tank
AgriCraft:waterTank:0, Wooden Water Tank
AgriCraft:waterTank:0, Wooden Water Tank
AgriCraft:waterTank:0, Wooden Water Tank
AgriCraft:waterTank:0, Wooden Water Tank
AgriCraft:waterTank:0, Wooden Water Tank
AgriCraft:waterTank:0, Wooden Water Tank
AgriCraft:waterTank:0, Wooden Water Tank
AgriCraft:waterTank:0, Wooden Water Tank
AgriCraft:waterTank:0, Wooden Water Tank
AgriCraft:waterTank:0, Wooden Water Tank
AgriCraft:waterTank:0, Wooden Water Tank
AgriCraft:waterTank:0, Wooden Water Tank
AgriCraft:waterTank:0, Wooden Water Tank
AgriCraft:waterTank:0, Wooden Water Tank
AgriCraft:waterTank:0, Wooden Water Tank
AgriCraft:waterTank:0, Wooden Water Tank
AgriCraft:waterTank:0, Wooden Water Tank
AgriCraft:waterTank:0, Wooden Water Tank
AgriCraft:waterTank:0, Wooden Water Tank
AgriCraft:waterTank:0, Wooden Water Tank
AgriCraft:waterTank:0, Wooden Water Tank
AgriCraft:waterTank:0, Wooden Water Tank
AgriCraft:waterTank:0, Wooden Water Tank
AgriCraft:waterTank:0, Wooden Water Tank
AgriCraft:waterTank:0, Wooden Water Tank
AgriCraft:waterTank:0, Wooden Water Tank
AgriCraft:waterTank:0, Wooden Water Tank
AgriCraft:waterTank:0, Wooden Water Tank
AgriCraft:waterTank:0, Wooden Water Tank
AgriCraft:waterTank:0, Wooden Water Tank
AgriCraft:waterTank:0, Wooden Water Tank
AgriCraft:waterTank:0, Wooden Water Tank
AgriCraft:waterTank:0, Wooden Water Tank
AgriCraft:waterTank:0, Wooden Water Tank
AgriCraft:waterTank:0, Wooden Water Tank
AgriCraft:waterTank:0, Wooden Water Tank
AgriCraft:waterTank:0, Wooden Water Tank
AgriCraft:waterTank:0, Wooden Water Tank
AgriCraft:waterTank:0, Wooden Water Tank
AgriCraft:waterTank:0, Wooden Water Tank
AgriCraft:waterTank:0, Wooden Water Tank
AgriCraft:waterTank:0, Wooden Water Tank
AgriCraft:waterTank:0, Wooden Water Tank
AgriCraft:waterTank:0, Wooden Water Tank
AgriCraft:waterTank:0, Wooden Water Tank
AgriCraft:waterTank:0, Wooden Water Tank
AgriCraft:waterTank:0, Wooden Water Tank
AgriCraft:waterTank:0, Wooden Water Tank
AgriCraft:waterTank:0, Wooden Water Tank
AgriCraft:waterTank:0, Wooden Water Tank
AgriCraft:waterTank:0, Wooden Water Tank
AgriCraft:waterTank:0, Wooden Water Tank
AgriCraft:waterTank:0, Wooden Water Tank
AgriCraft:waterTank:0, Wooden Water Tank
AgriCraft:waterTank:0, Wooden Water Tank
AgriCraft:waterTank:0, Wooden Water Tank
AgriCraft:waterTank:0, Wooden Water Tank
AgriCraft:waterTank:0, Wooden Water Tank
AgriCraft:waterTank:0, Wooden Water Tank
AgriCraft:waterTank:0, Wooden Water Tank
AgriCraft:waterTank:0, Wooden Water Tank
AgriCraft:waterTank:0, Wooden Water Tank
AgriCraft:waterTank:0, Wooden Water Tank
AgriCraft:waterTank:0, Wooden Water Tank
AgriCraft:waterTank:0, Wooden Water Tank
AgriCraft:waterTank:0, Wooden Water Tank
AgriCraft:waterTank:0, Wooden Water Tank
AgriCraft:waterTank:0, Wooden Water Tank
AgriCraft:waterTank:0, Wooden Water Tank
AgriCraft:waterTank:0, Wooden Water Tank
AgriCraft:waterTank:0, Wooden Water Tank
AgriCraft:waterTank:0, Wooden Water Tank
AgriCraft:waterTank:0, Wooden Water Tank
AgriCraft:waterTank:0, Wooden Water Tank
AgriCraft:waterTank:0, Wooden Water Tank
AgriCraft:waterTank:0, Wooden Water Tank
AgriCraft:waterTank:0, Wooden Water Tank
AgriCraft:waterTank:0, Wooden Water Tank
AgriCraft:waterTank:0, Wooden Water Tank
AgriCraft:waterTank:0, Wooden Water Tank
AgriCraft:waterTank:0, Wooden Water Tank
AgriCraft:waterTank:0, Wooden Water Tank
AgriCraft:waterTank:0, Wooden Water Tank
AgriCraft:waterTank:0, Wooden Water Tank
AgriCraft:waterTank:0, Wooden Water Tank
AgriCraft:waterTank:0, Wooden Water Tank
AgriCraft:waterTank:0, Wooden Water Tank
AgriCraft:waterTank:0, Wooden Water Tank
AgriCraft:waterTank:0, Wooden Water Tank
AgriCraft:waterTank:0, Wooden Water Tank
AgriCraft:waterTank:0, Wooden Water Tank
AgriCraft:waterTank:0, Wooden Water Tank
AgriCraft:waterTank:0, Wooden Water Tank
AgriCraft:waterTank:0, Wooden Water Tank
AgriCraft:waterTank:0, Wooden Water Tank
AgriCraft:waterTank:0, Wooden Water Tank
AgriCraft:waterTank:0, Wooden Water Tank
AgriCraft:waterTank:0, Wooden Water Tank
AgriCraft:waterTank:0, Wooden Water Tank
AgriCraft:waterTank:0, Wooden Water Tank
AgriCraft:waterTank:0, Wooden Water Tank
AgriCraft:waterTank:0, Wooden Water Tank
AgriCraft:waterTank:0, Wooden Water Tank
AgriCraft:waterTank:0, Wooden Water Tank
AgriCraft:waterTank:0, Wooden Water Tank
AgriCraft:waterTank:0, Wooden Water Tank
AgriCraft:waterTank:0, Wooden Water Tank
AgriCraft:waterTank:0, Wooden Water Tank
AgriCraft:waterTank:0, Wooden Water Tank
AgriCraft:waterTank:0, Wooden Water Tank
AgriCraft:waterTank:0, Wooden Water Tank
AgriCraft:waterTank:0, Wooden Water Tank
AgriCraft:waterTank:0, Wooden Water Tank
AgriCraft:waterTank:0, Wooden Water Tank
AgriCraft:waterTank:0, Wooden Water Tank
AgriCraft:waterTank:0, Wooden Water Tank
AgriCraft:waterTank:0, Wooden Water Tank
AgriCraft:waterTank:0, Wooden Water Tank
AgriCraft:waterTank:0, Wooden Water Tank
AgriCraft:waterTank:0, Wooden Water Tank
AgriCraft:waterTank:0, Wooden Water Tank
AgriCraft:waterTank:0, Wooden Water Tank
AgriCraft:waterTank:0, Wooden Water Tank
AgriCraft:waterTank:0, Wooden Water Tank
AgriCraft:waterTank:0, Wooden Water Tank
AgriCraft:waterTank:0, Wooden Water Tank
AgriCraft:waterTank:0, Wooden Water Tank
AgriCraft:waterTank:0, Wooden Water Tank
AgriCraft:waterTank:0, Wooden Water Tank
AgriCraft:waterTank:0, Wooden Water Tank
AgriCraft:waterTank:0, Wooden Water Tank
AgriCraft:waterTank:0, Wooden Water Tank
AgriCraft:waterTank:0, Wooden Water Tank
AgriCraft:waterTank:0, Wooden Water Tank
AgriCraft:waterTank:0, Wooden Water Tank
AgriCraft:waterTank:0, Wooden Water Tank
AgriCraft:waterTank:0, Wooden Water Tank
AgriCraft:waterTank:0, Wooden Water Tank
AgriCraft:waterTank:0, Wooden Water Tank
AgriCraft:waterTank:0, Wooden Water Tank
AgriCraft:waterTank:0, Wooden Water Tank
AgriCraft:waterTank:0, Wooden Water Tank
AgriCraft:waterTank:0, Wooden Water Tank
AgriCraft:waterTank:0, Wooden Water Tank
AgriCraft:waterTank:0, Wooden Water Tank
AgriCraft:waterTank:0, Wooden Water Tank
AgriCraft:waterTank:0, Wooden Water Tank
AgriCraft:waterTank:0, Wooden Water Tank
AgriCraft:waterTank:0, Wooden Water Tank
AgriCraft:waterTank:0, Wooden Water Tank
AgriCraft:waterTank:0, Wooden Water Tank
AgriCraft:waterTank:0, Wooden Water Tank
AgriCraft:waterTank:0, Wooden Water Tank
AgriCraft:waterTank:0, Wooden Water Tank
AgriCraft:waterTank:0, Wooden Water Tank
AgriCraft:waterTank:0, Wooden Water Tank
AgriCraft:waterTank:0, Wooden Water Tank
AgriCraft:waterTank:0, Wooden Water Tank
AgriCraft:waterTank:0, Wooden Water Tank
AgriCraft:waterTank:0, Wooden Water Tank
AgriCraft:waterTank:0, Wooden Water Tank
AgriCraft:waterTank:0, Wooden Water Tank
AgriCraft:waterTank:0, Wooden Water Tank
AgriCraft:waterTank:0, Wooden Water Tank
AgriCraft:waterTank:0, Wooden Water Tank
AgriCraft:waterTank:0, Wooden Water Tank
AgriCraft:waterTank:0, Wooden Water Tank
AgriCraft:waterTank:0, Wooden Water Tank
AgriCraft:waterTank:0, Wooden Water Tank
AgriCraft:waterTank:0, Wooden Water Tank
AgriCraft:waterTank:0, Wooden Water Tank
AgriCraft:waterTank:0, Wooden Water Tank
AgriCraft:waterTank:0, Wooden Water Tank
AgriCraft:waterTank:0, Wooden Water Tank
AgriCraft:waterTank:0, Wooden Water Tank
AgriCraft:waterTank:0, Wooden Water Tank
AgriCraft:waterTank:0, Wooden Water Tank
AgriCraft:waterTank:0, Wooden Water Tank
AgriCraft:waterTank:0, Wooden Water Tank
AgriCraft:waterTank:0, Wooden Water Tank
AgriCraft:waterTank:0, Wooden Water Tank
AgriCraft:waterTank:0, Wooden Water Tank
AgriCraft:waterTank:0, Wooden Water Tank
AgriCraft:waterTank:0, Wooden Water Tank
AgriCraft:waterTank:0, Wooden Water Tank
AgriCraft:waterTank:0, Wooden Water Tank
AgriCraft:waterTank:0, Wooden Water Tank
AgriCraft:waterTank:0, Wooden Water Tank
AgriCraft:waterTank:0, Wooden Water Tank
AgriCraft:waterTank:0, Wooden Water Tank
AgriCraft:waterTank:0, Wooden Water Tank
AgriCraft:waterTank:0, Wooden Water Tank
AgriCraft:waterTank:0, Wooden Water Tank
AgriCraft:waterTank:0, Wooden Water Tank
AgriCraft:waterTank:0, Wooden Water Tank
AgriCraft:waterTank:0, Wooden Water Tank
AgriCraft:waterTank:0, Wooden Water Tank
AgriCraft:waterTank:0, Wooden Water Tank
AgriCraft:waterTank:0, Wooden Water Tank
AgriCraft:waterTank:0, Wooden Water Tank
AgriCraft:waterTank:0, Wooden Water Tank
AgriCraft:waterTank:0, Wooden Water Tank
AgriCraft:waterTank:0, Wooden Water Tank
AgriCraft:waterTank:0, Wooden Water Tank
AgriCraft:waterTank:0, Wooden Water Tank
AgriCraft:waterTank:0, Wooden Water Tank
AgriCraft:waterTank:0, Wooden Water Tank
AgriCraft:waterTank:0, Wooden Water Tank
AgriCraft:waterTank:0, Wooden Water Tank
AgriCraft:waterTank:0, Wooden Water Tank
AgriCraft:waterTank:0, Wooden Water Tank
AgriCraft:waterTank:0, Wooden Water Tank
AgriCraft:waterTank:0, Wooden Water Tank
AgriCraft:waterTank:0, Wooden Water Tank
AgriCraft:waterTank:0, Wooden Water Tank
AgriCraft:waterTank:0, Wooden Water Tank
AgriCraft:waterTank:0, Wooden Water Tank
AgriCraft:waterTank:0, Wooden Water Tank
AgriCraft:waterChannel:0, Wooden Irrigation Channel
AgriCraft:waterChannel:0, Wooden Irrigation Channel
AgriCraft:waterChannel:0, Wooden Irrigation Channel
AgriCraft:waterChannel:0, Wooden Irrigation Channel
AgriCraft:waterChannel:0, Wooden Irrigation Channel
AgriCraft:waterChannel:0, Wooden Irrigation Channel
AgriCraft:waterChannel:0, Wooden Irrigation Channel
AgriCraft:waterChannel:0, Wooden Irrigation Channel
AgriCraft:waterChannel:0, Wooden Irrigation Channel
AgriCraft:waterChannel:0, Wooden Irrigation Channel
AgriCraft:waterChannel:0, Wooden Irrigation Channel
AgriCraft:waterChannel:0, Wooden Irrigation Channel
AgriCraft:waterChannel:0, Wooden Irrigation Channel
AgriCraft:waterChannel:0, Wooden Irrigation Channel
AgriCraft:waterChannel:0, Wooden Irrigation Channel
AgriCraft:waterChannel:0, Wooden Irrigation Channel
AgriCraft:waterChannel:0, Wooden Irrigation Channel
AgriCraft:waterChannel:0, Wooden Irrigation Channel
AgriCraft:waterChannel:0, Wooden Irrigation Channel
AgriCraft:waterChannel:0, Wooden Irrigation Channel
AgriCraft:waterChannel:0, Wooden Irrigation Channel
AgriCraft:waterChannel:0, Wooden Irrigation Channel
AgriCraft:waterChannel:0, Wooden Irrigation Channel
AgriCraft:waterChannel:0, Wooden Irrigation Channel
AgriCraft:waterChannel:0, Wooden Irrigation Channel
AgriCraft:waterChannel:0, Wooden Irrigation Channel
AgriCraft:waterChannel:0, Wooden Irrigation Channel
AgriCraft:waterChannel:0, Wooden Irrigation Channel
AgriCraft:waterChannel:0, Wooden Irrigation Channel
AgriCraft:waterChannel:0, Wooden Irrigation Channel
AgriCraft:waterChannel:0, Wooden Irrigation Channel
AgriCraft:waterChannel:0, Wooden Irrigation Channel
AgriCraft:waterChannel:0, Wooden Irrigation Channel
AgriCraft:waterChannel:0, Wooden Irrigation Channel
AgriCraft:waterChannel:0, Wooden Irrigation Channel
AgriCraft:waterChannel:0, Wooden Irrigation Channel
AgriCraft:waterChannel:0, Wooden Irrigation Channel
AgriCraft:waterChannel:0, Wooden Irrigation Channel
AgriCraft:waterChannel:0, Wooden Irrigation Channel
AgriCraft:waterChannel:0, Wooden Irrigation Channel
AgriCraft:waterChannel:0, Wooden Irrigation Channel
AgriCraft:waterChannel:0, Wooden Irrigation Channel
AgriCraft:waterChannel:0, Wooden Irrigation Channel
AgriCraft:waterChannel:0, Wooden Irrigation Channel
AgriCraft:waterChannel:0, Wooden Irrigation Channel
AgriCraft:waterChannel:0, Wooden Irrigation Channel
AgriCraft:waterChannel:0, Wooden Irrigation Channel
AgriCraft:waterChannel:0, Wooden Irrigation Channel
AgriCraft:waterChannel:0, Wooden Irrigation Channel
AgriCraft:waterChannel:0, Wooden Irrigation Channel
AgriCraft:waterChannel:0, Wooden Irrigation Channel
AgriCraft:waterChannel:0, Wooden Irrigation Channel
AgriCraft:waterChannel:0, Wooden Irrigation Channel
AgriCraft:waterChannel:0, Wooden Irrigation Channel
AgriCraft:waterChannel:0, Wooden Irrigation Channel
AgriCraft:waterChannel:0, Wooden Irrigation Channel
AgriCraft:waterChannel:0, Wooden Irrigation Channel
AgriCraft:waterChannel:0, Wooden Irrigation Channel
AgriCraft:waterChannel:0, Wooden Irrigation Channel
AgriCraft:waterChannel:0, Wooden Irrigation Channel
AgriCraft:waterChannel:0, Wooden Irrigation Channel
AgriCraft:waterChannel:0, Wooden Irrigation Channel
AgriCraft:waterChannel:0, Wooden Irrigation Channel
AgriCraft:waterChannel:0, Wooden Irrigation Channel
AgriCraft:waterChannel:0, Wooden Irrigation Channel
AgriCraft:waterChannel:0, Wooden Irrigation Channel
AgriCraft:waterChannel:0, Wooden Irrigation Channel
AgriCraft:waterChannel:0, Wooden Irrigation Channel
AgriCraft:waterChannel:0, Wooden Irrigation Channel
AgriCraft:waterChannel:0, Wooden Irrigation Channel
AgriCraft:waterChannel:0, Wooden Irrigation Channel
AgriCraft:waterChannel:0, Wooden Irrigation Channel
AgriCraft:waterChannel:0, Wooden Irrigation Channel
AgriCraft:waterChannel:0, Wooden Irrigation Channel
AgriCraft:waterChannel:0, Wooden Irrigation Channel
AgriCraft:waterChannel:0, Wooden Irrigation Channel
AgriCraft:waterChannel:0, Wooden Irrigation Channel
AgriCraft:waterChannel:0, Wooden Irrigation Channel
AgriCraft:waterChannel:0, Wooden Irrigation Channel
AgriCraft:waterChannel:0, Wooden Irrigation Channel
AgriCraft:waterChannel:0, Wooden Irrigation Channel
AgriCraft:waterChannel:0, Wooden Irrigation Channel
AgriCraft:waterChannel:0, Wooden Irrigation Channel
AgriCraft:waterChannel:0, Wooden Irrigation Channel
AgriCraft:waterChannel:0, Wooden Irrigation Channel
AgriCraft:waterChannel:0, Wooden Irrigation Channel
AgriCraft:waterChannel:0, Wooden Irrigation Channel
AgriCraft:waterChannel:0, Wooden Irrigation Channel
AgriCraft:waterChannel:0, Wooden Irrigation Channel
AgriCraft:waterChannel:0, Wooden Irrigation Channel
AgriCraft:waterChannel:0, Wooden Irrigation Channel
AgriCraft:waterChannel:0, Wooden Irrigation Channel
AgriCraft:waterChannel:0, Wooden Irrigation Channel
AgriCraft:waterChannel:0, Wooden Irrigation Channel
AgriCraft:waterChannel:0, Wooden Irrigation Channel
AgriCraft:waterChannel:0, Wooden Irrigation Channel
AgriCraft:waterChannel:0, Wooden Irrigation Channel
AgriCraft:waterChannel:0, Wooden Irrigation Channel
AgriCraft:waterChannel:0, Wooden Irrigation Channel
AgriCraft:waterChannel:0, Wooden Irrigation Channel
AgriCraft:waterChannel:0, Wooden Irrigation Channel
AgriCraft:waterChannel:0, Wooden Irrigation Channel
AgriCraft:waterChannel:0, Wooden Irrigation Channel
AgriCraft:waterChannel:0, Wooden Irrigation Channel
AgriCraft:waterChannel:0, Wooden Irrigation Channel
AgriCraft:waterChannel:0, Wooden Irrigation Channel
AgriCraft:waterChannel:0, Wooden Irrigation Channel
AgriCraft:waterChannel:0, Wooden Irrigation Channel
AgriCraft:waterChannel:0, Wooden Irrigation Channel
AgriCraft:waterChannel:0, Wooden Irrigation Channel
AgriCraft:waterChannel:0, Wooden Irrigation Channel
AgriCraft:waterChannel:0, Wooden Irrigation Channel
AgriCraft:waterChannel:0, Wooden Irrigation Channel
AgriCraft:waterChannel:0, Wooden Irrigation Channel
AgriCraft:waterChannel:0, Wooden Irrigation Channel
AgriCraft:waterChannel:0, Wooden Irrigation Channel
AgriCraft:waterChannel:0, Wooden Irrigation Channel
AgriCraft:waterChannel:0, Wooden Irrigation Channel
AgriCraft:waterChannel:0, Wooden Irrigation Channel
AgriCraft:waterChannel:0, Wooden Irrigation Channel
AgriCraft:waterChannel:0, Wooden Irrigation Channel
AgriCraft:waterChannel:0, Wooden Irrigation Channel
AgriCraft:waterChannel:0, Wooden Irrigation Channel
AgriCraft:waterChannel:0, Wooden Irrigation Channel
AgriCraft:waterChannel:0, Wooden Irrigation Channel
AgriCraft:waterChannel:0, Wooden Irrigation Channel
AgriCraft:waterChannel:0, Wooden Irrigation Channel
AgriCraft:waterChannel:0, Wooden Irrigation Channel
AgriCraft:waterChannel:0, Wooden Irrigation Channel
AgriCraft:waterChannel:0, Wooden Irrigation Channel
AgriCraft:waterChannel:0, Wooden Irrigation Channel
AgriCraft:waterChannel:0, Wooden Irrigation Channel
AgriCraft:waterChannel:0, Wooden Irrigation Channel
AgriCraft:waterChannel:0, Wooden Irrigation Channel
AgriCraft:waterChannel:0, Wooden Irrigation Channel
AgriCraft:waterChannel:0, Wooden Irrigation Channel
AgriCraft:waterChannel:0, Wooden Irrigation Channel
AgriCraft:waterChannel:0, Wooden Irrigation Channel
AgriCraft:waterChannel:0, Wooden Irrigation Channel
AgriCraft:waterChannel:0, Wooden Irrigation Channel
AgriCraft:waterChannel:0, Wooden Irrigation Channel
AgriCraft:waterChannel:0, Wooden Irrigation Channel
AgriCraft:waterChannel:0, Wooden Irrigation Channel
AgriCraft:waterChannel:0, Wooden Irrigation Channel
AgriCraft:waterChannel:0, Wooden Irrigation Channel
AgriCraft:waterChannel:0, Wooden Irrigation Channel
AgriCraft:waterChannel:0, Wooden Irrigation Channel
AgriCraft:waterChannel:0, Wooden Irrigation Channel
AgriCraft:waterChannel:0, Wooden Irrigation Channel
AgriCraft:waterChannel:0, Wooden Irrigation Channel
AgriCraft:waterChannel:0, Wooden Irrigation Channel
AgriCraft:waterChannel:0, Wooden Irrigation Channel
AgriCraft:waterChannel:0, Wooden Irrigation Channel
AgriCraft:waterChannel:0, Wooden Irrigation Channel
AgriCraft:waterChannel:0, Wooden Irrigation Channel
AgriCraft:waterChannel:0, Wooden Irrigation Channel
AgriCraft:waterChannel:0, Wooden Irrigation Channel
AgriCraft:waterChannel:0, Wooden Irrigation Channel
AgriCraft:waterChannel:0, Wooden Irrigation Channel
AgriCraft:waterChannel:0, Wooden Irrigation Channel
AgriCraft:waterChannel:0, Wooden Irrigation Channel
AgriCraft:waterChannel:0, Wooden Irrigation Channel
AgriCraft:waterChannel:0, Wooden Irrigation Channel
AgriCraft:waterChannel:0, Wooden Irrigation Channel
AgriCraft:waterChannel:0, Wooden Irrigation Channel
AgriCraft:waterChannel:0, Wooden Irrigation Channel
AgriCraft:waterChannel:0, Wooden Irrigation Channel
AgriCraft:waterChannel:0, Wooden Irrigation Channel
AgriCraft:waterChannel:0, Wooden Irrigation Channel
AgriCraft:waterChannel:0, Wooden Irrigation Channel
AgriCraft:waterChannel:0, Wooden Irrigation Channel
AgriCraft:waterChannel:0, Wooden Irrigation Channel
AgriCraft:waterChannel:0, Wooden Irrigation Channel
AgriCraft:waterChannel:0, Wooden Irrigation Channel
AgriCraft:waterChannel:0, Wooden Irrigation Channel
AgriCraft:waterChannel:0, Wooden Irrigation Channel
AgriCraft:waterChannel:0, Wooden Irrigation Channel
AgriCraft:waterChannel:0, Wooden Irrigation Channel
AgriCraft:waterChannel:0, Wooden Irrigation Channel
AgriCraft:waterChannel:0, Wooden Irrigation Channel
AgriCraft:waterChannel:0, Wooden Irrigation Channel
AgriCraft:waterChannel:0, Wooden Irrigation Channel
AgriCraft:waterChannel:0, Wooden Irrigation Channel
AgriCraft:waterChannel:0, Wooden Irrigation Channel
AgriCraft:waterChannel:0, Wooden Irrigation Channel
AgriCraft:waterChannel:0, Wooden Irrigation Channel
AgriCraft:waterChannel:0, Wooden Irrigation Channel
AgriCraft:waterChannel:0, Wooden Irrigation Channel
AgriCraft:waterChannel:0, Wooden Irrigation Channel
AgriCraft:waterChannel:0, Wooden Irrigation Channel
AgriCraft:waterChannel:0, Wooden Irrigation Channel
AgriCraft:waterChannel:0, Wooden Irrigation Channel
AgriCraft:waterChannel:0, Wooden Irrigation Channel
AgriCraft:waterChannel:0, Wooden Irrigation Channel
AgriCraft:waterChannel:0, Wooden Irrigation Channel
AgriCraft:waterChannel:0, Wooden Irrigation Channel
AgriCraft:waterChannel:0, Wooden Irrigation Channel
AgriCraft:waterChannel:0, Wooden Irrigation Channel
AgriCraft:waterChannel:0, Wooden Irrigation Channel
AgriCraft:waterChannel:0, Wooden Irrigation Channel
AgriCraft:waterChannel:0, Wooden Irrigation Channel
AgriCraft:waterChannel:0, Wooden Irrigation Channel
AgriCraft:waterChannel:0, Wooden Irrigation Channel
AgriCraft:waterChannel:0, Wooden Irrigation Channel
AgriCraft:waterChannel:0, Wooden Irrigation Channel
AgriCraft:waterChannel:0, Wooden Irrigation Channel
AgriCraft:waterChannel:0, Wooden Irrigation Channel
AgriCraft:waterChannel:0, Wooden Irrigation Channel
AgriCraft:waterChannel:0, Wooden Irrigation Channel
AgriCraft:waterChannel:0, Wooden Irrigation Channel
AgriCraft:waterChannel:0, Wooden Irrigation Channel
AgriCraft:waterChannel:0, Wooden Irrigation Channel
AgriCraft:waterChannel:0, Wooden Irrigation Channel
AgriCraft:waterChannel:0, Wooden Irrigation Channel
AgriCraft:waterChannel:0, Wooden Irrigation Channel
AgriCraft:waterChannel:0, Wooden Irrigation Channel
AgriCraft:waterChannel:0, Wooden Irrigation Channel
AgriCraft:waterChannel:0, Wooden Irrigation Channel
AgriCraft:waterChannel:0, Wooden Irrigation Channel
AgriCraft:waterChannel:0, Wooden Irrigation Channel
AgriCraft:waterChannel:0, Wooden Irrigation Channel
AgriCraft:waterChannel:0, Wooden Irrigation Channel
AgriCraft:waterChannel:0, Wooden Irrigation Channel
AgriCraft:waterChannel:0, Wooden Irrigation Channel
AgriCraft:waterChannel:0, Wooden Irrigation Channel
AgriCraft:waterChannel:0, Wooden Irrigation Channel
AgriCraft:waterChannel:0, Wooden Irrigation Channel
AgriCraft:waterChannel:0, Wooden Irrigation Channel
AgriCraft:waterChannel:0, Wooden Irrigation Channel
AgriCraft:waterChannel:0, Wooden Irrigation Channel
AgriCraft:waterChannel:0, Wooden Irrigation Channel
AgriCraft:waterChannel:0, Wooden Irrigation Channel
AgriCraft:waterChannel:0, Wooden Irrigation Channel
AgriCraft:waterChannel:0, Wooden Irrigation Channel
AgriCraft:waterChannel:0, Wooden Irrigation Channel
AgriCraft:waterChannel:0, Wooden Irrigation Channel
AgriCraft:waterChannel:0, Wooden Irrigation Channel
AgriCraft:waterChannel:0, Wooden Irrigation Channel
AgriCraft:waterChannel:0, Wooden Irrigation Channel
AgriCraft:waterChannel:0, Wooden Irrigation Channel
AgriCraft:waterChannel:0, Wooden Irrigation Channel
AgriCraft:waterChannel:0, Wooden Irrigation Channel
AgriCraft:waterChannel:0, Wooden Irrigation Channel
AgriCraft:waterChannel:0, Wooden Irrigation Channel
AgriCraft:waterChannel:0, Wooden Irrigation Channel
AgriCraft:waterChannel:0, Wooden Irrigation Channel
AgriCraft:waterChannel:0, Wooden Irrigation Channel
AgriCraft:waterChannel:0, Wooden Irrigation Channel
AgriCraft:waterChannel:0, Wooden Irrigation Channel
AgriCraft:waterChannel:0, Wooden Irrigation Channel
AgriCraft:waterChannel:0, Wooden Irrigation Channel
AgriCraft:waterChannel:0, Wooden Irrigation Channel
AgriCraft:waterChannel:0, Wooden Irrigation Channel
AgriCraft:waterChannel:0, Wooden Irrigation Channel
AgriCraft:waterChannel:0, Wooden Irrigation Channel
AgriCraft:waterChannel:0, Wooden Irrigation Channel
AgriCraft:waterChannel:0, Wooden Irrigation Channel
AgriCraft:waterChannel:0, Wooden Irrigation Channel
AgriCraft:waterChannel:0, Wooden Irrigation Channel
AgriCraft:waterChannel:0, Wooden Irrigation Channel
AgriCraft:waterChannel:0, Wooden Irrigation Channel
AgriCraft:waterChannelFull:0, Wooden Irrigation Channel
AgriCraft:waterChannelFull:0, Wooden Irrigation Channel
AgriCraft:waterChannelFull:0, Wooden Irrigation Channel
AgriCraft:waterChannelFull:0, Wooden Irrigation Channel
AgriCraft:waterChannelFull:0, Wooden Irrigation Channel
AgriCraft:waterChannelFull:0, Wooden Irrigation Channel
AgriCraft:waterChannelFull:0, Wooden Irrigation Channel
AgriCraft:waterChannelFull:0, Wooden Irrigation Channel
AgriCraft:waterChannelFull:0, Wooden Irrigation Channel
AgriCraft:waterChannelFull:0, Wooden Irrigation Channel
AgriCraft:waterChannelFull:0, Wooden Irrigation Channel
AgriCraft:waterChannelFull:0, Wooden Irrigation Channel
AgriCraft:waterChannelFull:0, Wooden Irrigation Channel
AgriCraft:waterChannelFull:0, Wooden Irrigation Channel
AgriCraft:waterChannelFull:0, Wooden Irrigation Channel
AgriCraft:waterChannelFull:0, Wooden Irrigation Channel
AgriCraft:waterChannelFull:0, Wooden Irrigation Channel
AgriCraft:waterChannelFull:0, Wooden Irrigation Channel
AgriCraft:waterChannelFull:0, Wooden Irrigation Channel
AgriCraft:waterChannelFull:0, Wooden Irrigation Channel
AgriCraft:waterChannelFull:0, Wooden Irrigation Channel
AgriCraft:waterChannelFull:0, Wooden Irrigation Channel
AgriCraft:waterChannelFull:0, Wooden Irrigation Channel
AgriCraft:waterChannelFull:0, Wooden Irrigation Channel
AgriCraft:waterChannelFull:0, Wooden Irrigation Channel
AgriCraft:waterChannelFull:0, Wooden Irrigation Channel
AgriCraft:waterChannelFull:0, Wooden Irrigation Channel
AgriCraft:waterChannelFull:0, Wooden Irrigation Channel
AgriCraft:waterChannelFull:0, Wooden Irrigation Channel
AgriCraft:waterChannelFull:0, Wooden Irrigation Channel
AgriCraft:waterChannelFull:0, Wooden Irrigation Channel
AgriCraft:waterChannelFull:0, Wooden Irrigation Channel
AgriCraft:waterChannelFull:0, Wooden Irrigation Channel
AgriCraft:waterChannelFull:0, Wooden Irrigation Channel
AgriCraft:waterChannelFull:0, Wooden Irrigation Channel
AgriCraft:waterChannelFull:0, Wooden Irrigation Channel
AgriCraft:waterChannelFull:0, Wooden Irrigation Channel
AgriCraft:waterChannelFull:0, Wooden Irrigation Channel
AgriCraft:waterChannelFull:0, Wooden Irrigation Channel
AgriCraft:waterChannelFull:0, Wooden Irrigation Channel
AgriCraft:waterChannelFull:0, Wooden Irrigation Channel
AgriCraft:waterChannelFull:0, Wooden Irrigation Channel
AgriCraft:waterChannelFull:0, Wooden Irrigation Channel
AgriCraft:waterChannelFull:0, Wooden Irrigation Channel
AgriCraft:waterChannelFull:0, Wooden Irrigation Channel
AgriCraft:waterChannelFull:0, Wooden Irrigation Channel
AgriCraft:waterChannelFull:0, Wooden Irrigation Channel
AgriCraft:waterChannelFull:0, Wooden Irrigation Channel
AgriCraft:waterChannelFull:0, Wooden Irrigation Channel
AgriCraft:waterChannelFull:0, Wooden Irrigation Channel
AgriCraft:waterChannelFull:0, Wooden Irrigation Channel
AgriCraft:waterChannelFull:0, Wooden Irrigation Channel
AgriCraft:waterChannelFull:0, Wooden Irrigation Channel
AgriCraft:waterChannelFull:0, Wooden Irrigation Channel
AgriCraft:waterChannelFull:0, Wooden Irrigation Channel
AgriCraft:waterChannelFull:0, Wooden Irrigation Channel
AgriCraft:waterChannelFull:0, Wooden Irrigation Channel
AgriCraft:waterChannelFull:0, Wooden Irrigation Channel
AgriCraft:waterChannelFull:0, Wooden Irrigation Channel
AgriCraft:waterChannelFull:0, Wooden Irrigation Channel
AgriCraft:waterChannelFull:0, Wooden Irrigation Channel
AgriCraft:waterChannelFull:0, Wooden Irrigation Channel
AgriCraft:waterChannelFull:0, Wooden Irrigation Channel
AgriCraft:waterChannelFull:0, Wooden Irrigation Channel
AgriCraft:waterChannelFull:0, Wooden Irrigation Channel
AgriCraft:waterChannelFull:0, Wooden Irrigation Channel
AgriCraft:waterChannelFull:0, Wooden Irrigation Channel
AgriCraft:waterChannelFull:0, Wooden Irrigation Channel
AgriCraft:waterChannelFull:0, Wooden Irrigation Channel
AgriCraft:waterChannelFull:0, Wooden Irrigation Channel
AgriCraft:waterChannelFull:0, Wooden Irrigation Channel
AgriCraft:waterChannelFull:0, Wooden Irrigation Channel
AgriCraft:waterChannelFull:0, Wooden Irrigation Channel
AgriCraft:waterChannelFull:0, Wooden Irrigation Channel
AgriCraft:waterChannelFull:0, Wooden Irrigation Channel
AgriCraft:waterChannelFull:0, Wooden Irrigation Channel
AgriCraft:waterChannelFull:0, Wooden Irrigation Channel
AgriCraft:waterChannelFull:0, Wooden Irrigation Channel
AgriCraft:waterChannelFull:0, Wooden Irrigation Channel
AgriCraft:waterChannelFull:0, Wooden Irrigation Channel
AgriCraft:waterChannelFull:0, Wooden Irrigation Channel
AgriCraft:waterChannelFull:0, Wooden Irrigation Channel
AgriCraft:waterChannelFull:0, Wooden Irrigation Channel
AgriCraft:waterChannelFull:0, Wooden Irrigation Channel
AgriCraft:waterChannelFull:0, Wooden Irrigation Channel
AgriCraft:waterChannelFull:0, Wooden Irrigation Channel
AgriCraft:waterChannelFull:0, Wooden Irrigation Channel
AgriCraft:waterChannelFull:0, Wooden Irrigation Channel
AgriCraft:waterChannelFull:0, Wooden Irrigation Channel
AgriCraft:waterChannelFull:0, Wooden Irrigation Channel
AgriCraft:waterChannelFull:0, Wooden Irrigation Channel
AgriCraft:waterChannelFull:0, Wooden Irrigation Channel
AgriCraft:waterChannelFull:0, Wooden Irrigation Channel
AgriCraft:waterChannelFull:0, Wooden Irrigation Channel
AgriCraft:waterChannelFull:0, Wooden Irrigation Channel
AgriCraft:waterChannelFull:0, Wooden Irrigation Channel
AgriCraft:waterChannelFull:0, Wooden Irrigation Channel
AgriCraft:waterChannelFull:0, Wooden Irrigation Channel
AgriCraft:waterChannelFull:0, Wooden Irrigation Channel
AgriCraft:waterChannelFull:0, Wooden Irrigation Channel
AgriCraft:waterChannelFull:0, Wooden Irrigation Channel
AgriCraft:waterChannelFull:0, Wooden Irrigation Channel
AgriCraft:waterChannelFull:0, Wooden Irrigation Channel
AgriCraft:waterChannelFull:0, Wooden Irrigation Channel
AgriCraft:waterChannelFull:0, Wooden Irrigation Channel
AgriCraft:waterChannelFull:0, Wooden Irrigation Channel
AgriCraft:waterChannelFull:0, Wooden Irrigation Channel
AgriCraft:waterChannelFull:0, Wooden Irrigation Channel
AgriCraft:waterChannelFull:0, Wooden Irrigation Channel
AgriCraft:waterChannelFull:0, Wooden Irrigation Channel
AgriCraft:waterChannelFull:0, Wooden Irrigation Channel
AgriCraft:waterChannelFull:0, Wooden Irrigation Channel
AgriCraft:waterChannelFull:0, Wooden Irrigation Channel
AgriCraft:waterChannelFull:0, Wooden Irrigation Channel
AgriCraft:waterChannelFull:0, Wooden Irrigation Channel
AgriCraft:waterChannelFull:0, Wooden Irrigation Channel
AgriCraft:waterChannelFull:0, Wooden Irrigation Channel
AgriCraft:waterChannelFull:0, Wooden Irrigation Channel
AgriCraft:waterChannelFull:0, Wooden Irrigation Channel
AgriCraft:waterChannelFull:0, Wooden Irrigation Channel
AgriCraft:waterChannelFull:0, Wooden Irrigation Channel
AgriCraft:waterChannelFull:0, Wooden Irrigation Channel
AgriCraft:waterChannelFull:0, Wooden Irrigation Channel
AgriCraft:waterChannelFull:0, Wooden Irrigation Channel
AgriCraft:waterChannelFull:0, Wooden Irrigation Channel
AgriCraft:waterChannelFull:0, Wooden Irrigation Channel
AgriCraft:waterChannelFull:0, Wooden Irrigation Channel
AgriCraft:waterChannelFull:0, Wooden Irrigation Channel
AgriCraft:waterChannelFull:0, Wooden Irrigation Channel
AgriCraft:waterChannelFull:0, Wooden Irrigation Channel
AgriCraft:waterChannelFull:0, Wooden Irrigation Channel
AgriCraft:waterChannelFull:0, Wooden Irrigation Channel
AgriCraft:waterChannelFull:0, Wooden Irrigation Channel
AgriCraft:waterChannelFull:0, Wooden Irrigation Channel
AgriCraft:waterChannelFull:0, Wooden Irrigation Channel
AgriCraft:waterChannelFull:0, Wooden Irrigation Channel
AgriCraft:waterChannelFull:0, Wooden Irrigation Channel
AgriCraft:waterChannelFull:0, Wooden Irrigation Channel
AgriCraft:waterChannelFull:0, Wooden Irrigation Channel
AgriCraft:waterChannelFull:0, Wooden Irrigation Channel
AgriCraft:waterChannelFull:0, Wooden Irrigation Channel
AgriCraft:waterChannelFull:0, Wooden Irrigation Channel
AgriCraft:waterChannelFull:0, Wooden Irrigation Channel
AgriCraft:waterChannelFull:0, Wooden Irrigation Channel
AgriCraft:waterChannelFull:0, Wooden Irrigation Channel
AgriCraft:waterChannelFull:0, Wooden Irrigation Channel
AgriCraft:waterChannelFull:0, Wooden Irrigation Channel
AgriCraft:waterChannelFull:0, Wooden Irrigation Channel
AgriCraft:waterChannelFull:0, Wooden Irrigation Channel
AgriCraft:waterChannelFull:0, Wooden Irrigation Channel
AgriCraft:waterChannelFull:0, Wooden Irrigation Channel
AgriCraft:waterChannelFull:0, Wooden Irrigation Channel
AgriCraft:waterChannelFull:0, Wooden Irrigation Channel
AgriCraft:waterChannelFull:0, Wooden Irrigation Channel
AgriCraft:waterChannelFull:0, Wooden Irrigation Channel
AgriCraft:waterChannelFull:0, Wooden Irrigation Channel
AgriCraft:waterChannelFull:0, Wooden Irrigation Channel
AgriCraft:waterChannelFull:0, Wooden Irrigation Channel
AgriCraft:waterChannelFull:0, Wooden Irrigation Channel
AgriCraft:waterChannelFull:0, Wooden Irrigation Channel
AgriCraft:waterChannelFull:0, Wooden Irrigation Channel
AgriCraft:waterChannelFull:0, Wooden Irrigation Channel
AgriCraft:waterChannelFull:0, Wooden Irrigation Channel
AgriCraft:waterChannelFull:0, Wooden Irrigation Channel
AgriCraft:waterChannelFull:0, Wooden Irrigation Channel
AgriCraft:waterChannelFull:0, Wooden Irrigation Channel
AgriCraft:waterChannelFull:0, Wooden Irrigation Channel
AgriCraft:waterChannelFull:0, Wooden Irrigation Channel
AgriCraft:waterChannelFull:0, Wooden Irrigation Channel
AgriCraft:waterChannelFull:0, Wooden Irrigation Channel
AgriCraft:waterChannelFull:0, Wooden Irrigation Channel
AgriCraft:waterChannelFull:0, Wooden Irrigation Channel
AgriCraft:waterChannelFull:0, Wooden Irrigation Channel
AgriCraft:waterChannelFull:0, Wooden Irrigation Channel
AgriCraft:waterChannelFull:0, Wooden Irrigation Channel
AgriCraft:waterChannelFull:0, Wooden Irrigation Channel
AgriCraft:waterChannelFull:0, Wooden Irrigation Channel
AgriCraft:waterChannelFull:0, Wooden Irrigation Channel
AgriCraft:waterChannelFull:0, Wooden Irrigation Channel
AgriCraft:waterChannelFull:0, Wooden Irrigation Channel
AgriCraft:waterChannelFull:0, Wooden Irrigation Channel
AgriCraft:waterChannelFull:0, Wooden Irrigation Channel
AgriCraft:waterChannelFull:0, Wooden Irrigation Channel
AgriCraft:waterChannelFull:0, Wooden Irrigation Channel
AgriCraft:waterChannelFull:0, Wooden Irrigation Channel
AgriCraft:waterChannelFull:0, Wooden Irrigation Channel
AgriCraft:waterChannelFull:0, Wooden Irrigation Channel
AgriCraft:waterChannelFull:0, Wooden Irrigation Channel
AgriCraft:waterChannelFull:0, Wooden Irrigation Channel
AgriCraft:waterChannelFull:0, Wooden Irrigation Channel
AgriCraft:waterChannelFull:0, Wooden Irrigation Channel
AgriCraft:waterChannelFull:0, Wooden Irrigation Channel
AgriCraft:waterChannelFull:0, Wooden Irrigation Channel
AgriCraft:waterChannelFull:0, Wooden Irrigation Channel
AgriCraft:waterChannelFull:0, Wooden Irrigation Channel
AgriCraft:waterChannelFull:0, Wooden Irrigation Channel
AgriCraft:waterChannelFull:0, Wooden Irrigation Channel
AgriCraft:waterChannelFull:0, Wooden Irrigation Channel
AgriCraft:waterChannelFull:0, Wooden Irrigation Channel
AgriCraft:waterChannelFull:0, Wooden Irrigation Channel
AgriCraft:waterChannelFull:0, Wooden Irrigation Channel
AgriCraft:waterChannelFull:0, Wooden Irrigation Channel
AgriCraft:waterChannelFull:0, Wooden Irrigation Channel
AgriCraft:waterChannelFull:0, Wooden Irrigation Channel
AgriCraft:waterChannelFull:0, Wooden Irrigation Channel
AgriCraft:waterChannelFull:0, Wooden Irrigation Channel
AgriCraft:waterChannelFull:0, Wooden Irrigation Channel
AgriCraft:waterChannelFull:0, Wooden Irrigation Channel
AgriCraft:waterChannelFull:0, Wooden Irrigation Channel
AgriCraft:waterChannelFull:0, Wooden Irrigation Channel
AgriCraft:waterChannelFull:0, Wooden Irrigation Channel
AgriCraft:waterChannelFull:0, Wooden Irrigation Channel
AgriCraft:waterChannelFull:0, Wooden Irrigation Channel
AgriCraft:waterChannelFull:0, Wooden Irrigation Channel
AgriCraft:waterChannelFull:0, Wooden Irrigation Channel
AgriCraft:waterChannelFull:0, Wooden Irrigation Channel
AgriCraft:waterChannelFull:0, Wooden Irrigation Channel
AgriCraft:waterChannelFull:0, Wooden Irrigation Channel
AgriCraft:waterChannelFull:0, Wooden Irrigation Channel
AgriCraft:waterChannelFull:0, Wooden Irrigation Channel
AgriCraft:waterChannelFull:0, Wooden Irrigation Channel
AgriCraft:waterChannelFull:0, Wooden Irrigation Channel
AgriCraft:waterChannelFull:0, Wooden Irrigation Channel
AgriCraft:waterChannelFull:0, Wooden Irrigation Channel
AgriCraft:waterChannelFull:0, Wooden Irrigation Channel
AgriCraft:waterChannelFull:0, Wooden Irrigation Channel
AgriCraft:waterChannelFull:0, Wooden Irrigation Channel
AgriCraft:waterChannelFull:0, Wooden Irrigation Channel
AgriCraft:waterChannelFull:0, Wooden Irrigation Channel
AgriCraft:waterChannelFull:0, Wooden Irrigation Channel
AgriCraft:waterChannelFull:0, Wooden Irrigation Channel
AgriCraft:waterChannelFull:0, Wooden Irrigation Channel
AgriCraft:waterChannelFull:0, Wooden Irrigation Channel
AgriCraft:waterChannelFull:0, Wooden Irrigation Channel
AgriCraft:waterChannelFull:0, Wooden Irrigation Channel
AgriCraft:waterChannelFull:0, Wooden Irrigation Channel
AgriCraft:waterChannelFull:0, Wooden Irrigation Channel
AgriCraft:waterChannelFull:0, Wooden Irrigation Channel
AgriCraft:waterChannelFull:0, Wooden Irrigation Channel
AgriCraft:waterChannelFull:0, Wooden Irrigation Channel
AgriCraft:waterChannelFull:0, Wooden Irrigation Channel
AgriCraft:waterChannelFull:0, Wooden Irrigation Channel
AgriCraft:waterChannelFull:0, Wooden Irrigation Channel
AgriCraft:waterChannelFull:0, Wooden Irrigation Channel
AgriCraft:waterChannelFull:0, Wooden Irrigation Channel
AgriCraft:waterChannelFull:0, Wooden Irrigation Channel
AgriCraft:waterChannelFull:0, Wooden Irrigation Channel
AgriCraft:waterChannelFull:0, Wooden Irrigation Channel
AgriCraft:waterChannelFull:0, Wooden Irrigation Channel
AgriCraft:waterChannelFull:0, Wooden Irrigation Channel
AgriCraft:waterChannelFull:0, Wooden Irrigation Channel
AgriCraft:waterChannelFull:0, Wooden Irrigation Channel
AgriCraft:waterChannelFull:0, Wooden Irrigation Channel
AgriCraft:waterChannelFull:0, Wooden Irrigation Channel
AgriCraft:waterChannelFull:0, Wooden Irrigation Channel
AgriCraft:waterChannelFull:0, Wooden Irrigation Channel
AgriCraft:waterChannelFull:0, Wooden Irrigation Channel
AgriCraft:waterChannelFull:0, Wooden Irrigation Channel
AgriCraft:waterChannelFull:0, Wooden Irrigation Channel
AgriCraft:waterChannelFull:0, Wooden Irrigation Channel
AgriCraft:waterChannelFull:0, Wooden Irrigation Channel
AgriCraft:channelValve:0, Wooden Channel Valve
AgriCraft:channelValve:0, Wooden Channel Valve
AgriCraft:channelValve:0, Wooden Channel Valve
AgriCraft:channelValve:0, Wooden Channel Valve
AgriCraft:channelValve:0, Wooden Channel Valve
AgriCraft:channelValve:0, Wooden Channel Valve
AgriCraft:channelValve:0, Wooden Channel Valve
AgriCraft:channelValve:0, Wooden Channel Valve
AgriCraft:channelValve:0, Wooden Channel Valve
AgriCraft:channelValve:0, Wooden Channel Valve
AgriCraft:channelValve:0, Wooden Channel Valve
AgriCraft:channelValve:0, Wooden Channel Valve
AgriCraft:channelValve:0, Wooden Channel Valve
AgriCraft:channelValve:0, Wooden Channel Valve
AgriCraft:channelValve:0, Wooden Channel Valve
AgriCraft:channelValve:0, Wooden Channel Valve
AgriCraft:channelValve:0, Wooden Channel Valve
AgriCraft:channelValve:0, Wooden Channel Valve
AgriCraft:channelValve:0, Wooden Channel Valve
AgriCraft:channelValve:0, Wooden Channel Valve
AgriCraft:channelValve:0, Wooden Channel Valve
AgriCraft:channelValve:0, Wooden Channel Valve
AgriCraft:channelValve:0, Wooden Channel Valve
AgriCraft:channelValve:0, Wooden Channel Valve
AgriCraft:channelValve:0, Wooden Channel Valve
AgriCraft:channelValve:0, Wooden Channel Valve
AgriCraft:channelValve:0, Wooden Channel Valve
AgriCraft:channelValve:0, Wooden Channel Valve
AgriCraft:channelValve:0, Wooden Channel Valve
AgriCraft:channelValve:0, Wooden Channel Valve
AgriCraft:channelValve:0, Wooden Channel Valve
AgriCraft:channelValve:0, Wooden Channel Valve
AgriCraft:channelValve:0, Wooden Channel Valve
AgriCraft:channelValve:0, Wooden Channel Valve
AgriCraft:channelValve:0, Wooden Channel Valve
AgriCraft:channelValve:0, Wooden Channel Valve
AgriCraft:channelValve:0, Wooden Channel Valve
AgriCraft:channelValve:0, Wooden Channel Valve
AgriCraft:channelValve:0, Wooden Channel Valve
AgriCraft:channelValve:0, Wooden Channel Valve
AgriCraft:channelValve:0, Wooden Channel Valve
AgriCraft:channelValve:0, Wooden Channel Valve
AgriCraft:channelValve:0, Wooden Channel Valve
AgriCraft:channelValve:0, Wooden Channel Valve
AgriCraft:channelValve:0, Wooden Channel Valve
AgriCraft:channelValve:0, Wooden Channel Valve
AgriCraft:channelValve:0, Wooden Channel Valve
AgriCraft:channelValve:0, Wooden Channel Valve
AgriCraft:channelValve:0, Wooden Channel Valve
AgriCraft:channelValve:0, Wooden Channel Valve
AgriCraft:channelValve:0, Wooden Channel Valve
AgriCraft:channelValve:0, Wooden Channel Valve
AgriCraft:channelValve:0, Wooden Channel Valve
AgriCraft:channelValve:0, Wooden Channel Valve
AgriCraft:channelValve:0, Wooden Channel Valve
AgriCraft:channelValve:0, Wooden Channel Valve
AgriCraft:channelValve:0, Wooden Channel Valve
AgriCraft:channelValve:0, Wooden Channel Valve
AgriCraft:channelValve:0, Wooden Channel Valve
AgriCraft:channelValve:0, Wooden Channel Valve
AgriCraft:channelValve:0, Wooden Channel Valve
AgriCraft:channelValve:0, Wooden Channel Valve
AgriCraft:channelValve:0, Wooden Channel Valve
AgriCraft:channelValve:0, Wooden Channel Valve
AgriCraft:channelValve:0, Wooden Channel Valve
AgriCraft:channelValve:0, Wooden Channel Valve
AgriCraft:channelValve:0, Wooden Channel Valve
AgriCraft:channelValve:0, Wooden Channel Valve
AgriCraft:channelValve:0, Wooden Channel Valve
AgriCraft:channelValve:0, Wooden Channel Valve
AgriCraft:channelValve:0, Wooden Channel Valve
AgriCraft:channelValve:0, Wooden Channel Valve
AgriCraft:channelValve:0, Wooden Channel Valve
AgriCraft:channelValve:0, Wooden Channel Valve
AgriCraft:channelValve:0, Wooden Channel Valve
AgriCraft:channelValve:0, Wooden Channel Valve
AgriCraft:channelValve:0, Wooden Channel Valve
AgriCraft:channelValve:0, Wooden Channel Valve
AgriCraft:channelValve:0, Wooden Channel Valve
AgriCraft:channelValve:0, Wooden Channel Valve
AgriCraft:channelValve:0, Wooden Channel Valve
AgriCraft:channelValve:0, Wooden Channel Valve
AgriCraft:channelValve:0, Wooden Channel Valve
AgriCraft:channelValve:0, Wooden Channel Valve
AgriCraft:channelValve:0, Wooden Channel Valve
AgriCraft:channelValve:0, Wooden Channel Valve
AgriCraft:channelValve:0, Wooden Channel Valve
AgriCraft:channelValve:0, Wooden Channel Valve
AgriCraft:channelValve:0, Wooden Channel Valve
AgriCraft:channelValve:0, Wooden Channel Valve
AgriCraft:channelValve:0, Wooden Channel Valve
AgriCraft:channelValve:0, Wooden Channel Valve
AgriCraft:channelValve:0, Wooden Channel Valve
AgriCraft:channelValve:0, Wooden Channel Valve
AgriCraft:channelValve:0, Wooden Channel Valve
AgriCraft:channelValve:0, Wooden Channel Valve
AgriCraft:channelValve:0, Wooden Channel Valve
AgriCraft:channelValve:0, Wooden Channel Valve
AgriCraft:channelValve:0, Wooden Channel Valve
AgriCraft:channelValve:0, Wooden Channel Valve
AgriCraft:channelValve:0, Wooden Channel Valve
AgriCraft:channelValve:0, Wooden Channel Valve
AgriCraft:channelValve:0, Wooden Channel Valve
AgriCraft:channelValve:0, Wooden Channel Valve
AgriCraft:channelValve:0, Wooden Channel Valve
AgriCraft:channelValve:0, Wooden Channel Valve
AgriCraft:channelValve:0, Wooden Channel Valve
AgriCraft:channelValve:0, Wooden Channel Valve
AgriCraft:channelValve:0, Wooden Channel Valve
AgriCraft:channelValve:0, Wooden Channel Valve
AgriCraft:channelValve:0, Wooden Channel Valve
AgriCraft:channelValve:0, Wooden Channel Valve
AgriCraft:channelValve:0, Wooden Channel Valve
AgriCraft:channelValve:0, Wooden Channel Valve
AgriCraft:channelValve:0, Wooden Channel Valve
AgriCraft:channelValve:0, Wooden Channel Valve
AgriCraft:channelValve:0, Wooden Channel Valve
AgriCraft:channelValve:0, Wooden Channel Valve
AgriCraft:channelValve:0, Wooden Channel Valve
AgriCraft:channelValve:0, Wooden Channel Valve
AgriCraft:channelValve:0, Wooden Channel Valve
AgriCraft:channelValve:0, Wooden Channel Valve
AgriCraft:channelValve:0, Wooden Channel Valve
AgriCraft:channelValve:0, Wooden Channel Valve
AgriCraft:channelValve:0, Wooden Channel Valve
AgriCraft:channelValve:0, Wooden Channel Valve
AgriCraft:channelValve:0, Wooden Channel Valve
AgriCraft:channelValve:0, Wooden Channel Valve
AgriCraft:channelValve:0, Wooden Channel Valve
AgriCraft:channelValve:0, Wooden Channel Valve
AgriCraft:channelValve:0, Wooden Channel Valve
AgriCraft:channelValve:0, Wooden Channel Valve
AgriCraft:channelValve:0, Wooden Channel Valve
AgriCraft:channelValve:0, Wooden Channel Valve
AgriCraft:channelValve:0, Wooden Channel Valve
AgriCraft:channelValve:0, Wooden Channel Valve
AgriCraft:channelValve:0, Wooden Channel Valve
AgriCraft:channelValve:0, Wooden Channel Valve
AgriCraft:channelValve:0, Wooden Channel Valve
AgriCraft:channelValve:0, Wooden Channel Valve
AgriCraft:channelValve:0, Wooden Channel Valve
AgriCraft:channelValve:0, Wooden Channel Valve
AgriCraft:channelValve:0, Wooden Channel Valve
AgriCraft:channelValve:0, Wooden Channel Valve
AgriCraft:channelValve:0, Wooden Channel Valve
AgriCraft:channelValve:0, Wooden Channel Valve
AgriCraft:channelValve:0, Wooden Channel Valve
AgriCraft:channelValve:0, Wooden Channel Valve
AgriCraft:channelValve:0, Wooden Channel Valve
AgriCraft:channelValve:0, Wooden Channel Valve
AgriCraft:channelValve:0, Wooden Channel Valve
AgriCraft:channelValve:0, Wooden Channel Valve
AgriCraft:channelValve:0, Wooden Channel Valve
AgriCraft:channelValve:0, Wooden Channel Valve
AgriCraft:channelValve:0, Wooden Channel Valve
AgriCraft:channelValve:0, Wooden Channel Valve
AgriCraft:channelValve:0, Wooden Channel Valve
AgriCraft:channelValve:0, Wooden Channel Valve
AgriCraft:channelValve:0, Wooden Channel Valve
AgriCraft:channelValve:0, Wooden Channel Valve
AgriCraft:channelValve:0, Wooden Channel Valve
AgriCraft:channelValve:0, Wooden Channel Valve
AgriCraft:channelValve:0, Wooden Channel Valve
AgriCraft:channelValve:0, Wooden Channel Valve
AgriCraft:channelValve:0, Wooden Channel Valve
AgriCraft:channelValve:0, Wooden Channel Valve
AgriCraft:channelValve:0, Wooden Channel Valve
AgriCraft:channelValve:0, Wooden Channel Valve
AgriCraft:channelValve:0, Wooden Channel Valve
AgriCraft:channelValve:0, Wooden Channel Valve
AgriCraft:channelValve:0, Wooden Channel Valve
AgriCraft:channelValve:0, Wooden Channel Valve
AgriCraft:channelValve:0, Wooden Channel Valve
AgriCraft:channelValve:0, Wooden Channel Valve
AgriCraft:channelValve:0, Wooden Channel Valve
AgriCraft:channelValve:0, Wooden Channel Valve
AgriCraft:channelValve:0, Wooden Channel Valve
AgriCraft:channelValve:0, Wooden Channel Valve
AgriCraft:channelValve:0, Wooden Channel Valve
AgriCraft:channelValve:0, Wooden Channel Valve
AgriCraft:channelValve:0, Wooden Channel Valve
AgriCraft:channelValve:0, Wooden Channel Valve
AgriCraft:channelValve:0, Wooden Channel Valve
AgriCraft:channelValve:0, Wooden Channel Valve
AgriCraft:channelValve:0, Wooden Channel Valve
AgriCraft:channelValve:0, Wooden Channel Valve
AgriCraft:channelValve:0, Wooden Channel Valve
AgriCraft:channelValve:0, Wooden Channel Valve
AgriCraft:channelValve:0, Wooden Channel Valve
AgriCraft:channelValve:0, Wooden Channel Valve
AgriCraft:channelValve:0, Wooden Channel Valve
AgriCraft:channelValve:0, Wooden Channel Valve
AgriCraft:channelValve:0, Wooden Channel Valve
AgriCraft:channelValve:0, Wooden Channel Valve
AgriCraft:channelValve:0, Wooden Channel Valve
AgriCraft:channelValve:0, Wooden Channel Valve
AgriCraft:channelValve:0, Wooden Channel Valve
AgriCraft:channelValve:0, Wooden Channel Valve
AgriCraft:channelValve:0, Wooden Channel Valve
AgriCraft:channelValve:0, Wooden Channel Valve
AgriCraft:channelValve:0, Wooden Channel Valve
AgriCraft:channelValve:0, Wooden Channel Valve
AgriCraft:channelValve:0, Wooden Channel Valve
AgriCraft:channelValve:0, Wooden Channel Valve
AgriCraft:channelValve:0, Wooden Channel Valve
AgriCraft:channelValve:0, Wooden Channel Valve
AgriCraft:channelValve:0, Wooden Channel Valve
AgriCraft:channelValve:0, Wooden Channel Valve
AgriCraft:channelValve:0, Wooden Channel Valve
AgriCraft:channelValve:0, Wooden Channel Valve
AgriCraft:channelValve:0, Wooden Channel Valve
AgriCraft:channelValve:0, Wooden Channel Valve
AgriCraft:channelValve:0, Wooden Channel Valve
AgriCraft:channelValve:0, Wooden Channel Valve
AgriCraft:channelValve:0, Wooden Channel Valve
AgriCraft:channelValve:0, Wooden Channel Valve
AgriCraft:channelValve:0, Wooden Channel Valve
AgriCraft:channelValve:0, Wooden Channel Valve
AgriCraft:channelValve:0, Wooden Channel Valve
AgriCraft:channelValve:0, Wooden Channel Valve
AgriCraft:channelValve:0, Wooden Channel Valve
AgriCraft:channelValve:0, Wooden Channel Valve
AgriCraft:channelValve:0, Wooden Channel Valve
AgriCraft:channelValve:0, Wooden Channel Valve
AgriCraft:channelValve:0, Wooden Channel Valve
AgriCraft:channelValve:0, Wooden Channel Valve
AgriCraft:channelValve:0, Wooden Channel Valve
AgriCraft:channelValve:0, Wooden Channel Valve
AgriCraft:channelValve:0, Wooden Channel Valve
AgriCraft:channelValve:0, Wooden Channel Valve
AgriCraft:channelValve:0, Wooden Channel Valve
AgriCraft:channelValve:0, Wooden Channel Valve
AgriCraft:channelValve:0, Wooden Channel Valve
AgriCraft:channelValve:0, Wooden Channel Valve
AgriCraft:channelValve:0, Wooden Channel Valve
AgriCraft:channelValve:0, Wooden Channel Valve
AgriCraft:channelValve:0, Wooden Channel Valve
AgriCraft:channelValve:0, Wooden Channel Valve
AgriCraft:channelValve:0, Wooden Channel Valve
AgriCraft:channelValve:0, Wooden Channel Valve
AgriCraft:channelValve:0, Wooden Channel Valve
AgriCraft:channelValve:0, Wooden Channel Valve
AgriCraft:channelValve:0, Wooden Channel Valve
AgriCraft:channelValve:0, Wooden Channel Valve
AgriCraft:channelValve:0, Wooden Channel Valve
AgriCraft:channelValve:0, Wooden Channel Valve
AgriCraft:channelValve:0, Wooden Channel Valve
AgriCraft:channelValve:0, Wooden Channel Valve
AgriCraft:channelValve:0, Wooden Channel Valve
AgriCraft:channelValve:0, Wooden Channel Valve
AgriCraft:channelValve:0, Wooden Channel Valve
AgriCraft:channelValve:0, Wooden Channel Valve
AgriCraft:channelValve:0, Wooden Channel Valve
AgriCraft:channelValve:0, Wooden Channel Valve
AgriCraft:channelValve:0, Wooden Channel Valve
AgriCraft:channelValve:0, Wooden Channel Valve
AgriCraft:channelValve:0, Wooden Channel Valve
AgriCraft:channelValve:0, Wooden Channel Valve
AgriCraft:channelValve:0, Wooden Channel Valve
AgriCraft:channelValve:0, Wooden Channel Valve
AgriCraft:channelValve:0, Wooden Channel Valve
AgriCraft:sprinkler, Sprinkler
AgriCraft:seedStorage:0, Seed Storage
AgriCraft:seedStorage:0, Seed Storage
AgriCraft:seedStorage:0, Seed Storage
AgriCraft:seedStorage:0, Seed Storage
AgriCraft:seedStorage:0, Seed Storage
AgriCraft:seedStorage:0, Seed Storage
AgriCraft:seedStorage:0, Seed Storage
AgriCraft:seedStorage:0, Seed Storage
AgriCraft:seedStorage:0, Seed Storage
AgriCraft:seedStorage:0, Seed Storage
AgriCraft:seedStorage:0, Seed Storage
AgriCraft:seedStorage:0, Seed Storage
AgriCraft:seedStorage:0, Seed Storage
AgriCraft:seedStorage:0, Seed Storage
AgriCraft:seedStorage:0, Seed Storage
AgriCraft:seedStorage:0, Seed Storage
AgriCraft:seedStorage:0, Seed Storage
AgriCraft:seedStorage:0, Seed Storage
AgriCraft:seedStorage:0, Seed Storage
AgriCraft:seedStorage:0, Seed Storage
AgriCraft:seedStorage:0, Seed Storage
AgriCraft:seedStorage:0, Seed Storage
AgriCraft:seedStorage:0, Seed Storage
AgriCraft:seedStorage:0, Seed Storage
AgriCraft:seedStorage:0, Seed Storage
AgriCraft:seedStorage:0, Seed Storage
AgriCraft:seedStorage:0, Seed Storage
AgriCraft:seedStorage:0, Seed Storage
AgriCraft:seedStorage:0, Seed Storage
AgriCraft:seedStorage:0, Seed Storage
AgriCraft:seedStorage:0, Seed Storage
AgriCraft:seedStorage:0, Seed Storage
AgriCraft:seedStorage:0, Seed Storage
AgriCraft:seedStorage:0, Seed Storage
AgriCraft:seedStorage:0, Seed Storage
AgriCraft:seedStorage:0, Seed Storage
AgriCraft:seedStorage:0, Seed Storage
AgriCraft:seedStorage:0, Seed Storage
AgriCraft:seedStorage:0, Seed Storage
AgriCraft:seedStorage:0, Seed Storage
AgriCraft:seedStorage:0, Seed Storage
AgriCraft:seedStorage:0, Seed Storage
AgriCraft:seedStorage:0, Seed Storage
AgriCraft:seedStorage:0, Seed Storage
AgriCraft:seedStorage:0, Seed Storage
AgriCraft:seedStorage:0, Seed Storage
AgriCraft:seedStorage:0, Seed Storage
AgriCraft:seedStorage:0, Seed Storage
AgriCraft:seedStorage:0, Seed Storage
AgriCraft:seedStorage:0, Seed Storage
AgriCraft:seedStorage:0, Seed Storage
AgriCraft:seedStorage:0, Seed Storage
AgriCraft:seedStorage:0, Seed Storage
AgriCraft:seedStorage:0, Seed Storage
AgriCraft:seedStorage:0, Seed Storage
AgriCraft:seedStorage:0, Seed Storage
AgriCraft:seedStorage:0, Seed Storage
AgriCraft:seedStorage:0, Seed Storage
AgriCraft:seedStorage:0, Seed Storage
AgriCraft:seedStorage:0, Seed Storage
AgriCraft:seedStorage:0, Seed Storage
AgriCraft:seedStorage:0, Seed Storage
AgriCraft:seedStorage:0, Seed Storage
AgriCraft:seedStorage:0, Seed Storage
AgriCraft:seedStorage:0, Seed Storage
AgriCraft:seedStorage:0, Seed Storage
AgriCraft:seedStorage:0, Seed Storage
AgriCraft:seedStorage:0, Seed Storage
AgriCraft:seedStorage:0, Seed Storage
AgriCraft:seedStorage:0, Seed Storage
AgriCraft:seedStorage:0, Seed Storage
AgriCraft:seedStorage:0, Seed Storage
AgriCraft:seedStorage:0, Seed Storage
AgriCraft:seedStorage:0, Seed Storage
AgriCraft:seedStorage:0, Seed Storage
AgriCraft:seedStorage:0, Seed Storage
AgriCraft:seedStorage:0, Seed Storage
AgriCraft:seedStorage:0, Seed Storage
AgriCraft:seedStorage:0, Seed Storage
AgriCraft:seedStorage:0, Seed Storage
AgriCraft:seedStorage:0, Seed Storage
AgriCraft:seedStorage:0, Seed Storage
AgriCraft:seedStorage:0, Seed Storage
AgriCraft:seedStorage:0, Seed Storage
AgriCraft:seedStorage:0, Seed Storage
AgriCraft:seedStorage:0, Seed Storage
AgriCraft:seedStorage:0, Seed Storage
AgriCraft:seedStorage:0, Seed Storage
AgriCraft:seedStorage:0, Seed Storage
AgriCraft:seedStorage:0, Seed Storage
AgriCraft:seedStorage:0, Seed Storage
AgriCraft:seedStorage:0, Seed Storage
AgriCraft:seedStorage:0, Seed Storage
AgriCraft:seedStorage:0, Seed Storage
AgriCraft:seedStorage:0, Seed Storage
AgriCraft:seedStorage:0, Seed Storage
AgriCraft:seedStorage:0, Seed Storage
AgriCraft:seedStorage:0, Seed Storage
AgriCraft:seedStorage:0, Seed Storage
AgriCraft:seedStorage:0, Seed Storage
AgriCraft:seedStorage:0, Seed Storage
AgriCraft:seedStorage:0, Seed Storage
AgriCraft:seedStorage:0, Seed Storage
AgriCraft:seedStorage:0, Seed Storage
AgriCraft:seedStorage:0, Seed Storage
AgriCraft:seedStorage:0, Seed Storage
AgriCraft:seedStorage:0, Seed Storage
AgriCraft:seedStorage:0, Seed Storage
AgriCraft:seedStorage:0, Seed Storage
AgriCraft:seedStorage:0, Seed Storage
AgriCraft:seedStorage:0, Seed Storage
AgriCraft:seedStorage:0, Seed Storage
AgriCraft:seedStorage:0, Seed Storage
AgriCraft:seedStorage:0, Seed Storage
AgriCraft:seedStorage:0, Seed Storage
AgriCraft:seedStorage:0, Seed Storage
AgriCraft:seedStorage:0, Seed Storage
AgriCraft:seedStorage:0, Seed Storage
AgriCraft:seedStorage:0, Seed Storage
AgriCraft:seedStorage:0, Seed Storage
AgriCraft:seedStorage:0, Seed Storage
AgriCraft:seedStorage:0, Seed Storage
AgriCraft:seedStorage:0, Seed Storage
AgriCraft:seedStorage:0, Seed Storage
AgriCraft:seedStorage:0, Seed Storage
AgriCraft:seedStorage:0, Seed Storage
AgriCraft:seedStorage:0, Seed Storage
AgriCraft:seedStorage:0, Seed Storage
AgriCraft:seedStorage:0, Seed Storage
AgriCraft:seedStorage:0, Seed Storage
AgriCraft:seedStorage:0, Seed Storage
AgriCraft:seedStorage:0, Seed Storage
AgriCraft:seedStorage:0, Seed Storage
AgriCraft:seedStorage:0, Seed Storage
AgriCraft:seedStorage:0, Seed Storage
AgriCraft:seedStorage:0, Seed Storage
AgriCraft:seedStorage:0, Seed Storage
AgriCraft:seedStorage:0, Seed Storage
AgriCraft:seedStorage:0, Seed Storage
AgriCraft:seedStorage:0, Seed Storage
AgriCraft:seedStorage:0, Seed Storage
AgriCraft:seedStorage:0, Seed Storage
AgriCraft:seedStorage:0, Seed Storage
AgriCraft:seedStorage:0, Seed Storage
AgriCraft:seedStorage:0, Seed Storage
AgriCraft:seedStorage:0, Seed Storage
AgriCraft:seedStorage:0, Seed Storage
AgriCraft:seedStorage:0, Seed Storage
AgriCraft:seedStorage:0, Seed Storage
AgriCraft:seedStorage:0, Seed Storage
AgriCraft:seedStorage:0, Seed Storage
AgriCraft:seedStorage:0, Seed Storage
AgriCraft:seedStorage:0, Seed Storage
AgriCraft:seedStorage:0, Seed Storage
AgriCraft:seedStorage:0, Seed Storage
AgriCraft:seedStorage:0, Seed Storage
AgriCraft:seedStorage:0, Seed Storage
AgriCraft:seedStorage:0, Seed Storage
AgriCraft:seedStorage:0, Seed Storage
AgriCraft:seedStorage:0, Seed Storage
AgriCraft:seedStorage:0, Seed Storage
AgriCraft:seedStorage:0, Seed Storage
AgriCraft:seedStorage:0, Seed Storage
AgriCraft:seedStorage:0, Seed Storage
AgriCraft:seedStorage:0, Seed Storage
AgriCraft:seedStorage:0, Seed Storage
AgriCraft:seedStorage:0, Seed Storage
AgriCraft:seedStorage:0, Seed Storage
AgriCraft:seedStorage:0, Seed Storage
AgriCraft:seedStorage:0, Seed Storage
AgriCraft:seedStorage:0, Seed Storage
AgriCraft:seedStorage:0, Seed Storage
AgriCraft:seedStorage:0, Seed Storage
AgriCraft:seedStorage:0, Seed Storage
AgriCraft:seedStorage:0, Seed Storage
AgriCraft:seedStorage:0, Seed Storage
AgriCraft:seedStorage:0, Seed Storage
AgriCraft:seedStorage:0, Seed Storage
AgriCraft:seedStorage:0, Seed Storage
AgriCraft:seedStorage:0, Seed Storage
AgriCraft:seedStorage:0, Seed Storage
AgriCraft:seedStorage:0, Seed Storage
AgriCraft:seedStorage:0, Seed Storage
AgriCraft:seedStorage:0, Seed Storage
AgriCraft:seedStorage:0, Seed Storage
AgriCraft:seedStorage:0, Seed Storage
AgriCraft:seedStorage:0, Seed Storage
AgriCraft:seedStorage:0, Seed Storage
AgriCraft:seedStorage:0, Seed Storage
AgriCraft:seedStorage:0, Seed Storage
AgriCraft:seedStorage:0, Seed Storage
AgriCraft:seedStorage:0, Seed Storage
AgriCraft:seedStorage:0, Seed Storage
AgriCraft:seedStorage:0, Seed Storage
AgriCraft:seedStorage:0, Seed Storage
AgriCraft:seedStorage:0, Seed Storage
AgriCraft:seedStorage:0, Seed Storage
AgriCraft:seedStorage:0, Seed Storage
AgriCraft:seedStorage:0, Seed Storage
AgriCraft:seedStorage:0, Seed Storage
AgriCraft:seedStorage:0, Seed Storage
AgriCraft:seedStorage:0, Seed Storage
AgriCraft:seedStorage:0, Seed Storage
AgriCraft:seedStorage:0, Seed Storage
AgriCraft:seedStorage:0, Seed Storage
AgriCraft:seedStorage:0, Seed Storage
AgriCraft:seedStorage:0, Seed Storage
AgriCraft:seedStorage:0, Seed Storage
AgriCraft:seedStorage:0, Seed Storage
AgriCraft:seedStorage:0, Seed Storage
AgriCraft:seedStorage:0, Seed Storage
AgriCraft:seedStorage:0, Seed Storage
AgriCraft:seedStorage:0, Seed Storage
AgriCraft:seedStorage:0, Seed Storage
AgriCraft:seedStorage:0, Seed Storage
AgriCraft:seedStorage:0, Seed Storage
AgriCraft:seedStorage:0, Seed Storage
AgriCraft:seedStorage:0, Seed Storage
AgriCraft:seedStorage:0, Seed Storage
AgriCraft:seedStorage:0, Seed Storage
AgriCraft:seedStorage:0, Seed Storage
AgriCraft:seedStorage:0, Seed Storage
AgriCraft:seedStorage:0, Seed Storage
AgriCraft:seedStorage:0, Seed Storage
AgriCraft:seedStorage:0, Seed Storage
AgriCraft:seedStorage:0, Seed Storage
AgriCraft:seedStorage:0, Seed Storage
AgriCraft:seedStorage:0, Seed Storage
AgriCraft:seedStorage:0, Seed Storage
AgriCraft:seedStorage:0, Seed Storage
AgriCraft:seedStorage:0, Seed Storage
AgriCraft:seedStorage:0, Seed Storage
AgriCraft:seedStorage:0, Seed Storage
AgriCraft:seedStorage:0, Seed Storage
AgriCraft:seedStorage:0, Seed Storage
AgriCraft:seedStorage:0, Seed Storage
AgriCraft:seedStorage:0, Seed Storage
AgriCraft:seedStorage:0, Seed Storage
AgriCraft:seedStorage:0, Seed Storage
AgriCraft:seedStorage:0, Seed Storage
AgriCraft:seedStorage:0, Seed Storage
AgriCraft:seedStorage:0, Seed Storage
AgriCraft:seedStorage:0, Seed Storage
AgriCraft:seedStorage:0, Seed Storage
AgriCraft:seedStorage:0, Seed Storage
AgriCraft:seedStorage:0, Seed Storage
AgriCraft:seedStorage:0, Seed Storage
AgriCraft:seedStorage:0, Seed Storage
AgriCraft:seedStorage:0, Seed Storage
AgriCraft:seedStorage:0, Seed Storage
AgriCraft:seedStorage:0, Seed Storage
AgriCraft:seedStorage:0, Seed Storage
AgriCraft:seedStorage:0, Seed Storage
AgriCraft:seedStorage:0, Seed Storage
AgriCraft:seedStorage:0, Seed Storage
AgriCraft:seedStorage:0, Seed Storage
AgriCraft:seedStorage:0, Seed Storage
AgriCraft:seedStorage:0, Seed Storage
AgriCraft:seedStorage:0, Seed Storage
AgriCraft:seedStorage:0, Seed Storage
AgriCraft:seedStorage:0, Seed Storage
AgriCraft:peripheral, Computer Controlled Seed Analyzer
AgriCraft:fence:0, Fence
AgriCraft:fence:0, Fence
AgriCraft:fence:0, Fence
AgriCraft:fence:0, Fence
AgriCraft:fence:0, Fence
AgriCraft:fence:0, Fence
AgriCraft:fence:0, Fence
AgriCraft:fence:0, Fence
AgriCraft:fence:0, Fence
AgriCraft:fence:0, Fence
AgriCraft:fence:0, Fence
AgriCraft:fence:0, Fence
AgriCraft:fence:0, Fence
AgriCraft:fence:0, Fence
AgriCraft:fence:0, Fence
AgriCraft:fence:0, Fence
AgriCraft:fence:0, Fence
AgriCraft:fence:0, Fence
AgriCraft:fence:0, Fence
AgriCraft:fence:0, Fence
AgriCraft:fence:0, Fence
AgriCraft:fence:0, Fence
AgriCraft:fence:0, Fence
AgriCraft:fence:0, Fence
AgriCraft:fence:0, Fence
AgriCraft:fence:0, Fence
AgriCraft:fence:0, Fence
AgriCraft:fence:0, Fence
AgriCraft:fence:0, Fence
AgriCraft:fence:0, Fence
AgriCraft:fence:0, Fence
AgriCraft:fence:0, Fence
AgriCraft:fence:0, Fence
AgriCraft:fence:0, Fence
AgriCraft:fence:0, Fence
AgriCraft:fence:0, Fence
AgriCraft:fence:0, Fence
AgriCraft:fence:0, Fence
AgriCraft:fence:0, Fence
AgriCraft:fence:0, Fence
AgriCraft:fence:0, Fence
AgriCraft:fence:0, Fence
AgriCraft:fence:0, Fence
AgriCraft:fence:0, Fence
AgriCraft:fence:0, Fence
AgriCraft:fence:0, Fence
AgriCraft:fence:0, Fence
AgriCraft:fence:0, Fence
AgriCraft:fence:0, Fence
AgriCraft:fence:0, Fence
AgriCraft:fence:0, Fence
AgriCraft:fence:0, Fence
AgriCraft:fence:0, Fence
AgriCraft:fence:0, Fence
AgriCraft:fence:0, Fence
AgriCraft:fence:0, Fence
AgriCraft:fence:0, Fence
AgriCraft:fence:0, Fence
AgriCraft:fence:0, Fence
AgriCraft:fence:0, Fence
AgriCraft:fence:0, Fence
AgriCraft:fence:0, Fence
AgriCraft:fence:0, Fence
AgriCraft:fence:0, Fence
AgriCraft:fence:0, Fence
AgriCraft:fence:0, Fence
AgriCraft:fence:0, Fence
AgriCraft:fence:0, Fence
AgriCraft:fence:0, Fence
AgriCraft:fence:0, Fence
AgriCraft:fence:0, Fence
AgriCraft:fence:0, Fence
AgriCraft:fence:0, Fence
AgriCraft:fence:0, Fence
AgriCraft:fence:0, Fence
AgriCraft:fence:0, Fence
AgriCraft:fence:0, Fence
AgriCraft:fence:0, Fence
AgriCraft:fence:0, Fence
AgriCraft:fence:0, Fence
AgriCraft:fence:0, Fence
AgriCraft:fence:0, Fence
AgriCraft:fence:0, Fence
AgriCraft:fence:0, Fence
AgriCraft:fence:0, Fence
AgriCraft:fence:0, Fence
AgriCraft:fence:0, Fence
AgriCraft:fence:0, Fence
AgriCraft:fence:0, Fence
AgriCraft:fence:0, Fence
AgriCraft:fence:0, Fence
AgriCraft:fence:0, Fence
AgriCraft:fence:0, Fence
AgriCraft:fence:0, Fence
AgriCraft:fence:0, Fence
AgriCraft:fence:0, Fence
AgriCraft:fence:0, Fence
AgriCraft:fence:0, Fence
AgriCraft:fence:0, Fence
AgriCraft:fence:0, Fence
AgriCraft:fence:0, Fence
AgriCraft:fence:0, Fence
AgriCraft:fence:0, Fence
AgriCraft:fence:0, Fence
AgriCraft:fence:0, Fence
AgriCraft:fence:0, Fence
AgriCraft:fence:0, Fence
AgriCraft:fence:0, Fence
AgriCraft:fence:0, Fence
AgriCraft:fence:0, Fence
AgriCraft:fence:0, Fence
AgriCraft:fence:0, Fence
AgriCraft:fence:0, Fence
AgriCraft:fence:0, Fence
AgriCraft:fence:0, Fence
AgriCraft:fence:0, Fence
AgriCraft:fence:0, Fence
AgriCraft:fence:0, Fence
AgriCraft:fence:0, Fence
AgriCraft:fence:0, Fence
AgriCraft:fence:0, Fence
AgriCraft:fence:0, Fence
AgriCraft:fence:0, Fence
AgriCraft:fence:0, Fence
AgriCraft:fence:0, Fence
AgriCraft:fence:0, Fence
AgriCraft:fence:0, Fence
AgriCraft:fence:0, Fence
AgriCraft:fence:0, Fence
AgriCraft:fence:0, Fence
AgriCraft:fence:0, Fence
AgriCraft:fence:0, Fence
AgriCraft:fence:0, Fence
AgriCraft:fence:0, Fence
AgriCraft:fence:0, Fence
AgriCraft:fence:0, Fence
AgriCraft:fence:0, Fence
AgriCraft:fence:0, Fence
AgriCraft:fence:0, Fence
AgriCraft:fence:0, Fence
AgriCraft:fence:0, Fence
AgriCraft:fence:0, Fence
AgriCraft:fence:0, Fence
AgriCraft:fence:0, Fence
AgriCraft:fence:0, Fence
AgriCraft:fence:0, Fence
AgriCraft:fence:0, Fence
AgriCraft:fence:0, Fence
AgriCraft:fence:0, Fence
AgriCraft:fence:0, Fence
AgriCraft:fence:0, Fence
AgriCraft:fence:0, Fence
AgriCraft:fence:0, Fence
AgriCraft:fence:0, Fence
AgriCraft:fence:0, Fence
AgriCraft:fence:0, Fence
AgriCraft:fence:0, Fence
AgriCraft:fence:0, Fence
AgriCraft:fence:0, Fence
AgriCraft:fence:0, Fence
AgriCraft:fence:0, Fence
AgriCraft:fence:0, Fence
AgriCraft:fence:0, Fence
AgriCraft:fence:0, Fence
AgriCraft:fence:0, Fence
AgriCraft:fence:0, Fence
AgriCraft:fence:0, Fence
AgriCraft:fence:0, Fence
AgriCraft:fence:0, Fence
AgriCraft:fence:0, Fence
AgriCraft:fence:0, Fence
AgriCraft:fence:0, Fence
AgriCraft:fence:0, Fence
AgriCraft:fence:0, Fence
AgriCraft:fence:0, Fence
AgriCraft:fence:0, Fence
AgriCraft:fence:0, Fence
AgriCraft:fence:0, Fence
AgriCraft:fence:0, Fence
AgriCraft:fence:0, Fence
AgriCraft:fence:0, Fence
AgriCraft:fence:0, Fence
AgriCraft:fence:0, Fence
AgriCraft:fence:0, Fence
AgriCraft:fence:0, Fence
AgriCraft:fence:0, Fence
AgriCraft:fence:0, Fence
AgriCraft:fence:0, Fence
AgriCraft:fence:0, Fence
AgriCraft:fence:0, Fence
AgriCraft:fence:0, Fence
AgriCraft:fence:0, Fence
AgriCraft:fence:0, Fence
AgriCraft:fence:0, Fence
AgriCraft:fence:0, Fence
AgriCraft:fence:0, Fence
AgriCraft:fence:0, Fence
AgriCraft:fence:0, Fence
AgriCraft:fence:0, Fence
AgriCraft:fence:0, Fence
AgriCraft:fence:0, Fence
AgriCraft:fence:0, Fence
AgriCraft:fence:0, Fence
AgriCraft:fence:0, Fence
AgriCraft:fence:0, Fence
AgriCraft:fence:0, Fence
AgriCraft:fence:0, Fence
AgriCraft:fence:0, Fence
AgriCraft:fence:0, Fence
AgriCraft:fence:0, Fence
AgriCraft:fence:0, Fence
AgriCraft:fence:0, Fence
AgriCraft:fence:0, Fence
AgriCraft:fence:0, Fence
AgriCraft:fence:0, Fence
AgriCraft:fence:0, Fence
AgriCraft:fence:0, Fence
AgriCraft:fence:0, Fence
AgriCraft:fence:0, Fence
AgriCraft:fence:0, Fence
AgriCraft:fence:0, Fence
AgriCraft:fence:0, Fence
AgriCraft:fence:0, Fence
AgriCraft:fence:0, Fence
AgriCraft:fence:0, Fence
AgriCraft:fence:0, Fence
AgriCraft:fence:0, Fence
AgriCraft:fence:0, Fence
AgriCraft:fence:0, Fence
AgriCraft:fence:0, Fence
AgriCraft:fence:0, Fence
AgriCraft:fence:0, Fence
AgriCraft:fence:0, Fence
AgriCraft:fence:0, Fence
AgriCraft:fence:0, Fence
AgriCraft:fence:0, Fence
AgriCraft:fence:0, Fence
AgriCraft:fence:0, Fence
AgriCraft:fence:0, Fence
AgriCraft:fence:0, Fence
AgriCraft:fence:0, Fence
AgriCraft:fence:0, Fence
AgriCraft:fence:0, Fence
AgriCraft:fence:0, Fence
AgriCraft:fence:0, Fence
AgriCraft:fence:0, Fence
AgriCraft:fence:0, Fence
AgriCraft:fence:0, Fence
AgriCraft:fence:0, Fence
AgriCraft:fence:0, Fence
AgriCraft:fence:0, Fence
AgriCraft:fence:0, Fence
AgriCraft:fence:0, Fence
AgriCraft:fence:0, Fence
AgriCraft:fence:0, Fence
AgriCraft:fence:0, Fence
AgriCraft:fence:0, Fence
AgriCraft:fence:0, Fence
AgriCraft:fence:0, Fence
AgriCraft:fence:0, Fence
AgriCraft:fence:0, Fence
AgriCraft:fenceGate:0, Fence Gate
AgriCraft:fenceGate:0, Fence Gate
AgriCraft:fenceGate:0, Fence Gate
AgriCraft:fenceGate:0, Fence Gate
AgriCraft:fenceGate:0, Fence Gate
AgriCraft:fenceGate:0, Fence Gate
AgriCraft:fenceGate:0, Fence Gate
AgriCraft:fenceGate:0, Fence Gate
AgriCraft:fenceGate:0, Fence Gate
AgriCraft:fenceGate:0, Fence Gate
AgriCraft:fenceGate:0, Fence Gate
AgriCraft:fenceGate:0, Fence Gate
AgriCraft:fenceGate:0, Fence Gate
AgriCraft:fenceGate:0, Fence Gate
AgriCraft:fenceGate:0, Fence Gate
AgriCraft:fenceGate:0, Fence Gate
AgriCraft:fenceGate:0, Fence Gate
AgriCraft:fenceGate:0, Fence Gate
AgriCraft:fenceGate:0, Fence Gate
AgriCraft:fenceGate:0, Fence Gate
AgriCraft:fenceGate:0, Fence Gate
AgriCraft:fenceGate:0, Fence Gate
AgriCraft:fenceGate:0, Fence Gate
AgriCraft:fenceGate:0, Fence Gate
AgriCraft:fenceGate:0, Fence Gate
AgriCraft:fenceGate:0, Fence Gate
AgriCraft:fenceGate:0, Fence Gate
AgriCraft:fenceGate:0, Fence Gate
AgriCraft:fenceGate:0, Fence Gate
AgriCraft:fenceGate:0, Fence Gate
AgriCraft:fenceGate:0, Fence Gate
AgriCraft:fenceGate:0, Fence Gate
AgriCraft:fenceGate:0, Fence Gate
AgriCraft:fenceGate:0, Fence Gate
AgriCraft:fenceGate:0, Fence Gate
AgriCraft:fenceGate:0, Fence Gate
AgriCraft:fenceGate:0, Fence Gate
AgriCraft:fenceGate:0, Fence Gate
AgriCraft:fenceGate:0, Fence Gate
AgriCraft:fenceGate:0, Fence Gate
AgriCraft:fenceGate:0, Fence Gate
AgriCraft:fenceGate:0, Fence Gate
AgriCraft:fenceGate:0, Fence Gate
AgriCraft:fenceGate:0, Fence Gate
AgriCraft:fenceGate:0, Fence Gate
AgriCraft:fenceGate:0, Fence Gate
AgriCraft:fenceGate:0, Fence Gate
AgriCraft:fenceGate:0, Fence Gate
AgriCraft:fenceGate:0, Fence Gate
AgriCraft:fenceGate:0, Fence Gate
AgriCraft:fenceGate:0, Fence Gate
AgriCraft:fenceGate:0, Fence Gate
AgriCraft:fenceGate:0, Fence Gate
AgriCraft:fenceGate:0, Fence Gate
AgriCraft:fenceGate:0, Fence Gate
AgriCraft:fenceGate:0, Fence Gate
AgriCraft:fenceGate:0, Fence Gate
AgriCraft:fenceGate:0, Fence Gate
AgriCraft:fenceGate:0, Fence Gate
AgriCraft:fenceGate:0, Fence Gate
AgriCraft:fenceGate:0, Fence Gate
AgriCraft:fenceGate:0, Fence Gate
AgriCraft:fenceGate:0, Fence Gate
AgriCraft:fenceGate:0, Fence Gate
AgriCraft:fenceGate:0, Fence Gate
AgriCraft:fenceGate:0, Fence Gate
AgriCraft:fenceGate:0, Fence Gate
AgriCraft:fenceGate:0, Fence Gate
AgriCraft:fenceGate:0, Fence Gate
AgriCraft:fenceGate:0, Fence Gate
AgriCraft:fenceGate:0, Fence Gate
AgriCraft:fenceGate:0, Fence Gate
AgriCraft:fenceGate:0, Fence Gate
AgriCraft:fenceGate:0, Fence Gate
AgriCraft:fenceGate:0, Fence Gate
AgriCraft:fenceGate:0, Fence Gate
AgriCraft:fenceGate:0, Fence Gate
AgriCraft:fenceGate:0, Fence Gate
AgriCraft:fenceGate:0, Fence Gate
AgriCraft:fenceGate:0, Fence Gate
AgriCraft:fenceGate:0, Fence Gate
AgriCraft:fenceGate:0, Fence Gate
AgriCraft:fenceGate:0, Fence Gate
AgriCraft:fenceGate:0, Fence Gate
AgriCraft:fenceGate:0, Fence Gate
AgriCraft:fenceGate:0, Fence Gate
AgriCraft:fenceGate:0, Fence Gate
AgriCraft:fenceGate:0, Fence Gate
AgriCraft:fenceGate:0, Fence Gate
AgriCraft:fenceGate:0, Fence Gate
AgriCraft:fenceGate:0, Fence Gate
AgriCraft:fenceGate:0, Fence Gate
AgriCraft:fenceGate:0, Fence Gate
AgriCraft:fenceGate:0, Fence Gate
AgriCraft:fenceGate:0, Fence Gate
AgriCraft:fenceGate:0, Fence Gate
AgriCraft:fenceGate:0, Fence Gate
AgriCraft:fenceGate:0, Fence Gate
AgriCraft:fenceGate:0, Fence Gate
AgriCraft:fenceGate:0, Fence Gate
AgriCraft:fenceGate:0, Fence Gate
AgriCraft:fenceGate:0, Fence Gate
AgriCraft:fenceGate:0, Fence Gate
AgriCraft:fenceGate:0, Fence Gate
AgriCraft:fenceGate:0, Fence Gate
AgriCraft:fenceGate:0, Fence Gate
AgriCraft:fenceGate:0, Fence Gate
AgriCraft:fenceGate:0, Fence Gate
AgriCraft:fenceGate:0, Fence Gate
AgriCraft:fenceGate:0, Fence Gate
AgriCraft:fenceGate:0, Fence Gate
AgriCraft:fenceGate:0, Fence Gate
AgriCraft:fenceGate:0, Fence Gate
AgriCraft:fenceGate:0, Fence Gate
AgriCraft:fenceGate:0, Fence Gate
AgriCraft:fenceGate:0, Fence Gate
AgriCraft:fenceGate:0, Fence Gate
AgriCraft:fenceGate:0, Fence Gate
AgriCraft:fenceGate:0, Fence Gate
AgriCraft:fenceGate:0, Fence Gate
AgriCraft:fenceGate:0, Fence Gate
AgriCraft:fenceGate:0, Fence Gate
AgriCraft:fenceGate:0, Fence Gate
AgriCraft:fenceGate:0, Fence Gate
AgriCraft:fenceGate:0, Fence Gate
AgriCraft:fenceGate:0, Fence Gate
AgriCraft:fenceGate:0, Fence Gate
AgriCraft:fenceGate:0, Fence Gate
AgriCraft:fenceGate:0, Fence Gate
AgriCraft:fenceGate:0, Fence Gate
AgriCraft:fenceGate:0, Fence Gate
AgriCraft:fenceGate:0, Fence Gate
AgriCraft:fenceGate:0, Fence Gate
AgriCraft:fenceGate:0, Fence Gate
AgriCraft:fenceGate:0, Fence Gate
AgriCraft:fenceGate:0, Fence Gate
AgriCraft:fenceGate:0, Fence Gate
AgriCraft:fenceGate:0, Fence Gate
AgriCraft:fenceGate:0, Fence Gate
AgriCraft:fenceGate:0, Fence Gate
AgriCraft:fenceGate:0, Fence Gate
AgriCraft:fenceGate:0, Fence Gate
AgriCraft:fenceGate:0, Fence Gate
AgriCraft:fenceGate:0, Fence Gate
AgriCraft:fenceGate:0, Fence Gate
AgriCraft:fenceGate:0, Fence Gate
AgriCraft:fenceGate:0, Fence Gate
AgriCraft:fenceGate:0, Fence Gate
AgriCraft:fenceGate:0, Fence Gate
AgriCraft:fenceGate:0, Fence Gate
AgriCraft:fenceGate:0, Fence Gate
AgriCraft:fenceGate:0, Fence Gate
AgriCraft:fenceGate:0, Fence Gate
AgriCraft:fenceGate:0, Fence Gate
AgriCraft:fenceGate:0, Fence Gate
AgriCraft:fenceGate:0, Fence Gate
AgriCraft:fenceGate:0, Fence Gate
AgriCraft:fenceGate:0, Fence Gate
AgriCraft:fenceGate:0, Fence Gate
AgriCraft:fenceGate:0, Fence Gate
AgriCraft:fenceGate:0, Fence Gate
AgriCraft:fenceGate:0, Fence Gate
AgriCraft:fenceGate:0, Fence Gate
AgriCraft:fenceGate:0, Fence Gate
AgriCraft:fenceGate:0, Fence Gate
AgriCraft:fenceGate:0, Fence Gate
AgriCraft:fenceGate:0, Fence Gate
AgriCraft:fenceGate:0, Fence Gate
AgriCraft:fenceGate:0, Fence Gate
AgriCraft:fenceGate:0, Fence Gate
AgriCraft:fenceGate:0, Fence Gate
AgriCraft:fenceGate:0, Fence Gate
AgriCraft:fenceGate:0, Fence Gate
AgriCraft:fenceGate:0, Fence Gate
AgriCraft:fenceGate:0, Fence Gate
AgriCraft:fenceGate:0, Fence Gate
AgriCraft:fenceGate:0, Fence Gate
AgriCraft:fenceGate:0, Fence Gate
AgriCraft:fenceGate:0, Fence Gate
AgriCraft:fenceGate:0, Fence Gate
AgriCraft:fenceGate:0, Fence Gate
AgriCraft:fenceGate:0, Fence Gate
AgriCraft:fenceGate:0, Fence Gate
AgriCraft:fenceGate:0, Fence Gate
AgriCraft:fenceGate:0, Fence Gate
AgriCraft:fenceGate:0, Fence Gate
AgriCraft:fenceGate:0, Fence Gate
AgriCraft:fenceGate:0, Fence Gate
AgriCraft:fenceGate:0, Fence Gate
AgriCraft:fenceGate:0, Fence Gate
AgriCraft:fenceGate:0, Fence Gate
AgriCraft:fenceGate:0, Fence Gate
AgriCraft:fenceGate:0, Fence Gate
AgriCraft:fenceGate:0, Fence Gate
AgriCraft:fenceGate:0, Fence Gate
AgriCraft:fenceGate:0, Fence Gate
AgriCraft:fenceGate:0, Fence Gate
AgriCraft:fenceGate:0, Fence Gate
AgriCraft:fenceGate:0, Fence Gate
AgriCraft:fenceGate:0, Fence Gate
AgriCraft:fenceGate:0, Fence Gate
AgriCraft:fenceGate:0, Fence Gate
AgriCraft:fenceGate:0, Fence Gate
AgriCraft:fenceGate:0, Fence Gate
AgriCraft:fenceGate:0, Fence Gate
AgriCraft:fenceGate:0, Fence Gate
AgriCraft:fenceGate:0, Fence Gate
AgriCraft:fenceGate:0, Fence Gate
AgriCraft:fenceGate:0, Fence Gate
AgriCraft:fenceGate:0, Fence Gate
AgriCraft:fenceGate:0, Fence Gate
AgriCraft:fenceGate:0, Fence Gate
AgriCraft:fenceGate:0, Fence Gate
AgriCraft:fenceGate:0, Fence Gate
AgriCraft:fenceGate:0, Fence Gate
AgriCraft:fenceGate:0, Fence Gate
AgriCraft:fenceGate:0, Fence Gate
AgriCraft:fenceGate:0, Fence Gate
AgriCraft:fenceGate:0, Fence Gate
AgriCraft:fenceGate:0, Fence Gate
AgriCraft:fenceGate:0, Fence Gate
AgriCraft:fenceGate:0, Fence Gate
AgriCraft:fenceGate:0, Fence Gate
AgriCraft:fenceGate:0, Fence Gate
AgriCraft:fenceGate:0, Fence Gate
AgriCraft:fenceGate:0, Fence Gate
AgriCraft:fenceGate:0, Fence Gate
AgriCraft:fenceGate:0, Fence Gate
AgriCraft:fenceGate:0, Fence Gate
AgriCraft:fenceGate:0, Fence Gate
AgriCraft:fenceGate:0, Fence Gate
AgriCraft:fenceGate:0, Fence Gate
AgriCraft:fenceGate:0, Fence Gate
AgriCraft:fenceGate:0, Fence Gate
AgriCraft:fenceGate:0, Fence Gate
AgriCraft:fenceGate:0, Fence Gate
AgriCraft:fenceGate:0, Fence Gate
AgriCraft:fenceGate:0, Fence Gate
AgriCraft:fenceGate:0, Fence Gate
AgriCraft:fenceGate:0, Fence Gate
AgriCraft:fenceGate:0, Fence Gate
AgriCraft:fenceGate:0, Fence Gate
AgriCraft:fenceGate:0, Fence Gate
AgriCraft:fenceGate:0, Fence Gate
AgriCraft:fenceGate:0, Fence Gate
AgriCraft:fenceGate:0, Fence Gate
AgriCraft:fenceGate:0, Fence Gate
AgriCraft:fenceGate:0, Fence Gate
AgriCraft:fenceGate:0, Fence Gate
AgriCraft:fenceGate:0, Fence Gate
AgriCraft:fenceGate:0, Fence Gate
AgriCraft:fenceGate:0, Fence Gate
AgriCraft:fenceGate:0, Fence Gate
AgriCraft:fenceGate:0, Fence Gate
AgriCraft:fenceGate:0, Fence Gate
AgriCraft:fenceGate:0, Fence Gate
AgriCraft:fenceGate:0, Fence Gate
AgriCraft:fenceGate:0, Fence Gate
AgriCraft:fenceGate:0, Fence Gate
AgriCraft:fenceGate:0, Fence Gate
AgriCraft:fenceGate:0, Fence Gate
AgriCraft:grate:0, Wooden Grate
AgriCraft:grate:0, Wooden Grate
AgriCraft:grate:0, Wooden Grate
AgriCraft:grate:0, Wooden Grate
AgriCraft:grate:0, Wooden Grate
AgriCraft:grate:0, Wooden Grate
AgriCraft:grate:0, Wooden Grate
AgriCraft:grate:0, Wooden Grate
AgriCraft:grate:0, Wooden Grate
AgriCraft:grate:0, Wooden Grate
AgriCraft:grate:0, Wooden Grate
AgriCraft:grate:0, Wooden Grate
AgriCraft:grate:0, Wooden Grate
AgriCraft:grate:0, Wooden Grate
AgriCraft:grate:0, Wooden Grate
AgriCraft:grate:0, Wooden Grate
AgriCraft:grate:0, Wooden Grate
AgriCraft:grate:0, Wooden Grate
AgriCraft:grate:0, Wooden Grate
AgriCraft:grate:0, Wooden Grate
AgriCraft:grate:0, Wooden Grate
AgriCraft:grate:0, Wooden Grate
AgriCraft:grate:0, Wooden Grate
AgriCraft:grate:0, Wooden Grate
AgriCraft:grate:0, Wooden Grate
AgriCraft:grate:0, Wooden Grate
AgriCraft:grate:0, Wooden Grate
AgriCraft:grate:0, Wooden Grate
AgriCraft:grate:0, Wooden Grate
AgriCraft:grate:0, Wooden Grate
AgriCraft:grate:0, Wooden Grate
AgriCraft:grate:0, Wooden Grate
AgriCraft:grate:0, Wooden Grate
AgriCraft:grate:0, Wooden Grate
AgriCraft:grate:0, Wooden Grate
AgriCraft:grate:0, Wooden Grate
AgriCraft:grate:0, Wooden Grate
AgriCraft:grate:0, Wooden Grate
AgriCraft:grate:0, Wooden Grate
AgriCraft:grate:0, Wooden Grate
AgriCraft:grate:0, Wooden Grate
AgriCraft:grate:0, Wooden Grate
AgriCraft:grate:0, Wooden Grate
AgriCraft:grate:0, Wooden Grate
AgriCraft:grate:0, Wooden Grate
AgriCraft:grate:0, Wooden Grate
AgriCraft:grate:0, Wooden Grate
AgriCraft:grate:0, Wooden Grate
AgriCraft:grate:0, Wooden Grate
AgriCraft:grate:0, Wooden Grate
AgriCraft:grate:0, Wooden Grate
AgriCraft:grate:0, Wooden Grate
AgriCraft:grate:0, Wooden Grate
AgriCraft:grate:0, Wooden Grate
AgriCraft:grate:0, Wooden Grate
AgriCraft:grate:0, Wooden Grate
AgriCraft:grate:0, Wooden Grate
AgriCraft:grate:0, Wooden Grate
AgriCraft:grate:0, Wooden Grate
AgriCraft:grate:0, Wooden Grate
AgriCraft:grate:0, Wooden Grate
AgriCraft:grate:0, Wooden Grate
AgriCraft:grate:0, Wooden Grate
AgriCraft:grate:0, Wooden Grate
AgriCraft:grate:0, Wooden Grate
AgriCraft:grate:0, Wooden Grate
AgriCraft:grate:0, Wooden Grate
AgriCraft:grate:0, Wooden Grate
AgriCraft:grate:0, Wooden Grate
AgriCraft:grate:0, Wooden Grate
AgriCraft:grate:0, Wooden Grate
AgriCraft:grate:0, Wooden Grate
AgriCraft:grate:0, Wooden Grate
AgriCraft:grate:0, Wooden Grate
AgriCraft:grate:0, Wooden Grate
AgriCraft:grate:0, Wooden Grate
AgriCraft:grate:0, Wooden Grate
AgriCraft:grate:0, Wooden Grate
AgriCraft:grate:0, Wooden Grate
AgriCraft:grate:0, Wooden Grate
AgriCraft:grate:0, Wooden Grate
AgriCraft:grate:0, Wooden Grate
AgriCraft:grate:0, Wooden Grate
AgriCraft:grate:0, Wooden Grate
AgriCraft:grate:0, Wooden Grate
AgriCraft:grate:0, Wooden Grate
AgriCraft:grate:0, Wooden Grate
AgriCraft:grate:0, Wooden Grate
AgriCraft:grate:0, Wooden Grate
AgriCraft:grate:0, Wooden Grate
AgriCraft:grate:0, Wooden Grate
AgriCraft:grate:0, Wooden Grate
AgriCraft:grate:0, Wooden Grate
AgriCraft:grate:0, Wooden Grate
AgriCraft:grate:0, Wooden Grate
AgriCraft:grate:0, Wooden Grate
AgriCraft:grate:0, Wooden Grate
AgriCraft:grate:0, Wooden Grate
AgriCraft:grate:0, Wooden Grate
AgriCraft:grate:0, Wooden Grate
AgriCraft:grate:0, Wooden Grate
AgriCraft:grate:0, Wooden Grate
AgriCraft:grate:0, Wooden Grate
AgriCraft:grate:0, Wooden Grate
AgriCraft:grate:0, Wooden Grate
AgriCraft:grate:0, Wooden Grate
AgriCraft:grate:0, Wooden Grate
AgriCraft:grate:0, Wooden Grate
AgriCraft:grate:0, Wooden Grate
AgriCraft:grate:0, Wooden Grate
AgriCraft:grate:0, Wooden Grate
AgriCraft:grate:0, Wooden Grate
AgriCraft:grate:0, Wooden Grate
AgriCraft:grate:0, Wooden Grate
AgriCraft:grate:0, Wooden Grate
AgriCraft:grate:0, Wooden Grate
AgriCraft:grate:0, Wooden Grate
AgriCraft:grate:0, Wooden Grate
AgriCraft:grate:0, Wooden Grate
AgriCraft:grate:0, Wooden Grate
AgriCraft:grate:0, Wooden Grate
AgriCraft:grate:0, Wooden Grate
AgriCraft:grate:0, Wooden Grate
AgriCraft:grate:0, Wooden Grate
AgriCraft:grate:0, Wooden Grate
AgriCraft:grate:0, Wooden Grate
AgriCraft:grate:0, Wooden Grate
AgriCraft:grate:0, Wooden Grate
AgriCraft:grate:0, Wooden Grate
AgriCraft:grate:0, Wooden Grate
AgriCraft:grate:0, Wooden Grate
AgriCraft:grate:0, Wooden Grate
AgriCraft:grate:0, Wooden Grate
AgriCraft:grate:0, Wooden Grate
AgriCraft:grate:0, Wooden Grate
AgriCraft:grate:0, Wooden Grate
AgriCraft:grate:0, Wooden Grate
AgriCraft:grate:0, Wooden Grate
AgriCraft:grate:0, Wooden Grate
AgriCraft:grate:0, Wooden Grate
AgriCraft:grate:0, Wooden Grate
AgriCraft:grate:0, Wooden Grate
AgriCraft:grate:0, Wooden Grate
AgriCraft:grate:0, Wooden Grate
AgriCraft:grate:0, Wooden Grate
AgriCraft:grate:0, Wooden Grate
AgriCraft:grate:0, Wooden Grate
AgriCraft:grate:0, Wooden Grate
AgriCraft:grate:0, Wooden Grate
AgriCraft:grate:0, Wooden Grate
AgriCraft:grate:0, Wooden Grate
AgriCraft:grate:0, Wooden Grate
AgriCraft:grate:0, Wooden Grate
AgriCraft:grate:0, Wooden Grate
AgriCraft:grate:0, Wooden Grate
AgriCraft:grate:0, Wooden Grate
AgriCraft:grate:0, Wooden Grate
AgriCraft:grate:0, Wooden Grate
AgriCraft:grate:0, Wooden Grate
AgriCraft:grate:0, Wooden Grate
AgriCraft:grate:0, Wooden Grate
AgriCraft:grate:0, Wooden Grate
AgriCraft:grate:0, Wooden Grate
AgriCraft:grate:0, Wooden Grate
AgriCraft:grate:0, Wooden Grate
AgriCraft:grate:0, Wooden Grate
AgriCraft:grate:0, Wooden Grate
AgriCraft:grate:0, Wooden Grate
AgriCraft:grate:0, Wooden Grate
AgriCraft:grate:0, Wooden Grate
AgriCraft:grate:0, Wooden Grate
AgriCraft:grate:0, Wooden Grate
AgriCraft:grate:0, Wooden Grate
AgriCraft:grate:0, Wooden Grate
AgriCraft:grate:0, Wooden Grate
AgriCraft:grate:0, Wooden Grate
AgriCraft:grate:0, Wooden Grate
AgriCraft:grate:0, Wooden Grate
AgriCraft:grate:0, Wooden Grate
AgriCraft:grate:0, Wooden Grate
AgriCraft:grate:0, Wooden Grate
AgriCraft:grate:0, Wooden Grate
AgriCraft:grate:0, Wooden Grate
AgriCraft:grate:0, Wooden Grate
AgriCraft:grate:0, Wooden Grate
AgriCraft:grate:0, Wooden Grate
AgriCraft:grate:0, Wooden Grate
AgriCraft:grate:0, Wooden Grate
AgriCraft:grate:0, Wooden Grate
AgriCraft:grate:0, Wooden Grate
AgriCraft:grate:0, Wooden Grate
AgriCraft:grate:0, Wooden Grate
AgriCraft:grate:0, Wooden Grate
AgriCraft:grate:0, Wooden Grate
AgriCraft:grate:0, Wooden Grate
AgriCraft:grate:0, Wooden Grate
AgriCraft:grate:0, Wooden Grate
AgriCraft:grate:0, Wooden Grate
AgriCraft:grate:0, Wooden Grate
AgriCraft:grate:0, Wooden Grate
AgriCraft:grate:0, Wooden Grate
AgriCraft:grate:0, Wooden Grate
AgriCraft:grate:0, Wooden Grate
AgriCraft:grate:0, Wooden Grate
AgriCraft:grate:0, Wooden Grate
AgriCraft:grate:0, Wooden Grate
AgriCraft:grate:0, Wooden Grate
AgriCraft:grate:0, Wooden Grate
AgriCraft:grate:0, Wooden Grate
AgriCraft:grate:0, Wooden Grate
AgriCraft:grate:0, Wooden Grate
AgriCraft:grate:0, Wooden Grate
AgriCraft:grate:0, Wooden Grate
AgriCraft:grate:0, Wooden Grate
AgriCraft:grate:0, Wooden Grate
AgriCraft:grate:0, Wooden Grate
AgriCraft:grate:0, Wooden Grate
AgriCraft:grate:0, Wooden Grate
AgriCraft:grate:0, Wooden Grate
AgriCraft:grate:0, Wooden Grate
AgriCraft:grate:0, Wooden Grate
AgriCraft:grate:0, Wooden Grate
AgriCraft:grate:0, Wooden Grate
AgriCraft:grate:0, Wooden Grate
AgriCraft:grate:0, Wooden Grate
AgriCraft:grate:0, Wooden Grate
AgriCraft:grate:0, Wooden Grate
AgriCraft:grate:0, Wooden Grate
AgriCraft:grate:0, Wooden Grate
AgriCraft:grate:0, Wooden Grate
AgriCraft:grate:0, Wooden Grate
AgriCraft:grate:0, Wooden Grate
AgriCraft:grate:0, Wooden Grate
AgriCraft:grate:0, Wooden Grate
AgriCraft:grate:0, Wooden Grate
AgriCraft:grate:0, Wooden Grate
AgriCraft:grate:0, Wooden Grate
AgriCraft:grate:0, Wooden Grate
AgriCraft:grate:0, Wooden Grate
AgriCraft:grate:0, Wooden Grate
AgriCraft:grate:0, Wooden Grate
AgriCraft:grate:0, Wooden Grate
AgriCraft:grate:0, Wooden Grate
AgriCraft:grate:0, Wooden Grate
AgriCraft:grate:0, Wooden Grate
AgriCraft:grate:0, Wooden Grate
AgriCraft:grate:0, Wooden Grate
AgriCraft:grate:0, Wooden Grate
AgriCraft:grate:0, Wooden Grate
AgriCraft:grate:0, Wooden Grate
AgriCraft:grate:0, Wooden Grate
AgriCraft:grate:0, Wooden Grate
AgriCraft:grate:0, Wooden Grate
AgriCraft:grate:0, Wooden Grate
AgriCraft:grate:0, Wooden Grate
AgriCraft:grate:0, Wooden Grate
AgriCraft:grate:0, Wooden Grate
AgriCraft:grate:0, Wooden Grate
AgriCraft:grate:0, Wooden Grate
AgriCraft:grate:0, Wooden Grate
AgriCraft:grate:0, Wooden Grate
AgriCraft:cropPotato, Potato
AgriCraft:cropCarrot, Carrot
AgriCraft:cropSugarcane, Sugarcane
AgriCraft:cropDandelion, Dandelion
AgriCraft:cropPoppy, Poppy
AgriCraft:cropOrchid, Orchid
AgriCraft:cropAllium, Allium
AgriCraft:cropTulipRed, Red Tulip
AgriCraft:cropTulipOrange, Orange Tulip
AgriCraft:cropTulipWhite, White Tulip
AgriCraft:cropTulipPink, Pink Tulip
AgriCraft:cropDaisy, Daisy
AgriCraft:cropCactus, Cactus
AgriCraft:cropShroomRed, Red Mushroom
AgriCraft:cropShroomBrown, Brown Mushroom
Agriculture:brewer, Brewer
Agriculture:counter, Counter
Agriculture:frier, Frier
Agriculture:icebox, Icebox
Agriculture:oven, Oven
Agriculture:processor, Processor
Agriculture:salt, Salt
Agriculture:cinnamon, Cinnamon
Agriculture:peanut, Peanut
Agriculture:strawberry, Strawberry
Agriculture:vanilla, Vanilla
AkutoLib:lightBlock, tile.lightBlock.name
AkutoEngine:autoengine:0, Akuto Engine
AkutoEngine:autoengine:1, Akuto Engine x8
AkutoEngine:autoengine:2, Akuto Engine x32
AkutoEngine:autoengine:3, Akuto Engine x128
AkutoEngine:autoengine:4, Akuto Engine x512
AkutoEngine:autoengine:5, Akuto Engine x2048
AkutoEngine:autoengine:6, Super Engine "Gaou"
AkutoEngine:autoengine:7, Super Engine "Kokuo"
AkutoEngine:autoengine:8, Final type Engine "Kamui"
AkutoEngine:TankEX, tile.null.name
AkutoEngine:pumpEX:0, PumpEX
AkutoEngine:pumpEX:1, Infinity Pump
AkutoEngine:pumpEX:2, Powerful PumpEX
AkutoEngine:pumpEX:3, Super PumpEX
AkutoEngine:pumpEX:4, Final type PumpEX
AkutoEngine:infinityChest, Infinity Chest
AkutoEngine:fillerEX, FillerEX
AkutoEngine:umfsUinit, UMFSU
AkutoEngine:humfsUinit, HUMFSU
AkutoEngine:hemfsUinit, HEMFSU
ALC1:oreMercury, Mercury Ore
ALC1:oreNetherMercury, Nether Mercury Ore
ALC1:orePyro, Pyro Ore
ALC1:eleBench, Elemental Workbench (NULL)
ALC1:infuser, Alchemic Infuser (NULL)
ALC1:blockPyro, Pyrometal Block
ALC1:nothing, Nothing
ALC1:lavaLamp, Lava Lamp
ac2:tile.ShinyBlock, Shiny Block
ac2:tile.AEtherCrop, AEther Crop
ac2:tile.AirCrop, Air Crop
ac2:tile.WaterCrop, Water Crop
ac2:tile.EarthCrop, Earth Crop
ac2:tile.FireCrop, Fire Crop
adiectamateria:sandlamp, Sand Lamp
adiectamateria:paperwall, Paper Wall
adiectamateria:rice, Rice Crop
adiectamateria:rice_block, Rice Paper
adiectamateria:ceramic, Ceramic
AWWayofTime:Altar, Blood Altar
AWWayofTime:AlchemicalWizardrybloodRune:0, Blood Rune
AWWayofTime:AlchemicalWizardrybloodRune:1, Rune of Augmented Capacity
AWWayofTime:AlchemicalWizardrybloodRune:2, Rune of Dislocation
AWWayofTime:AlchemicalWizardrybloodRune:3, Rune of the Orb
AWWayofTime:AlchemicalWizardrybloodRune:4, Rune of Superior Capacity
AWWayofTime:AlchemicalWizardrybloodRune:5, Rune of Acceleration
AWWayofTime:lifeEssence, Life Essence
AWWayofTime:speedRune, Speed Rune
AWWayofTime:efficiencyRune, Efficiency Rune
AWWayofTime:runeOfSacrifice, Rune of Sacrifice
AWWayofTime:runeOfSelfSacrifice, Rune of Self-Sacrifice
AWWayofTime:ritualStone, Ritual Stone
AWWayofTime:masterStone, Master Ritual Stone
AWWayofTime:bloodSocket, Filled Socket
AWWayofTime:imperfectRitualStone, Imperfect Ritual Stone
AWWayofTime:armourForge, Soul Armour Forge
AWWayofTime:emptySocket, Empty Socket
AWWayofTime:bloodStoneBrick, Bloodstone Brick
AWWayofTime:largeBloodStoneBrick, Large Bloodstone Brick
AWWayofTime:blockWritingTable, Alchemic Chemistry Set
AWWayofTime:blockHomHeart, Spell Table
AWWayofTime:blockPedestal, Arcane Pedestal
AWWayofTime:blockPlinth, Arcane Plinth
AWWayofTime:blockTeleposer, Teleposer
AWWayofTime:spectralBlock, Spectral Block
AWWayofTime:bloodLight, Blood Light
AWWayofTime:blockConduit, Spell Conduit
AWWayofTime:AlchemicalWizardrytile.blockSpellParadigm:0, Particle Generator
AWWayofTime:AlchemicalWizardrytile.blockSpellParadigm:1, Self Augmentator
AWWayofTime:AlchemicalWizardrytile.blockSpellParadigm:2, Melee Aggregator
AWWayofTime:AlchemicalWizardrytile.blockSpellParadigm:3, Tool Forger
AWWayofTime:AlchemicalWizardrytile.blockSpellEnhancement:0, Unstable Spell Empowerer
AWWayofTime:AlchemicalWizardrytile.blockSpellEnhancement:1, Standard Spell Empowerer
AWWayofTime:AlchemicalWizardrytile.blockSpellEnhancement:2, Reinforced Spell Empowerer
AWWayofTime:AlchemicalWizardrytile.blockSpellEnhancement:3, Imbued Spell Empowerer
AWWayofTime:AlchemicalWizardrytile.blockSpellEnhancement:4, Demonic Spell Empowerer
AWWayofTime:AlchemicalWizardrytile.blockSpellEnhancement:5, Unstable Spell Dampener
AWWayofTime:AlchemicalWizardrytile.blockSpellEnhancement:6, Standard Spell Dampener
AWWayofTime:AlchemicalWizardrytile.blockSpellEnhancement:7, Reinforced Spell Dampener
AWWayofTime:AlchemicalWizardrytile.blockSpellEnhancement:8, Imbued Spell Dampener
AWWayofTime:AlchemicalWizardrytile.blockSpellEnhancement:9, Demonic Spell Dampener
AWWayofTime:AlchemicalWizardrytile.blockSpellEnhancement:10, Unstable Spell Augmentor
AWWayofTime:AlchemicalWizardrytile.blockSpellEnhancement:11, Standard Spell Augmentor
AWWayofTime:AlchemicalWizardrytile.blockSpellEnhancement:12, Reinforced Spell Augmentor
AWWayofTime:AlchemicalWizardrytile.blockSpellEnhancement:13, Imbued Spell Augmentor
AWWayofTime:AlchemicalWizardrytile.blockSpellEnhancement:14, Demonic Spell Augmentor
AWWayofTime:AlchemicalWizardrytile.blockSpellModifier:0, Default Spell Modifier
AWWayofTime:AlchemicalWizardrytile.blockSpellModifier:1, Offensive Spell Modifier
AWWayofTime:AlchemicalWizardrytile.blockSpellModifier:2, Defensive Spell Modifier
AWWayofTime:AlchemicalWizardrytile.blockSpellModifier:3, Environmental Spell Modifier
AWWayofTime:AlchemicalWizardrytile.blockSpellEffect:0, Crucible of Fire
AWWayofTime:AlchemicalWizardrytile.blockSpellEffect:1, Ice Maker
AWWayofTime:AlchemicalWizardrytile.blockSpellEffect:2, Wind Generator
AWWayofTime:AlchemicalWizardrytile.blockSpellEffect:3, Earth Former
AWWayofTime:spectralContainer, Spectral Container
AWWayofTime:demonPortalMain, Demon Portal
AWWayofTime:blockSchemSaver, Schematic Saver
AWWayofTime:blockReagentConduit, Alchemy Relay
AWWayofTime:blockAlchemicCalcinator, Alchemic Calcinator
AWWayofTime:blockCrystalBelljar:0, Crystal Belljar
AWWayofTime:blockDemonChest, Demon's Chest
AWWayofTime:blockCrystal:0, Crystal Cluster
AWWayofTime:blockCrystal:1, Crystal Cluster Brick
AWWayofTime:blockMimic, Mimic Block
AWWayofTime:blockEnchantmentGlyph:0, Glyph of the Adept Enchanter
AWWayofTime:blockEnchantmentGlyph:1, Glyph of Arcane Potential
AWWayofTime:blockStabilityGlyph:0, Glyph of Rigid Stability
AWWayofTime:blockCrucible, Incense Crucible
chisel:aluminumblock:0, Block of Aluminum
chisel:aluminumblock:1, Block of Aluminum
chisel:aluminumblock:2, Block of Aluminum
chisel:aluminumblock:3, Block of Aluminum
chisel:aluminumblock:4, Block of Aluminum
chisel:aluminumblock:5, Block of Aluminum
chisel:aluminum_stairs.0:0, Aluminum Stairs
chisel:aluminum_stairs.0:8, Aluminum Stairs
chisel:aluminum_stairs.1:0, Aluminum Stairs
chisel:aluminum_stairs.1:8, Aluminum Stairs
chisel:aluminum_stairs.2:0, Aluminum Stairs
chisel:aluminum_stairs.2:8, Aluminum Stairs
chisel:andesite:0, Andesite
chisel:andesite:1, Andesite
chisel:andesite:2, Andesite
chisel:andesite:3, Andesite
chisel:andesite:4, Andesite
chisel:andesite:5, Andesite
chisel:andesite:6, Andesite
chisel:antiBlock:0, Anti Block
chisel:antiBlock:1, Anti Block
chisel:antiBlock:2, Anti Block
chisel:antiBlock:3, Anti Block
chisel:antiBlock:4, Anti Block
chisel:antiBlock:5, Anti Block
chisel:antiBlock:6, Anti Block
chisel:antiBlock:7, Anti Block
chisel:antiBlock:8, Anti Block
chisel:antiBlock:9, Anti Block
chisel:antiBlock:10, Anti Block
chisel:antiBlock:11, Anti Block
chisel:antiBlock:12, Anti Block
chisel:antiBlock:13, Anti Block
chisel:antiBlock:14, Anti Block
chisel:antiBlock:15, Anti Block
chisel:autoChisel, Auto Chisel
chisel:beacon:0, Beacon
chisel:beacon:1, Beacon
chisel:beacon:2, Beacon
chisel:beacon:3, Beacon
chisel:beacon:4, Beacon
chisel:beacon:5, Beacon
chisel:beacon:6, Beacon
chisel:beacon:7, Beacon
chisel:beacon:8, Beacon
chisel:beacon:9, Beacon
chisel:beacon:10, Beacon
chisel:beacon:11, Beacon
chisel:beacon:12, Beacon
chisel:beacon:13, Beacon
chisel:beacon:14, Beacon
chisel:beacon:15, Beacon
chisel:bloodRune:0, Blood Rune
chisel:bloodRune:1, Blood Rune
chisel:bloodRune:2, Blood Rune
chisel:bloodRune:3, Blood Rune
chisel:bloodRune:4, Blood Rune
chisel:bloodRune:5, Blood Rune
chisel:bookshelf:1, Bookshelf
chisel:bookshelf:2, Bookshelf
chisel:bookshelf:3, Bookshelf
chisel:bookshelf:4, Bookshelf
chisel:bookshelf:5, Bookshelf
chisel:bookshelf:6, Bookshelf
chisel:bookshelf:7, Bookshelf
chisel:bookshelf:8, Bookshelf
chisel:brickCustom:1, Brick Block
chisel:brickCustom:2, Brick Block
chisel:brickCustom:3, Brick Block
chisel:brickCustom:5, Brick Block
chisel:brickCustom:6, Brick Block
chisel:bronzeblock:0, Block of Bronze
chisel:bronzeblock:1, Block of Bronze
chisel:bronzeblock:2, Block of Bronze
chisel:bronzeblock:3, Block of Bronze
chisel:bronzeblock:4, Block of Bronze
chisel:bronzeblock:5, Block of Bronze
chisel:carpet_block:0, Carpet
chisel:carpet_block:1, Carpet
chisel:carpet_block:2, Carpet
chisel:carpet_block:3, Carpet
chisel:carpet_block:4, Carpet
chisel:carpet_block:5, Carpet
chisel:carpet_block:6, Carpet
chisel:carpet_block:7, Carpet
chisel:carpet_block:8, Carpet
chisel:carpet_block:9, Carpet
chisel:carpet_block:10, Carpet
chisel:carpet_block:11, Carpet
chisel:carpet_block:12, Carpet
chisel:carpet_block:13, Carpet
chisel:carpet_block:14, Carpet
chisel:carpet_block:15, Carpet
chisel:carpet:0, Floor Carpet
chisel:carpet:1, Floor Carpet
chisel:carpet:2, Floor Carpet
chisel:carpet:3, Floor Carpet
chisel:carpet:4, Floor Carpet
chisel:carpet:5, Floor Carpet
chisel:carpet:6, Floor Carpet
chisel:carpet:7, Floor Carpet
chisel:carpet:8, Floor Carpet
chisel:carpet:9, Floor Carpet
chisel:carpet:10, Floor Carpet
chisel:carpet:11, Floor Carpet
chisel:carpet:12, Floor Carpet
chisel:carpet:13, Floor Carpet
chisel:carpet:14, Floor Carpet
chisel:carpet:15, Floor Carpet
chisel:cloud:0, Cloud
chisel:cloud:1, Cloud
chisel:cloud:2, Cloud
chisel:cloud:3, Cloud
chisel:cloud:4, Cloud
chisel:cobblestone:1, Cobblestone
chisel:cobblestone:2, Cobblestone
chisel:cobblestone:3, Cobblestone
chisel:cobblestone:4, Cobblestone
chisel:cobblestone:5, Cobblestone
chisel:cobblestone:6, Cobblestone
chisel:cobblestone:7, Cobblestone
chisel:cobblestone:8, Cobblestone
chisel:cobblestone:9, Cobblestone
chisel:cobblestone:10, Cobblestone
chisel:cobblestone:11, Cobblestone
chisel:cobblestone:12, Cobblestone
chisel:cobblestone:13, Cobblestone
chisel:cobblestone:14, Cobblestone
chisel:cobblestone:15, Cobblestone
chisel:mossy_cobblestone:1, Mossy Cobblestone
chisel:mossy_cobblestone:2, Mossy Cobblestone
chisel:mossy_cobblestone:3, Mossy Cobblestone
chisel:mossy_cobblestone:4, Mossy Cobblestone
chisel:mossy_cobblestone:5, Mossy Cobblestone
chisel:mossy_cobblestone:6, Mossy Cobblestone
chisel:mossy_cobblestone:7, Mossy Cobblestone
chisel:mossy_cobblestone:8, Mossy Cobblestone
chisel:mossy_cobblestone:9, Mossy Cobblestone
chisel:mossy_cobblestone:10, Mossy Cobblestone
chisel:mossy_cobblestone:11, Mossy Cobblestone
chisel:mossy_cobblestone:12, Mossy Cobblestone
chisel:mossy_cobblestone:13, Mossy Cobblestone
chisel:mossy_cobblestone:14, Mossy Cobblestone
chisel:mossy_cobblestone:15, Mossy Cobblestone
chisel:concrete:0, Concrete
chisel:concrete:1, Concrete
chisel:concrete:2, Concrete
chisel:concrete:3, Concrete
chisel:concrete:4, Concrete
chisel:concrete:5, Concrete
chisel:concrete:6, Concrete
chisel:concrete:7, Concrete
chisel:concrete:8, Concrete
chisel:concrete:9, Concrete
chisel:concrete:10, Concrete
chisel:copperblock:0, Block of Copper
chisel:copperblock:1, Block of Copper
chisel:copperblock:2, Block of Copper
chisel:copperblock:3, Block of Copper
chisel:copperblock:4, Block of Copper
chisel:copperblock:5, Block of Copper
chisel:cubit:0, Cubits
chisel:cubit:1, Cubits
chisel:cubit:2, Cubits
chisel:cubit:3, Cubits
chisel:cubit:4, Cubits
chisel:cubit:5, Cubits
chisel:cubit:6, Cubits
chisel:cubit:7, Cubits
chisel:cubit:8, Cubits
chisel:cubit:9, Cubits
chisel:cubit:10, Cubits
chisel:cubit:11, Cubits
chisel:cubit:12, Cubits
chisel:cubit:13, Cubits
chisel:cubit:14, Cubits
chisel:cubit:15, Cubits
chisel:diamond_block:1, Diamond Block
chisel:diamond_block:2, Diamond Block
chisel:diamond_block:3, Diamond Block
chisel:diamond_block:4, Diamond Block
chisel:diamond_block:5, Diamond Block
chisel:diamond_block:6, Diamond Block
chisel:diamond_block:7, Diamond Block
chisel:diamond_block:8, Diamond Block
chisel:diamond_block:9, Diamond Block
chisel:diamond_block:10, Diamond Block
chisel:diamond_block:11, Diamond Block
chisel:diamond_block:12, Diamond Block
chisel:dirt:0, Dirt
chisel:dirt:1, Dirt
chisel:dirt:2, Dirt
chisel:dirt:3, Dirt
chisel:dirt:4, Dirt
chisel:dirt:5, Dirt
chisel:dirt:6, Dirt
chisel:dirt:7, Dirt
chisel:dirt:8, Dirt
chisel:dirt:9, Dirt
chisel:dirt:10, Dirt
chisel:dirt:11, Dirt
chisel:dirt:12, Dirt
chisel:dirt:13, Dirt
chisel:dirt:14, Dirt
chisel:dirt:15, Dirt
chisel:emerald_block:1, Emerald Block
chisel:emerald_block:2, Emerald Block
chisel:emerald_block:3, Emerald Block
chisel:emerald_block:4, Emerald Block
chisel:emerald_block:5, Emerald Block
chisel:emerald_block:6, Emerald Block
chisel:emerald_block:7, Emerald Block
chisel:emerald_block:8, Emerald Block
chisel:emerald_block:9, Emerald Block
chisel:emerald_block:10, Emerald Block
chisel:emerald_block:11, Emerald Block
chisel:end_Stone:0, End Stone
chisel:end_Stone:1, End Stone
chisel:end_Stone:2, End Stone
chisel:end_Stone:3, End Stone
chisel:end_Stone:4, End Stone
chisel:end_Stone:5, End Stone
chisel:end_Stone:6, End Stone
chisel:end_Stone:7, End Stone
chisel:end_Stone:8, End Stone
chisel:end_Stone:9, End Stone
chisel:end_Stone:10, End Stone
chisel:end_Stone:11, End Stone
chisel:end_Stone:12, End Stone
chisel:end_Stone:13, End Stone
chisel:factoryblock:0, Factory Block
chisel:factoryblock:1, Factory Block
chisel:factoryblock:2, Factory Block
chisel:factoryblock:3, Factory Block
chisel:factoryblock:4, Factory Block
chisel:factoryblock:5, Factory Block
chisel:factoryblock:6, Factory Block
chisel:factoryblock:7, Factory Block
chisel:factoryblock:8, Factory Block
chisel:factoryblock:9, Factory Block
chisel:factoryblock:10, Factory Block
chisel:factoryblock:11, Factory Block
chisel:factoryblock:12, Factory Block
chisel:factoryblock:13, Factory Block
chisel:factoryblock:14, Factory Block
chisel:factoryblock:15, Factory Block
chisel:factoryblock2:0, Factory Block
chisel:factoryblock2:1, Factory Block
chisel:factoryblock2:2, Factory Block
chisel:factoryblock2:3, Factory Block
chisel:fantasyblock:0, Purpled Fantasy Block
chisel:fantasyblock:1, Purpled Fantasy Block
chisel:fantasyblock:2, Purpled Fantasy Block
chisel:fantasyblock:3, Purpled Fantasy Block
chisel:fantasyblock:4, Purpled Fantasy Block
chisel:fantasyblock:5, Purpled Fantasy Block
chisel:fantasyblock:6, Purpled Fantasy Block
chisel:fantasyblock:7, Purpled Fantasy Block
chisel:fantasyblock:8, Purpled Fantasy Block
chisel:fantasyblock:9, Purpled Fantasy Block
chisel:fantasyblock:10, Purpled Fantasy Block
chisel:fantasyblock:11, Purpled Fantasy Block
chisel:fantasyblock:12, Purpled Fantasy Block
chisel:fantasyblock:13, Purpled Fantasy Block
chisel:fantasyblock:14, Purpled Fantasy Block
chisel:fantasyblock:15, Purpled Fantasy Block
chisel:fantasyblock2:0, Fantasy Block
chisel:fantasyblock2:1, Fantasy Block
chisel:fantasyblock2:2, Fantasy Block
chisel:fantasyblock2:3, Fantasy Block
chisel:fantasyblock2:4, Fantasy Block
chisel:fantasyblock2:5, Fantasy Block
chisel:fantasyblock2:6, Fantasy Block
chisel:fantasyblock2:7, Fantasy Block
chisel:fantasyblock2:8, Fantasy Block
chisel:fantasyblock2:9, Fantasy Block
chisel:fantasyblock2:10, Fantasy Block
chisel:fantasyblock2:11, Fantasy Block
chisel:fantasyblock2:12, Fantasy Block
chisel:fantasyblock2:13, Fantasy Block
chisel:fantasyblock2:14, Fantasy Block
chisel:fantasyblock2:15, Fantasy Block
chisel:futura:0, Futura Block
chisel:futura:1, Futura Block
chisel:futura:2, Futura Block
chisel:futura:3, Futura Block
chisel:futura:4, Futura Block
chisel:futura:5, Futura Block
chisel:futuraCircuit:0, Futura Circuit
chisel:futuraCircuit:1, Futura Circuit
chisel:futuraCircuit:2, Futura Circuit
chisel:futuraCircuit:3, Futura Circuit
chisel:futuraCircuit:4, Futura Circuit
chisel:futuraCircuit:5, Futura Circuit
chisel:futuraCircuit:6, Futura Circuit
chisel:futuraCircuit:7, Futura Circuit
chisel:futuraCircuit:8, Futura Circuit
chisel:futuraCircuit:9, Futura Circuit
chisel:futuraCircuit:10, Futura Circuit
chisel:futuraCircuit:11, Futura Circuit
chisel:futuraCircuit:12, Futura Circuit
chisel:futuraCircuit:13, Futura Circuit
chisel:futuraCircuit:14, Futura Circuit
chisel:futuraCircuit:15, Futura Circuit
chisel:glass:1, Glass
chisel:glass:2, Glass
chisel:glass:3, Glass
chisel:glass:4, Glass
chisel:glass:5, Glass
chisel:glass:6, Glass
chisel:glass:7, Glass
chisel:glass:8, Glass
chisel:glass:9, Glass
chisel:glass:10, Glass
chisel:glass:11, Glass
chisel:glass:12, Glass
chisel:glass:13, Glass
chisel:glass:14, Glass
chisel:glass:15, Glass
chisel:glass2:0, Glass
chisel:glass_pane:1, Glass Pane
chisel:glass_pane:2, Glass Pane
chisel:glass_pane:3, Glass Pane
chisel:glass_pane:4, Glass Pane
chisel:glass_pane:12, Glass Pane
chisel:glass_pane:13, Glass Pane
chisel:glass_pane:14, Glass Pane
chisel:glass_pane:15, Glass Pane
chisel:stained_glass_forestry:0, Stained Glass
chisel:stained_glass_forestry:1, Stained Glass
chisel:stained_glass_forestry:2, Stained Glass
chisel:stained_glass_forestry:3, Stained Glass
chisel:stained_glass_forestry:4, Stained Glass
chisel:stained_glass_forestry:5, Stained Glass
chisel:stained_glass_forestry:6, Stained Glass
chisel:stained_glass_forestry:7, Stained Glass
chisel:stained_glass_forestry:8, Stained Glass
chisel:stained_glass_forestry:9, Stained Glass
chisel:stained_glass_forestry:10, Stained Glass
chisel:stained_glass_forestry:11, Stained Glass
chisel:stained_glass_forestry:12, Stained Glass
chisel:stained_glass_forestry:13, Stained Glass
chisel:stained_glass_forestry:14, Stained Glass
chisel:stained_glass_forestry:15, Stained Glass
chisel:stained_glass_white:0, Stained Glass
chisel:stained_glass_white:1, Stained Glass
chisel:stained_glass_white:2, Stained Glass
chisel:stained_glass_white:3, Stained Glass
chisel:stained_glass_white:4, Stained Glass
chisel:stained_glass_white:5, Stained Glass
chisel:stained_glass_white:6, Stained Glass
chisel:stained_glass_white:7, Stained Glass
chisel:stained_glass_white:8, Stained Glass
chisel:stained_glass_white:9, Stained Glass
chisel:stained_glass_white:10, Stained Glass
chisel:stained_glass_white:11, Stained Glass
chisel:stained_glass_white:12, Stained Glass
chisel:stained_glass_white:13, Stained Glass
chisel:stained_glass_white:14, Stained Glass
chisel:stained_glass_white:15, Stained Glass
chisel:stained_glass_yellow:0, Stained Glass
chisel:stained_glass_yellow:1, Stained Glass
chisel:stained_glass_yellow:2, Stained Glass
chisel:stained_glass_yellow:3, Stained Glass
chisel:stained_glass_yellow:4, Stained Glass
chisel:stained_glass_yellow:5, Stained Glass
chisel:stained_glass_yellow:6, Stained Glass
chisel:stained_glass_yellow:7, Stained Glass
chisel:stained_glass_yellow:8, Stained Glass
chisel:stained_glass_yellow:9, Stained Glass
chisel:stained_glass_yellow:10, Stained Glass
chisel:stained_glass_yellow:11, Stained Glass
chisel:stained_glass_yellow:12, Stained Glass
chisel:stained_glass_yellow:13, Stained Glass
chisel:stained_glass_yellow:14, Stained Glass
chisel:stained_glass_yellow:15, Stained Glass
chisel:stained_glass_lightgray:0, Stained Glass
chisel:stained_glass_lightgray:1, Stained Glass
chisel:stained_glass_lightgray:2, Stained Glass
chisel:stained_glass_lightgray:3, Stained Glass
chisel:stained_glass_lightgray:4, Stained Glass
chisel:stained_glass_lightgray:5, Stained Glass
chisel:stained_glass_lightgray:6, Stained Glass
chisel:stained_glass_lightgray:7, Stained Glass
chisel:stained_glass_lightgray:8, Stained Glass
chisel:stained_glass_lightgray:9, Stained Glass
chisel:stained_glass_lightgray:10, Stained Glass
chisel:stained_glass_lightgray:11, Stained Glass
chisel:stained_glass_lightgray:12, Stained Glass
chisel:stained_glass_lightgray:13, Stained Glass
chisel:stained_glass_lightgray:14, Stained Glass
chisel:stained_glass_lightgray:15, Stained Glass
chisel:stained_glass_brown:0, Stained Glass
chisel:stained_glass_brown:1, Stained Glass
chisel:stained_glass_brown:2, Stained Glass
chisel:stained_glass_brown:3, Stained Glass
chisel:stained_glass_brown:4, Stained Glass
chisel:stained_glass_brown:5, Stained Glass
chisel:stained_glass_brown:6, Stained Glass
chisel:stained_glass_brown:7, Stained Glass
chisel:stained_glass_brown:8, Stained Glass
chisel:stained_glass_brown:9, Stained Glass
chisel:stained_glass_brown:10, Stained Glass
chisel:stained_glass_brown:11, Stained Glass
chisel:stained_glass_brown:12, Stained Glass
chisel:stained_glass_brown:13, Stained Glass
chisel:stained_glass_brown:14, Stained Glass
chisel:stained_glass_brown:15, Stained Glass
chisel:stained_glass_pane_white:0, Stained Glass Pane
chisel:stained_glass_pane_white:1, Stained Glass Pane
chisel:stained_glass_pane_white:2, Stained Glass Pane
chisel:stained_glass_pane_white:3, Stained Glass Pane
chisel:stained_glass_pane_white:4, Stained Glass Pane
chisel:stained_glass_pane_white:5, Stained Glass Pane
chisel:stained_glass_pane_white:8, Stained Glass Pane
chisel:stained_glass_pane_white:9, Stained Glass Pane
chisel:stained_glass_pane_white:10, Stained Glass Pane
chisel:stained_glass_pane_white:11, Stained Glass Pane
chisel:stained_glass_pane_white:12, Stained Glass Pane
chisel:stained_glass_pane_white:13, Stained Glass Pane
chisel:stained_glass_pane_magenta:0, Stained Glass Pane
chisel:stained_glass_pane_magenta:1, Stained Glass Pane
chisel:stained_glass_pane_magenta:2, Stained Glass Pane
chisel:stained_glass_pane_magenta:3, Stained Glass Pane
chisel:stained_glass_pane_magenta:4, Stained Glass Pane
chisel:stained_glass_pane_magenta:5, Stained Glass Pane
chisel:stained_glass_pane_magenta:8, Stained Glass Pane
chisel:stained_glass_pane_magenta:9, Stained Glass Pane
chisel:stained_glass_pane_magenta:10, Stained Glass Pane
chisel:stained_glass_pane_magenta:11, Stained Glass Pane
chisel:stained_glass_pane_magenta:12, Stained Glass Pane
chisel:stained_glass_pane_magenta:13, Stained Glass Pane
chisel:stained_glass_pane_yellow:0, Stained Glass Pane
chisel:stained_glass_pane_yellow:1, Stained Glass Pane
chisel:stained_glass_pane_yellow:2, Stained Glass Pane
chisel:stained_glass_pane_yellow:3, Stained Glass Pane
chisel:stained_glass_pane_yellow:4, Stained Glass Pane
chisel:stained_glass_pane_yellow:5, Stained Glass Pane
chisel:stained_glass_pane_yellow:8, Stained Glass Pane
chisel:stained_glass_pane_yellow:9, Stained Glass Pane
chisel:stained_glass_pane_yellow:10, Stained Glass Pane
chisel:stained_glass_pane_yellow:11, Stained Glass Pane
chisel:stained_glass_pane_yellow:12, Stained Glass Pane
chisel:stained_glass_pane_yellow:13, Stained Glass Pane
chisel:stained_glass_pane_pink:0, Stained Glass Pane
chisel:stained_glass_pane_pink:1, Stained Glass Pane
chisel:stained_glass_pane_pink:2, Stained Glass Pane
chisel:stained_glass_pane_pink:3, Stained Glass Pane
chisel:stained_glass_pane_pink:4, Stained Glass Pane
chisel:stained_glass_pane_pink:5, Stained Glass Pane
chisel:stained_glass_pane_pink:8, Stained Glass Pane
chisel:stained_glass_pane_pink:9, Stained Glass Pane
chisel:stained_glass_pane_pink:10, Stained Glass Pane
chisel:stained_glass_pane_pink:11, Stained Glass Pane
chisel:stained_glass_pane_pink:12, Stained Glass Pane
chisel:stained_glass_pane_pink:13, Stained Glass Pane
chisel:stained_glass_pane_lightgray:0, Stained Glass Pane
chisel:stained_glass_pane_lightgray:1, Stained Glass Pane
chisel:stained_glass_pane_lightgray:2, Stained Glass Pane
chisel:stained_glass_pane_lightgray:3, Stained Glass Pane
chisel:stained_glass_pane_lightgray:4, Stained Glass Pane
chisel:stained_glass_pane_lightgray:5, Stained Glass Pane
chisel:stained_glass_pane_lightgray:8, Stained Glass Pane
chisel:stained_glass_pane_lightgray:9, Stained Glass Pane
chisel:stained_glass_pane_lightgray:10, Stained Glass Pane
chisel:stained_glass_pane_lightgray:11, Stained Glass Pane
chisel:stained_glass_pane_lightgray:12, Stained Glass Pane
chisel:stained_glass_pane_lightgray:13, Stained Glass Pane
chisel:stained_glass_pane_purple:0, Stained Glass Pane
chisel:stained_glass_pane_purple:1, Stained Glass Pane
chisel:stained_glass_pane_purple:2, Stained Glass Pane
chisel:stained_glass_pane_purple:3, Stained Glass Pane
chisel:stained_glass_pane_purple:4, Stained Glass Pane
chisel:stained_glass_pane_purple:5, Stained Glass Pane
chisel:stained_glass_pane_purple:8, Stained Glass Pane
chisel:stained_glass_pane_purple:9, Stained Glass Pane
chisel:stained_glass_pane_purple:10, Stained Glass Pane
chisel:stained_glass_pane_purple:11, Stained Glass Pane
chisel:stained_glass_pane_purple:12, Stained Glass Pane
chisel:stained_glass_pane_purple:13, Stained Glass Pane
chisel:stained_glass_pane_brown:0, Stained Glass Pane
chisel:stained_glass_pane_brown:1, Stained Glass Pane
chisel:stained_glass_pane_brown:2, Stained Glass Pane
chisel:stained_glass_pane_brown:3, Stained Glass Pane
chisel:stained_glass_pane_brown:4, Stained Glass Pane
chisel:stained_glass_pane_brown:5, Stained Glass Pane
chisel:stained_glass_pane_brown:8, Stained Glass Pane
chisel:stained_glass_pane_brown:9, Stained Glass Pane
chisel:stained_glass_pane_brown:10, Stained Glass Pane
chisel:stained_glass_pane_brown:11, Stained Glass Pane
chisel:stained_glass_pane_brown:12, Stained Glass Pane
chisel:stained_glass_pane_brown:13, Stained Glass Pane
chisel:stained_glass_pane_red:0, Stained Glass Pane
chisel:stained_glass_pane_red:1, Stained Glass Pane
chisel:stained_glass_pane_red:2, Stained Glass Pane
chisel:stained_glass_pane_red:3, Stained Glass Pane
chisel:stained_glass_pane_red:4, Stained Glass Pane
chisel:stained_glass_pane_red:5, Stained Glass Pane
chisel:stained_glass_pane_red:8, Stained Glass Pane
chisel:stained_glass_pane_red:9, Stained Glass Pane
chisel:stained_glass_pane_red:10, Stained Glass Pane
chisel:stained_glass_pane_red:11, Stained Glass Pane
chisel:stained_glass_pane_red:12, Stained Glass Pane
chisel:stained_glass_pane_red:13, Stained Glass Pane
chisel:glotek:0, GloTek
chisel:glotek:1, GloTek
chisel:glotek:2, GloTek
chisel:glotek:3, GloTek
chisel:glotek:4, GloTek
chisel:glotek:5, GloTek
chisel:glotek:6, GloTek
chisel:glotek:7, GloTek
chisel:glotek:8, GloTek
chisel:glotek:9, GloTek
chisel:glotek:10, GloTek
chisel:glotek:11, GloTek
chisel:glotek:12, GloTek
chisel:glotek:13, GloTek
chisel:glotek:14, GloTek
chisel:glotek:15, GloTek
chisel:glowstone:1, Glowstone
chisel:glowstone:2, Glowstone
chisel:glowstone:3, Glowstone
chisel:glowstone:4, Glowstone
chisel:glowstone:5, Glowstone
chisel:glowstone:6, Glowstone
chisel:glowstone:7, Glowstone
chisel:glowstone:8, Glowstone
chisel:glowstone:9, Glowstone
chisel:glowstone:10, Glowstone
chisel:glowstone:11, Glowstone
chisel:glowstone:12, Glowstone
chisel:glowstone:13, Glowstone
chisel:glowstone:14, Glowstone
chisel:glowstone:15, Glowstone
chisel:gold2:0, Block of Gold
chisel:gold2:1, Block of Gold
chisel:gold2:2, Block of Gold
chisel:gold2:3, Block of Gold
chisel:gold2:4, Block of Gold
chisel:gold2:5, Block of Gold
chisel:gold_block:1, Gold Block
chisel:gold_block:2, Gold Block
chisel:gold_block:3, Gold Block
chisel:gold_block:4, Gold Block
chisel:gold_block:5, Gold Block
chisel:gold_block:6, Gold Block
chisel:gold_block:7, Gold Block
chisel:gold_block:8, Gold Block
chisel:gold_block:9, Gold Block
chisel:gold_block:10, Gold Block
chisel:gold_block:11, Gold Block
chisel:gold_block:12, Gold Block
chisel:gold_block:13, Gold Block
chisel:gold_block:14, Gold Block
chisel:grimstone:0, Grimstone
chisel:grimstone:1, Grimstone
chisel:grimstone:2, Grimstone
chisel:grimstone:3, Grimstone
chisel:grimstone:4, Grimstone
chisel:grimstone:5, Grimstone
chisel:grimstone:6, Grimstone
chisel:grimstone:7, Grimstone
chisel:grimstone:8, Grimstone
chisel:grimstone:9, Grimstone
chisel:grimstone:10, Grimstone
chisel:grimstone:11, Grimstone
chisel:grimstone:12, Grimstone
chisel:grimstone:13, Grimstone
chisel:grimstone:14, Grimstone
chisel:hexPlating:0, Hex Plating
chisel:hexPlating:1, Hex Plating
chisel:hexPlating:2, Hex Plating
chisel:hexPlating:3, Hex Plating
chisel:hexPlating:4, Hex Plating
chisel:hexPlating:5, Hex Plating
chisel:hexPlating:6, Hex Plating
chisel:hexPlating:7, Hex Plating
chisel:hexPlating:8, Hex Plating
chisel:hexPlating:9, Hex Plating
chisel:hexPlating:10, Hex Plating
chisel:hexPlating:11, Hex Plating
chisel:hexPlating:12, Hex Plating
chisel:hexPlating:13, Hex Plating
chisel:hexPlating:14, Hex Plating
chisel:hexPlating:15, Hex Plating
chisel:hexLargePlating:0, Large Hex Plating
chisel:hexLargePlating:1, Large Hex Plating
chisel:hexLargePlating:2, Large Hex Plating
chisel:hexLargePlating:3, Large Hex Plating
chisel:hexLargePlating:4, Large Hex Plating
chisel:hexLargePlating:5, Large Hex Plating
chisel:hexLargePlating:6, Large Hex Plating
chisel:hexLargePlating:7, Large Hex Plating
chisel:hexLargePlating:8, Large Hex Plating
chisel:hexLargePlating:9, Large Hex Plating
chisel:hexLargePlating:10, Large Hex Plating
chisel:hexLargePlating:11, Large Hex Plating
chisel:hexLargePlating:12, Large Hex Plating
chisel:hexLargePlating:13, Large Hex Plating
chisel:hexLargePlating:14, Large Hex Plating
chisel:hexLargePlating:15, Large Hex Plating
chisel:holystone:0, Holystone
chisel:holystone:1, Holystone
chisel:holystone:2, Holystone
chisel:holystone:3, Holystone
chisel:holystone:4, Holystone
chisel:holystone:5, Holystone
chisel:holystone:6, Holystone
chisel:holystone:7, Holystone
chisel:holystone:8, Holystone
chisel:holystone:9, Holystone
chisel:holystone:10, Holystone
chisel:holystone:11, Holystone
chisel:holystone:12, Holystone
chisel:holystone:13, Holystone
chisel:hempcrete:0, Hempcrete
chisel:hempcrete:1, Hempcrete
chisel:hempcrete:2, Hempcrete
chisel:hempcrete:3, Hempcrete
chisel:hempcrete:4, Hempcrete
chisel:hempcrete:5, Hempcrete
chisel:hempcrete:6, Hempcrete
chisel:hempcrete:7, Hempcrete
chisel:hempcrete:8, Hempcrete
chisel:hempcrete:9, Hempcrete
chisel:hempcrete:10, Hempcrete
chisel:hempcrete:11, Hempcrete
chisel:hempcrete:12, Hempcrete
chisel:hempcrete:13, Hempcrete
chisel:hempcrete:14, Hempcrete
chisel:hempcrete:15, Hempcrete
chisel:hempcretesand:0, Hempcrete powder
chisel:hempcretesand:1, Hempcrete powder
chisel:hempcretesand:2, Hempcrete powder
chisel:hempcretesand:3, Hempcrete powder
chisel:hempcretesand:4, Hempcrete powder
chisel:hempcretesand:5, Hempcrete powder
chisel:hempcretesand:6, Hempcrete powder
chisel:hempcretesand:7, Hempcrete powder
chisel:hempcretesand:8, Hempcrete powder
chisel:hempcretesand:9, Hempcrete powder
chisel:hempcretesand:10, Hempcrete powder
chisel:hempcretesand:11, Hempcrete powder
chisel:hempcretesand:12, Hempcrete powder
chisel:hempcretesand:13, Hempcrete powder
chisel:hempcretesand:14, Hempcrete powder
chisel:hempcretesand:15, Hempcrete powder
chisel:ice:1, Ice
chisel:ice:2, Ice
chisel:ice:3, Ice
chisel:ice:4, Ice
chisel:ice:5, Ice
chisel:ice:6, Ice
chisel:ice:7, Ice
chisel:ice:8, Ice
chisel:ice:9, Ice
chisel:ice:10, Ice
chisel:ice:11, Ice
chisel:ice:12, Ice
chisel:ice:13, Ice
chisel:ice:14, Ice
chisel:ice:15, Ice
chisel:ice_pillar:0, Ice Pillar
chisel:ice_pillar:1, Ice Pillar
chisel:ice_pillar:2, Ice Pillar
chisel:ice_pillar:3, Ice Pillar
chisel:ice_pillar:4, Ice Pillar
chisel:ice_pillar:5, Ice Pillar
chisel:ice_pillar:6, Ice Pillar
chisel:ice_stairs.0:0, Ice Stairs
chisel:ice_stairs.0:8, Ice Stairs
chisel:ice_stairs.1:0, Ice Stairs
chisel:ice_stairs.1:8, Ice Stairs
chisel:ice_stairs.2:0, Ice Stairs
chisel:ice_stairs.2:8, Ice Stairs
chisel:ice_stairs.3:0, Ice Stairs
chisel:ice_stairs.3:8, Ice Stairs
chisel:ice_stairs.4:0, Ice Stairs
chisel:ice_stairs.4:8, Ice Stairs
chisel:ice_stairs.5:0, Ice Stairs
chisel:ice_stairs.5:8, Ice Stairs
chisel:ice_stairs.6:0, Ice Stairs
chisel:ice_stairs.6:8, Ice Stairs
chisel:ice_stairs.7:0, Ice Stairs
chisel:ice_stairs.7:8, Ice Stairs
chisel:iron_bars:1, Iron Bars
chisel:iron_bars:2, Iron Bars
chisel:iron_bars:3, Iron Bars
chisel:iron_bars:4, Iron Bars
chisel:iron_bars:5, Iron Bars
chisel:iron_bars:6, Iron Bars
chisel:iron_bars:7, Iron Bars
chisel:iron_bars:8, Iron Bars
chisel:iron_bars:9, Iron Bars
chisel:iron2:0, Block of Iron
chisel:iron2:1, Block of Iron
chisel:iron2:2, Block of Iron
chisel:iron2:3, Block of Iron
chisel:iron2:4, Block of Iron
chisel:iron2:5, Block of Iron
chisel:iron_block:1, Iron Block
chisel:iron_block:2, Iron Block
chisel:iron_block:3, Iron Block
chisel:iron_block:4, Iron Block
chisel:iron_block:5, Iron Block
chisel:iron_block:6, Iron Block
chisel:iron_block:7, Iron Block
chisel:iron_block:8, Iron Block
chisel:iron_block:9, Iron Block
chisel:iron_block:10, Iron Block
chisel:iron_block:11, Iron Block
chisel:iron_block:12, Iron Block
chisel:iron_block:13, Iron Block
chisel:iron_block:14, Iron Block
chisel:iron_block:15, Iron Block
chisel:jackolantern1:0, Jack o'Lantern
chisel:jackolantern2:0, Jack o'Lantern
chisel:jackolantern3:0, Jack o'Lantern
chisel:jackolantern4:0, Jack o'Lantern
chisel:jackolantern5:0, Jack o'Lantern
chisel:jackolantern6:0, Jack o'Lantern
chisel:jackolantern7:0, Jack o'Lantern
chisel:jackolantern8:0, Jack o'Lantern
chisel:jackolantern9:0, Jack o'Lantern
chisel:jackolantern10:0, Jack o'Lantern
chisel:jackolantern11:0, Jack o'Lantern
chisel:jackolantern12:0, Jack o'Lantern
chisel:jackolantern13:0, Jack o'Lantern
chisel:jackolantern14:0, Jack o'Lantern
chisel:jackolantern15:0, Jack o'Lantern
chisel:jackolantern16:0, Jack o'Lantern
chisel:laboratoryblock:0, Laboratory Block
chisel:laboratoryblock:1, Laboratory Block
chisel:laboratoryblock:2, Laboratory Block
chisel:laboratoryblock:3, Laboratory Block
chisel:laboratoryblock:4, Laboratory Block
chisel:laboratoryblock:5, Laboratory Block
chisel:laboratoryblock:6, Laboratory Block
chisel:laboratoryblock:7, Laboratory Block
chisel:laboratoryblock:8, Laboratory Block
chisel:laboratoryblock:9, Laboratory Block
chisel:laboratoryblock:10, Laboratory Block
chisel:laboratoryblock:11, Laboratory Block
chisel:laboratoryblock:12, Laboratory Block
chisel:laboratoryblock:13, Laboratory Block
chisel:laboratoryblock:14, Laboratory Block
chisel:laboratoryblock:15, Laboratory Block
chisel:lapis_block:1, Lapis Block
chisel:lapis_block:2, Lapis Block
chisel:lapis_block:3, Lapis Block
chisel:lapis_block:4, Lapis Block
chisel:lapis_block:5, Lapis Block
chisel:lapis_block:6, Lapis Block
chisel:lapis_block:7, Lapis Block
chisel:lapis_block:8, Lapis Block
chisel:lavastone:0, Lavastone
chisel:lavastone:1, Lavastone
chisel:lavastone:2, Lavastone
chisel:lavastone:3, Lavastone
chisel:lavastone:4, Lavastone
chisel:lavastone:5, Lavastone
chisel:lavastone:6, Lavastone
chisel:lavastone:7, Lavastone
chisel:leadblock:0, Block of Lead
chisel:leadblock:1, Block of Lead
chisel:leadblock:2, Block of Lead
chisel:leadblock:3, Block of Lead
chisel:leadblock:4, Block of Lead
chisel:leadblock:5, Block of Lead
chisel:leaves:6, Leaves
chisel:leaves:7, Leaves
chisel:leaves:8, Leaves
chisel:leaves:9, Leaves
chisel:leaves:10, Leaves
chisel:leaves:11, Leaves
chisel:leaves:12, Leaves
chisel:limestone:0, Limestone
chisel:limestone:1, Limestone
chisel:limestone:2, Limestone
chisel:limestone:3, Limestone
chisel:limestone:4, Limestone
chisel:limestone:5, Limestone
chisel:limestone:6, Limestone
chisel:limestone:7, Limestone
chisel:limestone:8, Limestone
chisel:limestone:9, Limestone
chisel:limestone:10, Limestone
chisel:limestone:11, Limestone
chisel:limestone:12, Limestone
chisel:limestone:13, Limestone
chisel:limestone:14, Limestone
chisel:limestone:15, Limestone
chisel:limestone_slab:0, Limestone Slab
chisel:limestone_slab:1, Limestone Slab
chisel:limestone_slab:2, Limestone Slab
chisel:limestone_slab:3, Limestone Slab
chisel:limestone_slab:4, Limestone Slab
chisel:limestone_slab:5, Limestone Slab
chisel:limestone_slab:6, Limestone Slab
chisel:limestone_slab:7, Limestone Slab
chisel:limestone_slab:8, Limestone Slab
chisel:limestone_slab:9, Limestone Slab
chisel:limestone_slab:10, Limestone Slab
chisel:limestone_slab:11, Limestone Slab
chisel:limestone_slab:12, Limestone Slab
chisel:limestone_slab:13, Limestone Slab
chisel:limestone_slab:14, Limestone Slab
chisel:limestone_slab:15, Limestone Slab
chisel:limestone_slab_top, Limestone Slab
chisel:limestone_stairs.0:0, Limestone Stairs
chisel:limestone_stairs.0:8, Limestone Stairs
chisel:limestone_stairs.1:0, Limestone Stairs
chisel:limestone_stairs.1:8, Limestone Stairs
chisel:limestone_stairs.2:0, Limestone Stairs
chisel:limestone_stairs.2:8, Limestone Stairs
chisel:limestone_stairs.3:0, Limestone Stairs
chisel:limestone_stairs.3:8, Limestone Stairs
chisel:limestone_stairs.4:0, Limestone Stairs
chisel:limestone_stairs.4:8, Limestone Stairs
chisel:limestone_stairs.5:0, Limestone Stairs
chisel:limestone_stairs.5:8, Limestone Stairs
chisel:limestone_stairs.6:0, Limestone Stairs
chisel:limestone_stairs.6:8, Limestone Stairs
chisel:limestone_stairs.7:0, Limestone Stairs
chisel:limestone_stairs.7:8, Limestone Stairs
chisel:marble:0, Marble
chisel:marble:1, Marble
chisel:marble:2, Marble
chisel:marble:3, Marble
chisel:marble:4, Marble
chisel:marble:5, Marble
chisel:marble:6, Marble
chisel:marble:7, Marble
chisel:marble:8, Marble
chisel:marble:9, Marble
chisel:marble:10, Marble
chisel:marble:11, Marble
chisel:marble:12, Marble
chisel:marble:13, Marble
chisel:marble:14, Marble
chisel:marble:15, Marble
chisel:marble_slab:0, Marble Slab
chisel:marble_slab:1, Marble Slab
chisel:marble_slab:2, Marble Slab
chisel:marble_slab:3, Marble Slab
chisel:marble_slab:4, Marble Slab
chisel:marble_slab:5, Marble Slab
chisel:marble_slab:6, Marble Slab
chisel:marble_slab:7, Marble Slab
chisel:marble_slab:8, Marble Slab
chisel:marble_slab:9, Marble Slab
chisel:marble_slab:10, Marble Slab
chisel:marble_slab:11, Marble Slab
chisel:marble_slab:12, Marble Slab
chisel:marble_slab:13, Marble Slab
chisel:marble_slab:14, Marble Slab
chisel:marble_slab:15, Marble Slab
chisel:marble_slab_top, Marble Slab
chisel:marble_stairs.0:0, Marble Stairs
chisel:marble_stairs.0:8, Marble Stairs
chisel:marble_stairs.1:0, Marble Stairs
chisel:marble_stairs.1:8, Marble Stairs
chisel:marble_stairs.2:0, Marble Stairs
chisel:marble_stairs.2:8, Marble Stairs
chisel:marble_stairs.3:0, Marble Stairs
chisel:marble_stairs.3:8, Marble Stairs
chisel:marble_stairs.4:0, Marble Stairs
chisel:marble_stairs.4:8, Marble Stairs
chisel:marble_stairs.5:0, Marble Stairs
chisel:marble_stairs.5:8, Marble Stairs
chisel:marble_stairs.6:0, Marble Stairs
chisel:marble_stairs.6:8, Marble Stairs
chisel:marble_stairs.7:0, Marble Stairs
chisel:marble_stairs.7:8, Marble Stairs
chisel:marble_pillar:0, Marble Pillar
chisel:marble_pillar:1, Marble Pillar
chisel:marble_pillar:2, Marble Pillar
chisel:marble_pillar:3, Marble Pillar
chisel:marble_pillar:4, Marble Pillar
chisel:marble_pillar:5, Marble Pillar
chisel:marble_pillar:6, Marble Pillar
chisel:marble_pillar:7, Marble Pillar
chisel:marble_pillar:8, Marble Pillar
chisel:marble_pillar:9, Marble Pillar
chisel:marble_pillar:10, Marble Pillar
chisel:marble_pillar:11, Marble Pillar
chisel:marble_pillar:12, Marble Pillar
chisel:marble_pillar:13, Marble Pillar
chisel:marble_pillar:14, Marble Pillar
chisel:marble_pillar:15, Marble Pillar
chisel:marble_pillar_slab:0, Marble Pillar Slab
chisel:marble_pillar_slab:1, Marble Pillar Slab
chisel:marble_pillar_slab:2, Marble Pillar Slab
chisel:marble_pillar_slab:3, Marble Pillar Slab
chisel:marble_pillar_slab:4, Marble Pillar Slab
chisel:marble_pillar_slab:5, Marble Pillar Slab
chisel:marble_pillar_slab:6, Marble Pillar Slab
chisel:marble_pillar_slab:7, Marble Pillar Slab
chisel:marble_pillar_slab:8, Marble Pillar Slab
chisel:marble_pillar_slab:9, Marble Pillar Slab
chisel:marble_pillar_slab:10, Marble Pillar Slab
chisel:marble_pillar_slab:11, Marble Pillar Slab
chisel:marble_pillar_slab:12, Marble Pillar Slab
chisel:marble_pillar_slab:13, Marble Pillar Slab
chisel:marble_pillar_slab:14, Marble Pillar Slab
chisel:marble_pillar_slab:15, Marble Pillar Slab
chisel:marble_pillar_slab_top, Marble Pillar Slab
chisel:nation:0, Imperialistic Block
chisel:nation:1, Imperialistic Block
chisel:nation:2, Imperialistic Block
chisel:nation:3, Imperialistic Block
chisel:nation:4, Imperialistic Block
chisel:rebel:0, Rebellious Block
chisel:rebel:1, Rebellious Block
chisel:rebel:2, Rebellious Block
chisel:rebel:3, Rebellious Block
chisel:rebel:4, Rebellious Block
chisel:neonite:0, Neonite
chisel:neonite:1, Neonite
chisel:neonite:2, Neonite
chisel:neonite:3, Neonite
chisel:neonite:4, Neonite
chisel:neonite:5, Neonite
chisel:neonite:6, Neonite
chisel:neonite:7, Neonite
chisel:neonite:8, Neonite
chisel:neonite:9, Neonite
chisel:neonite:10, Neonite
chisel:neonite:11, Neonite
chisel:neonite:12, Neonite
chisel:neonite:13, Neonite
chisel:neonite:14, Neonite
chisel:neonite:15, Neonite
chisel:nether_brick:1, Nether Brick
chisel:nether_brick:2, Nether Brick
chisel:nether_brick:3, Nether Brick
chisel:nether_brick:4, Nether Brick
chisel:nether_brick:5, Nether Brick
chisel:nether_brick:6, Nether Brick
chisel:nether_brick:7, Nether Brick
chisel:nether_brick:8, Nether Brick
chisel:nether_brick:9, Nether Brick
chisel:nether_brick:10, Nether Brick
chisel:nether_brick:11, Nether Brick
chisel:nether_brick:12, Nether Brick
chisel:nether_brick:13, Nether Brick
chisel:nether_brick:14, Nether Brick
chisel:nether_brick:15, Nether Brick
chisel:netherrack:1, Netherrack
chisel:netherrack:2, Netherrack
chisel:netherrack:3, Netherrack
chisel:netherrack:4, Netherrack
chisel:netherrack:5, Netherrack
chisel:netherrack:6, Netherrack
chisel:netherrack:7, Netherrack
chisel:netherrack:8, Netherrack
chisel:netherrack:9, Netherrack
chisel:netherrack:10, Netherrack
chisel:netherrack:11, Netherrack
chisel:netherrack:12, Netherrack
chisel:netherrack:13, Netherrack
chisel:netherrack:14, Netherrack
chisel:nucrete:0, Structural Concrete
chisel:nucrete:1, Structural Concrete
chisel:nucrete:2, Structural Concrete
chisel:nucrete:3, Structural Concrete
chisel:nucrete:4, Structural Concrete
chisel:nucrete:5, Structural Concrete
chisel:nucrete:6, Structural Concrete
chisel:nucrete:7, Structural Concrete
chisel:nucrete:8, Structural Concrete
chisel:nucrete:9, Structural Concrete
chisel:nucrete:10, Structural Concrete
chisel:nucrete:11, Structural Concrete
chisel:nucrete:12, Structural Concrete
chisel:nucrete:13, Structural Concrete
chisel:nucrete:14, Structural Concrete
chisel:nucrete:15, Structural Concrete
chisel:obsidian:1, Obsidian
chisel:obsidian:2, Obsidian
chisel:obsidian:3, Obsidian
chisel:obsidian:4, Obsidian
chisel:obsidian:5, Obsidian
chisel:obsidian:6, Obsidian
chisel:obsidian:7, Obsidian
chisel:obsidian:8, Obsidian
chisel:obsidian:9, Obsidian
chisel:obsidian:10, Obsidian
chisel:obsidian:11, Obsidian
chisel:obsidian:12, Obsidian
chisel:obsidian:13, Obsidian
chisel:obsidian:14, Obsidian
chisel:obsidian:15, Obsidian
chisel:packedice:1, Packed Ice
chisel:packedice:2, Packed Ice
chisel:packedice:3, Packed Ice
chisel:packedice:4, Packed Ice
chisel:packedice:5, Packed Ice
chisel:packedice:6, Packed Ice
chisel:packedice:7, Packed Ice
chisel:packedice:8, Packed Ice
chisel:packedice:9, Packed Ice
chisel:packedice:10, Packed Ice
chisel:packedice:11, Packed Ice
chisel:packedice:12, Packed Ice
chisel:packedice:13, Packed Ice
chisel:packedice:14, Packed Ice
chisel:packedice:15, Packed Ice
chisel:packedice_pillar:0, Packed Ice Pillar
chisel:packedice_pillar:1, Packed Ice Pillar
chisel:packedice_pillar:2, Packed Ice Pillar
chisel:packedice_pillar:3, Packed Ice Pillar
chisel:packedice_pillar:4, Packed Ice Pillar
chisel:packedice_pillar:5, Packed Ice Pillar
chisel:packedice_pillar:6, Packed Ice Pillar
chisel:packedice_stairs.0:0, Packed Ice Stairs
chisel:packedice_stairs.0:8, Packed Ice Stairs
chisel:packedice_stairs.1:0, Packed Ice Stairs
chisel:packedice_stairs.1:8, Packed Ice Stairs
chisel:packedice_stairs.2:0, Packed Ice Stairs
chisel:packedice_stairs.2:8, Packed Ice Stairs
chisel:packedice_stairs.3:0, Packed Ice Stairs
chisel:packedice_stairs.3:8, Packed Ice Stairs
chisel:packedice_stairs.4:0, Packed Ice Stairs
chisel:packedice_stairs.4:8, Packed Ice Stairs
chisel:packedice_stairs.5:0, Packed Ice Stairs
chisel:packedice_stairs.5:8, Packed Ice Stairs
chisel:packedice_stairs.6:0, Packed Ice Stairs
chisel:packedice_stairs.6:8, Packed Ice Stairs
chisel:packedice_stairs.7:0, Packed Ice Stairs
chisel:packedice_stairs.7:8, Packed Ice Stairs
chisel:paperwall:0, Paperwall
chisel:paperwall:1, Paperwall
chisel:paperwall:2, Paperwall
chisel:paperwall:3, Paperwall
chisel:paperwall:4, Paperwall
chisel:paperwall:5, Paperwall
chisel:paperwall:6, Paperwall
chisel:paperwall:7, Paperwall
chisel:paperwall:8, Paperwall
chisel:paperwall_block:0, Paperwall Block
chisel:paperwall_block:1, Paperwall Block
chisel:paperwall_block:2, Paperwall Block
chisel:paperwall_block:3, Paperwall Block
chisel:paperwall_block:4, Paperwall Block
chisel:paperwall_block:5, Paperwall Block
chisel:paperwall_block:6, Paperwall Block
chisel:paperwall_block:7, Paperwall Block
chisel:paperwall_block:8, Paperwall Block
chisel:present:0, Present
chisel:present:1, Present
chisel:present:2, Present
chisel:present:3, Present
chisel:present:4, Present
chisel:present:5, Present
chisel:present:6, Present
chisel:present:7, Present
chisel:present:8, Present
chisel:present:9, Present
chisel:present:10, Present
chisel:present:11, Present
chisel:present:12, Present
chisel:present:13, Present
chisel:present:14, Present
chisel:present:15, Present
chisel:pumpkin1:0, Pumpkin
chisel:pumpkin2:0, Pumpkin
chisel:pumpkin3:0, Pumpkin
chisel:pumpkin4:0, Pumpkin
chisel:pumpkin5:0, Pumpkin
chisel:pumpkin6:0, Pumpkin
chisel:pumpkin7:0, Pumpkin
chisel:pumpkin8:0, Pumpkin
chisel:pumpkin9:0, Pumpkin
chisel:pumpkin10:0, Pumpkin
chisel:pumpkin11:0, Pumpkin
chisel:pumpkin12:0, Pumpkin
chisel:pumpkin13:0, Pumpkin
chisel:pumpkin14:0, Pumpkin
chisel:pumpkin15:0, Pumpkin
chisel:pumpkin16:0, Pumpkin
chisel:purpur:0, Purpur Block
chisel:purpur:1, Purpur Block
chisel:purpur:2, Purpur Block
chisel:purpur:3, Purpur Block
chisel:purpur:4, Purpur Block
chisel:purpur:5, Purpur Block
chisel:purpur:6, Purpur Block
chisel:purpur:7, Purpur Block
chisel:purpur:8, Purpur Block
chisel:purpur:9, Purpur Block
chisel:purpur:10, Purpur Block
chisel:redstone_block:1, Redstone Block
chisel:redstone_block:2, Redstone Block
chisel:redstone_block:3, Redstone Block
chisel:redstone_block:4, Redstone Block
chisel:redstone_block:5, Redstone Block
chisel:redstone_block:6, Redstone Block
chisel:redstone_block:7, Redstone Block
chisel:redstone_block:8, Redstone Block
chisel:redstone_block:9, Redstone Block
chisel:redstone_block:10, Redstone Block
chisel:redstone_block:11, Redstone Block
chisel:redstone_block:12, Redstone Block
chisel:redstone_block:13, Redstone Block
chisel:redstone_block:14, Redstone Block
chisel:redstone_block:15, Redstone Block
chisel:road_line:0, Road Lines
chisel:road_line:1, Road Lines
chisel:road_line:2, Road Lines
chisel:road_line:3, Road Lines
chisel:road_line:4, Road Lines
chisel:sandstone:0, Sandstone
chisel:sandstone:1, Sandstone
chisel:sandstone:2, Sandstone
chisel:sandstone:3, Sandstone
chisel:sandstone:4, Sandstone
chisel:sandstone:5, Sandstone
chisel:sandstone:6, Sandstone
chisel:sandstone:7, Sandstone
chisel:sandstone:8, Sandstone
chisel:sandstone:9, Sandstone
chisel:sandstone:10, Sandstone
chisel:sandstone:11, Sandstone
chisel:sandstone:12, Sandstone
chisel:sandstone:13, Sandstone
chisel:sandstone:14, Sandstone
chisel:sandstone:15, Sandstone
chisel:sandstone2:0, Sandstone
chisel:sandstone2:1, Sandstone
chisel:sandstone_scribbles:0, Sandstone Scribbles
chisel:sandstone_scribbles:1, Sandstone Scribbles
chisel:sandstone_scribbles:2, Sandstone Scribbles
chisel:sandstone_scribbles:3, Sandstone Scribbles
chisel:sandstone_scribbles:4, Sandstone Scribbles
chisel:sandstone_scribbles:5, Sandstone Scribbles
chisel:sandstone_scribbles:6, Sandstone Scribbles
chisel:sandstone_scribbles:7, Sandstone Scribbles
chisel:sandstone_scribbles:8, Sandstone Scribbles
chisel:sandstone_scribbles:9, Sandstone Scribbles
chisel:sandstone_scribbles:10, Sandstone Scribbles
chisel:sandstone_scribbles:11, Sandstone Scribbles
chisel:sandstone_scribbles:12, Sandstone Scribbles
chisel:sandstone_scribbles:13, Sandstone Scribbles
chisel:sandstone_scribbles:14, Sandstone Scribbles
chisel:sandstone_scribbles:15, Sandstone Scribbles
chisel:silverblock:0, Block of Silver
chisel:silverblock:1, Block of Silver
chisel:silverblock:2, Block of Silver
chisel:silverblock:3, Block of Silver
chisel:silverblock:4, Block of Silver
chisel:silverblock:5, Block of Silver
chisel:sand_snakestone:1, Sand Snakestone
chisel:sand_snakestone:13, Sand Snakestone
chisel:stone_snakestone:1, Stone Snakestone
chisel:stone_snakestone:13, Stone Snakestone
chisel:obsidian_snakestone:1, Obsidian Snakestone
chisel:obsidian_snakestone:13, Obsidian Snakestone
chisel:steelblock:0, Block of Steel
chisel:steelblock:1, Block of Steel
chisel:steelblock:2, Block of Steel
chisel:steelblock:3, Block of Steel
chisel:steelblock:4, Block of Steel
chisel:steelblock:5, Block of Steel
chisel:stonebricksmooth:0, Stone Bricks
chisel:stonebricksmooth:1, Stone Bricks
chisel:stonebricksmooth:2, Stone Bricks
chisel:stonebricksmooth:3, Stone Bricks
chisel:stonebricksmooth:4, Stone Bricks
chisel:stonebricksmooth:5, Stone Bricks
chisel:stonebricksmooth:6, Stone Bricks
chisel:stonebricksmooth:7, Stone Bricks
chisel:stonebricksmooth:8, Stone Bricks
chisel:stonebricksmooth:9, Stone Bricks
chisel:stonebricksmooth:10, Stone Bricks
chisel:stonebricksmooth:11, Stone Bricks
chisel:stonebricksmooth:12, Stone Bricks
chisel:stonebricksmooth:13, Stone Bricks
chisel:stonebricksmooth:14, Stone Bricks
chisel:stonebricksmooth:15, Stone Bricks
chisel:sveltstone:0, Svelstone block
chisel:sveltstone:1, Svelstone block
chisel:sveltstone:2, Svelstone block
chisel:sveltstone:3, Svelstone block
chisel:sveltstone:4, Svelstone block
chisel:sveltstone:5, Svelstone block
chisel:sveltstone:6, Svelstone block
chisel:sveltstone:7, Svelstone block
chisel:sveltstone:8, Svelstone block
chisel:sveltstone:9, Svelstone block
chisel:sveltstone:10, Svelstone block
chisel:sveltstone:11, Svelstone block
chisel:sveltstone:12, Svelstone block
chisel:sveltstone:13, Svelstone block
chisel:sveltstone:14, Svelstone block
chisel:sveltstone:15, Svelstone block
chisel:technical:0, Technical Block
chisel:technical:1, Technical Block
chisel:technical:2, Technical Block
chisel:technical:3, Technical Block
chisel:technical:4, Technical Block
chisel:technical:5, Technical Block
chisel:technical:6, Technical Block
chisel:technical:7, Technical Block
chisel:technical:8, Technical Block
chisel:technical:9, Technical Block
chisel:technical:10, Technical Block
chisel:technical:11, Technical Block
chisel:technical:12, Technical Block
chisel:technical:13, Technical Block
chisel:technical:14, Technical Block
chisel:technical:15, Technical Block
chisel:technical2:0, Transparent Technical Block
chisel:technical2:1, Transparent Technical Block
chisel:technical2:2, Transparent Technical Block
chisel:technical2:3, Transparent Technical Block
chisel:technical3:0, Industrial Technical Block
chisel:technical3:1, Industrial Technical Block
chisel:technical4:0, Technical Block
chisel:technical4:1, Technical Block
chisel:technical4:2, Technical Block
chisel:technical4:3, Technical Block
chisel:technical4:4, Technical Block
chisel:technical4:5, Technical Block
chisel:technical4:6, Technical Block
chisel:technical4:7, Technical Block
chisel:templeblock:0, Temple Block
chisel:templeblock:1, Temple Block
chisel:templeblock:2, Temple Block
chisel:templeblock:3, Temple Block
chisel:templeblock:4, Temple Block
chisel:templeblock:5, Temple Block
chisel:templeblock:6, Temple Block
chisel:templeblock:7, Temple Block
chisel:templeblock:8, Temple Block
chisel:templeblock:9, Temple Block
chisel:templeblock:10, Temple Block
chisel:templeblock:11, Temple Block
chisel:templeblock:12, Temple Block
chisel:templeblock:13, Temple Block
chisel:templeblock:14, Temple Block
chisel:templeblock:15, Temple Block
chisel:mossy_templeblock:0, Mossy Temple Block
chisel:mossy_templeblock:1, Mossy Temple Block
chisel:mossy_templeblock:2, Mossy Temple Block
chisel:mossy_templeblock:3, Mossy Temple Block
chisel:mossy_templeblock:4, Mossy Temple Block
chisel:mossy_templeblock:5, Mossy Temple Block
chisel:mossy_templeblock:6, Mossy Temple Block
chisel:mossy_templeblock:7, Mossy Temple Block
chisel:mossy_templeblock:8, Mossy Temple Block
chisel:mossy_templeblock:9, Mossy Temple Block
chisel:mossy_templeblock:10, Mossy Temple Block
chisel:mossy_templeblock:11, Mossy Temple Block
chisel:mossy_templeblock:12, Mossy Temple Block
chisel:mossy_templeblock:13, Mossy Temple Block
chisel:mossy_templeblock:14, Mossy Temple Block
chisel:mossy_templeblock:15, Mossy Temple Block
chisel:tinblock:0, Block of Tin
chisel:tinblock:1, Block of Tin
chisel:tinblock:2, Block of Tin
chisel:tinblock:3, Block of Tin
chisel:tinblock:4, Block of Tin
chisel:tinblock:5, Block of Tin
chisel:torch1, Torch
chisel:torch2, Torch
chisel:torch3, Torch
chisel:torch4, Torch
chisel:torch5, Torch
chisel:torch6, Torch
chisel:torch7, Torch
chisel:torch8, Torch
chisel:torch9, Torch
chisel:torch10, Torch
chisel:tyrian:0, Tyrian
chisel:tyrian:1, Tyrian
chisel:tyrian:2, Tyrian
chisel:tyrian:3, Tyrian
chisel:tyrian:4, Tyrian
chisel:tyrian:5, Tyrian
chisel:tyrian:6, Tyrian
chisel:tyrian:7, Tyrian
chisel:tyrian:8, Tyrian
chisel:tyrian:9, Tyrian
chisel:tyrian:10, Tyrian
chisel:tyrian:11, Tyrian
chisel:tyrian:12, Tyrian
chisel:tyrian:13, Tyrian
chisel:tyrian:14, Tyrian
chisel:tyrian:15, Tyrian
chisel:uraniumblock:0, Block of Uranium
chisel:uraniumblock:1, Block of Uranium
chisel:uraniumblock:2, Block of Uranium
chisel:uraniumblock:3, Block of Uranium
chisel:uraniumblock:4, Block of Uranium
chisel:uraniumblock:5, Block of Uranium
chisel:valentines:0, Valentines Block
chisel:valentines:1, Valentines Block
chisel:valentines:2, Valentines Block
chisel:valentines:3, Valentines Block
chisel:valentines:4, Valentines Block
chisel:valentines:5, Valentines Block
chisel:valentines:6, Valentines Block
chisel:valentines:7, Valentines Block
chisel:valentines:8, Valentines Block
chisel:valentines:9, Valentines Block
chisel:voidstone:0, Voidstone
chisel:voidstone:1, Voidstone
chisel:voidstone:2, Voidstone
chisel:voidstone:3, Voidstone
chisel:voidstone:4, Voidstone
chisel:voidstone:5, Voidstone
chisel:voidstone:6, Voidstone
chisel:voidstone:7, Voidstone
chisel:voidstone2:0, Energised Voidstone
chisel:voidstone2:1, Energised Voidstone
chisel:voidstone2:2, Energised Voidstone
chisel:voidstone2:3, Energised Voidstone
chisel:voidstone2:4, Energised Voidstone
chisel:voidstone2:5, Energised Voidstone
chisel:voidstone2:6, Energised Voidstone
chisel:voidstone2:7, Energised Voidstone
chisel:voidstoneRunic:1, Runic Voidstone
chisel:voidstoneRunic:2, Runic Voidstone
chisel:voidstoneRunic:3, Runic Voidstone
chisel:voidstoneRunic:4, Runic Voidstone
chisel:voidstoneRunic:5, Runic Voidstone
chisel:voidstoneRunic:6, Runic Voidstone
chisel:voidstoneRunic:7, Runic Voidstone
chisel:voidstoneRunic:8, Runic Voidstone
chisel:voidstoneRunic:9, Runic Voidstone
chisel:voidstoneRunic:10, Runic Voidstone
chisel:voidstoneRunic:11, Runic Voidstone
chisel:voidstoneRunic:12, Runic Voidstone
chisel:voidstoneRunic:13, Runic Voidstone
chisel:voidstoneRunic:14, Runic Voidstone
chisel:voidstoneRunic:15, Runic Voidstone
chisel:voidstonePillar:0, Voidstone Pillar
chisel:voidstonePillar2:0, Energised Voidstone Pillar
chisel:warningSign:0, Warning Sign
chisel:warningSign:1, Warning Sign
chisel:warningSign:2, Warning Sign
chisel:warningSign:3, Warning Sign
chisel:warningSign:4, Warning Sign
chisel:warningSign:5, Warning Sign
chisel:warningSign:6, Warning Sign
chisel:warningSign:7, Warning Sign
chisel:warningSign:8, Warning Sign
chisel:warningSign:9, Warning Sign
chisel:warningSign:10, Warning Sign
chisel:warningSign:11, Warning Sign
chisel:warningSign:12, Warning Sign
chisel:warningSign:13, Warning Sign
chisel:warningSign:14, Warning Sign
chisel:waterstone:0, Waterstone
chisel:waterstone:1, Waterstone
chisel:waterstone:2, Waterstone
chisel:waterstone:3, Waterstone
chisel:waterstone:4, Waterstone
chisel:waterstone:5, Waterstone
chisel:waterstone:6, Waterstone
chisel:oak_planks:1, Oak Wood Planks
chisel:oak_planks:2, Oak Wood Planks
chisel:oak_planks:6, Oak Wood Planks
chisel:oak_planks:8, Oak Wood Planks
chisel:oak_planks:9, Oak Wood Planks
chisel:oak_planks:10, Oak Wood Planks
chisel:oak_planks:11, Oak Wood Planks
chisel:oak_planks:13, Oak Wood Planks
chisel:oak_planks:3, Oak Wood Planks
chisel:oak_planks:4, Oak Wood Planks
chisel:oak_planks:5, Oak Wood Planks
chisel:oak_planks:7, Oak Wood Planks
chisel:oak_planks:12, Oak Wood Planks
chisel:oak_planks:14, Oak Wood Planks
chisel:oak_planks:15, Oak Wood Planks
chisel:spruce_planks:1, Spruce Wood Planks
chisel:spruce_planks:2, Spruce Wood Planks
chisel:spruce_planks:6, Spruce Wood Planks
chisel:spruce_planks:8, Spruce Wood Planks
chisel:spruce_planks:9, Spruce Wood Planks
chisel:spruce_planks:10, Spruce Wood Planks
chisel:spruce_planks:11, Spruce Wood Planks
chisel:spruce_planks:13, Spruce Wood Planks
chisel:spruce_planks:3, Spruce Wood Planks
chisel:spruce_planks:4, Spruce Wood Planks
chisel:spruce_planks:5, Spruce Wood Planks
chisel:spruce_planks:7, Spruce Wood Planks
chisel:spruce_planks:12, Spruce Wood Planks
chisel:spruce_planks:14, Spruce Wood Planks
chisel:spruce_planks:15, Spruce Wood Planks
chisel:birch_planks:1, Birch Wood Planks
chisel:birch_planks:2, Birch Wood Planks
chisel:birch_planks:6, Birch Wood Planks
chisel:birch_planks:8, Birch Wood Planks
chisel:birch_planks:9, Birch Wood Planks
chisel:birch_planks:10, Birch Wood Planks
chisel:birch_planks:11, Birch Wood Planks
chisel:birch_planks:13, Birch Wood Planks
chisel:birch_planks:3, Birch Wood Planks
chisel:birch_planks:4, Birch Wood Planks
chisel:birch_planks:5, Birch Wood Planks
chisel:birch_planks:7, Birch Wood Planks
chisel:birch_planks:12, Birch Wood Planks
chisel:birch_planks:14, Birch Wood Planks
chisel:birch_planks:15, Birch Wood Planks
chisel:jungle_planks:1, Jungle Wood Planks
chisel:jungle_planks:2, Jungle Wood Planks
chisel:jungle_planks:6, Jungle Wood Planks
chisel:jungle_planks:8, Jungle Wood Planks
chisel:jungle_planks:9, Jungle Wood Planks
chisel:jungle_planks:10, Jungle Wood Planks
chisel:jungle_planks:11, Jungle Wood Planks
chisel:jungle_planks:13, Jungle Wood Planks
chisel:jungle_planks:3, Jungle Wood Planks
chisel:jungle_planks:4, Jungle Wood Planks
chisel:jungle_planks:5, Jungle Wood Planks
chisel:jungle_planks:7, Jungle Wood Planks
chisel:jungle_planks:12, Jungle Wood Planks
chisel:jungle_planks:14, Jungle Wood Planks
chisel:jungle_planks:15, Jungle Wood Planks
chisel:acacia_planks:1, Acacia Wood Planks
chisel:acacia_planks:2, Acacia Wood Planks
chisel:acacia_planks:6, Acacia Wood Planks
chisel:acacia_planks:8, Acacia Wood Planks
chisel:acacia_planks:9, Acacia Wood Planks
chisel:acacia_planks:10, Acacia Wood Planks
chisel:acacia_planks:11, Acacia Wood Planks
chisel:acacia_planks:13, Acacia Wood Planks
chisel:acacia_planks:3, Acacia Wood Planks
chisel:acacia_planks:4, Acacia Wood Planks
chisel:acacia_planks:5, Acacia Wood Planks
chisel:acacia_planks:7, Acacia Wood Planks
chisel:acacia_planks:12, Acacia Wood Planks
chisel:acacia_planks:14, Acacia Wood Planks
chisel:acacia_planks:15, Acacia Wood Planks
chisel:dark_oak_planks:1, Dark Oak Wood Planks
chisel:dark_oak_planks:2, Dark Oak Wood Planks
chisel:dark_oak_planks:6, Dark Oak Wood Planks
chisel:dark_oak_planks:8, Dark Oak Wood Planks
chisel:dark_oak_planks:9, Dark Oak Wood Planks
chisel:dark_oak_planks:10, Dark Oak Wood Planks
chisel:dark_oak_planks:11, Dark Oak Wood Planks
chisel:dark_oak_planks:13, Dark Oak Wood Planks
chisel:dark_oak_planks:3, Dark Oak Wood Planks
chisel:dark_oak_planks:4, Dark Oak Wood Planks
chisel:dark_oak_planks:5, Dark Oak Wood Planks
chisel:dark_oak_planks:7, Dark Oak Wood Planks
chisel:dark_oak_planks:12, Dark Oak Wood Planks
chisel:dark_oak_planks:14, Dark Oak Wood Planks
chisel:dark_oak_planks:15, Dark Oak Wood Planks
chisel:woolen_clay:0, Woolen Clay
chisel:woolen_clay:1, Woolen Clay
chisel:woolen_clay:2, Woolen Clay
chisel:woolen_clay:3, Woolen Clay
chisel:woolen_clay:4, Woolen Clay
chisel:woolen_clay:5, Woolen Clay
chisel:woolen_clay:6, Woolen Clay
chisel:woolen_clay:7, Woolen Clay
chisel:woolen_clay:8, Woolen Clay
chisel:woolen_clay:9, Woolen Clay
chisel:woolen_clay:10, Woolen Clay
chisel:woolen_clay:11, Woolen Clay
chisel:woolen_clay:12, Woolen Clay
chisel:woolen_clay:13, Woolen Clay
chisel:woolen_clay:14, Woolen Clay
chisel:woolen_clay:15, Woolen Clay
Forestry:core:0, Analyzer
Forestry:core:1, Escritoire
Forestry:soil:0, Humus
Forestry:soil:1, Bog Earth
Forestry:resources:0, Apatite Ore
Forestry:resources:1, Copper Ore
Forestry:resources:2, Tin Ore
Forestry:resourceStorage:0, Block of Apatite
Forestry:resourceStorage:1, Block of Copper
Forestry:resourceStorage:2, Block of Tin
Forestry:resourceStorage:3, Block of Bronze
Forestry:fluid.glass, Liquid Glass
Forestry:fluid.honey, Honey
Forestry:fluid.ice, Crushed Ice
Forestry:fluid.juice, Fruit Juice
Forestry:fluid.seedoil, Seed Oil
Forestry:fluid.short.mead, Short Mead
Forestry:fluid.mead, Mead
Forestry:apiculture:0, Apiary
Forestry:apiculture:2, Bee House
Forestry:apicultureChest:0, Apiarist's Chest
Forestry:beehives:1, Forest Hive
Forestry:beehives:2, Meadows Hive
Forestry:beehives:3, Modest Hive
Forestry:beehives:4, Tropical Hive
Forestry:beehives:6, Wintry Hive
Forestry:beehives:7, Marshy Hive
Forestry:candle:0, Unlit Candle
Forestry:stump:0, Candle Stump
Forestry:alveary:0, Alveary
Forestry:alveary:2, Swarmer
Forestry:alveary:3, Alveary Fan
Forestry:alveary:4, Alveary Heater
Forestry:alveary:5, Alveary Hygroregulator
Forestry:alveary:6, Alveary Stabiliser
Forestry:alveary:7, Alveary Sieve
Forestry:logs:0, Larch Wood
Forestry:logs:1, Teak Wood
Forestry:logs:2, Desert Acacia Wood
Forestry:logs:3, Lime Wood
Forestry:logs:4, Chestnut Wood
Forestry:logs:5, Wenge Wood
Forestry:logs:6, Baobab Wood
Forestry:logs:7, Sequoia Wood
Forestry:logs:8, Kapok Wood
Forestry:logs:9, Ebony Wood
Forestry:logs:10, Mahogany Wood
Forestry:logs:11, Balsa Wood
Forestry:logs:12, Willow Wood
Forestry:logs:13, Walnut Wood
Forestry:logs:14, Greenheart Wood
Forestry:logs:15, Cherry Wood
Forestry:logs:16, Mahoe Wood
Forestry:logs:17, Poplar Wood
Forestry:logs:18, Palm Wood
Forestry:logs:19, Papaya Wood
Forestry:logs:20, Pine Wood
Forestry:logs:21, Plum Wood
Forestry:logs:22, Maple Wood
Forestry:logs:23, Citrus Wood
Forestry:logs:24, Giant Sequoia Wood
Forestry:logs:25, Ipe Wood
Forestry:logs:26, Padauk Wood
Forestry:logs:27, Cocobolo Wood
Forestry:logs:28, Zebrawood Wood
Forestry:planks:0, Larch Wood Planks
Forestry:planks:1, Teak Wood Planks
Forestry:planks:2, Desert Acacia Wood Planks
Forestry:planks:3, Lime Wood Planks
Forestry:planks:4, Chestnut Wood Planks
Forestry:planks:5, Wenge Wood Planks
Forestry:planks:6, Baobab Wood Planks
Forestry:planks:7, Sequoia Wood Planks
Forestry:planks:8, Kapok Wood Planks
Forestry:planks:9, Ebony Wood Planks
Forestry:planks:10, Mahogany Wood Planks
Forestry:planks:11, Balsa Wood Planks
Forestry:planks:12, Willow Wood Planks
Forestry:planks:13, Walnut Wood Planks
Forestry:planks:14, Greenheart Wood Planks
Forestry:planks:15, Cherry Wood Planks
Forestry:planks:16, Mahoe Wood Planks
Forestry:planks:17, Poplar Wood Planks
Forestry:planks:18, Palm Wood Planks
Forestry:planks:19, Papaya Wood Planks
Forestry:planks:20, Pine Wood Planks
Forestry:planks:21, Plum Wood Planks
Forestry:planks:22, Maple Wood Planks
Forestry:planks:23, Citrus Wood Planks
Forestry:planks:24, Giant Sequoia Wood Planks
Forestry:planks:25, Ipe Wood Planks
Forestry:planks:26, Padauk Wood Planks
Forestry:planks:27, Cocobolo Wood Planks
Forestry:planks:28, Zebrawood Wood Planks
Forestry:slabs:0, Larch Wood Slab
Forestry:slabs:1, Teak Wood Slab
Forestry:slabs:2, Desert Acacia Wood Slab
Forestry:slabs:3, Lime Wood Slab
Forestry:slabs:4, Chestnut Wood Slab
Forestry:slabs:5, Wenge Wood Slab
Forestry:slabs:6, Baobab Wood Slab
Forestry:slabs:7, Sequoia Wood Slab
Forestry:slabs:8, Kapok Wood Slab
Forestry:slabs:9, Ebony Wood Slab
Forestry:slabs:10, Mahogany Wood Slab
Forestry:slabs:11, Balsa Wood Slab
Forestry:slabs:12, Willow Wood Slab
Forestry:slabs:13, Walnut Wood Slab
Forestry:slabs:14, Greenheart Wood Slab
Forestry:slabs:15, Cherry Wood Slab
Forestry:slabs:16, Mahoe Wood Slab
Forestry:slabs:17, Poplar Wood Slab
Forestry:slabs:18, Palm Wood Slab
Forestry:slabs:19, Papaya Wood Slab
Forestry:slabs:20, Pine Wood Slab
Forestry:slabs:21, Plum Wood Slab
Forestry:slabs:22, Maple Wood Slab
Forestry:slabs:23, Citrus Wood Slab
Forestry:slabs:24, Giant Sequoia Wood Slab
Forestry:slabs:25, Ipe Wood Slab
Forestry:slabs:26, Padauk Wood Slab
Forestry:slabs:27, Cocobolo Wood Slab
Forestry:slabs:28, Zebrawood Wood Slab
Forestry:fences:0, Larch Fence
Forestry:fences:1, Teak Fence
Forestry:fences:2, Desert Acacia Fence
Forestry:fences:3, Lime Fence
Forestry:fences:4, Chestnut Fence
Forestry:fences:5, Wenge Fence
Forestry:fences:6, Baobab Fence
Forestry:fences:7, Sequoia Fence
Forestry:fences:8, Kapok Fence
Forestry:fences:9, Ebony Fence
Forestry:fences:10, Mahogany Fence
Forestry:fences:11, Balsa Fence
Forestry:fences:12, Willow Fence
Forestry:fences:13, Walnut Fence
Forestry:fences:14, Greenheart Fence
Forestry:fences:15, Cherry Fence
Forestry:fences:16, Mahoe Fence
Forestry:fences:17, Poplar Fence
Forestry:fences:18, Palm Fence
Forestry:fences:19, Papaya Fence
Forestry:fences:20, Pine Fence
Forestry:fences:21, Plum Fence
Forestry:fences:22, Maple Fence
Forestry:fences:23, Citrus Fence
Forestry:fences:24, Giant Sequoia Fence
Forestry:fences:25, Ipe Fence
Forestry:fences:26, Padauk Fence
Forestry:fences:27, Cocobolo Fence
Forestry:fences:28, Zebrawood Fence
Forestry:stairs:0, Larch Stairs
Forestry:stairs:1, Teak Stairs
Forestry:stairs:2, Desert Acacia Stairs
Forestry:stairs:3, Lime Stairs
Forestry:stairs:4, Chestnut Stairs
Forestry:stairs:5, Wenge Stairs
Forestry:stairs:6, Baobab Stairs
Forestry:stairs:7, Sequoia Stairs
Forestry:stairs:8, Kapok Stairs
Forestry:stairs:9, Ebony Stairs
Forestry:stairs:10, Mahogany Stairs
Forestry:stairs:11, Balsa Stairs
Forestry:stairs:12, Willow Stairs
Forestry:stairs:13, Walnut Stairs
Forestry:stairs:14, Greenheart Stairs
Forestry:stairs:15, Cherry Stairs
Forestry:stairs:16, Mahoe Stairs
Forestry:stairs:17, Poplar Stairs
Forestry:stairs:18, Palm Stairs
Forestry:stairs:19, Papaya Stairs
Forestry:stairs:20, Pine Stairs
Forestry:stairs:21, Plum Stairs
Forestry:stairs:22, Maple Stairs
Forestry:stairs:23, Citrus Stairs
Forestry:stairs:24, Giant Sequoia Stairs
Forestry:stairs:25, Ipe Stairs
Forestry:stairs:26, Padauk Stairs
Forestry:stairs:27, Cocobolo Stairs
Forestry:stairs:28, Zebrawood Stairs
Forestry:logsFireproof:0, Larch Wood (Fireproof)
Forestry:logsFireproof:1, Teak Wood (Fireproof)
Forestry:logsFireproof:2, Desert Acacia Wood (Fireproof)
Forestry:logsFireproof:3, Lime Wood (Fireproof)
Forestry:logsFireproof:4, Chestnut Wood (Fireproof)
Forestry:logsFireproof:5, Wenge Wood (Fireproof)
Forestry:logsFireproof:6, Baobab Wood (Fireproof)
Forestry:logsFireproof:7, Sequoia Wood (Fireproof)
Forestry:logsFireproof:8, Kapok Wood (Fireproof)
Forestry:logsFireproof:9, Ebony Wood (Fireproof)
Forestry:logsFireproof:10, Mahogany Wood (Fireproof)
Forestry:logsFireproof:11, Balsa Wood (Fireproof)
Forestry:logsFireproof:12, Willow Wood (Fireproof)
Forestry:logsFireproof:13, Walnut Wood (Fireproof)
Forestry:logsFireproof:14, Greenheart Wood (Fireproof)
Forestry:logsFireproof:15, Cherry Wood (Fireproof)
Forestry:logsFireproof:16, Mahoe Wood (Fireproof)
Forestry:logsFireproof:17, Poplar Wood (Fireproof)
Forestry:logsFireproof:18, Palm Wood (Fireproof)
Forestry:logsFireproof:19, Papaya Wood (Fireproof)
Forestry:logsFireproof:20, Pine Wood (Fireproof)
Forestry:logsFireproof:21, Plum Wood (Fireproof)
Forestry:logsFireproof:22, Maple Wood (Fireproof)
Forestry:logsFireproof:23, Citrus Wood (Fireproof)
Forestry:logsFireproof:24, Giant Sequoia Wood (Fireproof)
Forestry:logsFireproof:25, Ipe Wood (Fireproof)
Forestry:logsFireproof:26, Padauk Wood (Fireproof)
Forestry:logsFireproof:27, Cocobolo Wood (Fireproof)
Forestry:logsFireproof:28, Zebrawood Wood (Fireproof)
Forestry:planksFireproof:0, Larch Wood Planks (Fireproof)
Forestry:planksFireproof:1, Teak Wood Planks (Fireproof)
Forestry:planksFireproof:2, Desert Acacia Wood Planks (Fireproof)
Forestry:planksFireproof:3, Lime Wood Planks (Fireproof)
Forestry:planksFireproof:4, Chestnut Wood Planks (Fireproof)
Forestry:planksFireproof:5, Wenge Wood Planks (Fireproof)
Forestry:planksFireproof:6, Baobab Wood Planks (Fireproof)
Forestry:planksFireproof:7, Sequoia Wood Planks (Fireproof)
Forestry:planksFireproof:8, Kapok Wood Planks (Fireproof)
Forestry:planksFireproof:9, Ebony Wood Planks (Fireproof)
Forestry:planksFireproof:10, Mahogany Wood Planks (Fireproof)
Forestry:planksFireproof:11, Balsa Wood Planks (Fireproof)
Forestry:planksFireproof:12, Willow Wood Planks (Fireproof)
Forestry:planksFireproof:13, Walnut Wood Planks (Fireproof)
Forestry:planksFireproof:14, Greenheart Wood Planks (Fireproof)
Forestry:planksFireproof:15, Cherry Wood Planks (Fireproof)
Forestry:planksFireproof:16, Mahoe Wood Planks (Fireproof)
Forestry:planksFireproof:17, Poplar Wood Planks (Fireproof)
Forestry:planksFireproof:18, Palm Wood Planks (Fireproof)
Forestry:planksFireproof:19, Papaya Wood Planks (Fireproof)
Forestry:planksFireproof:20, Pine Wood Planks (Fireproof)
Forestry:planksFireproof:21, Plum Wood Planks (Fireproof)
Forestry:planksFireproof:22, Maple Wood Planks (Fireproof)
Forestry:planksFireproof:23, Citrus Wood Planks (Fireproof)
Forestry:planksFireproof:24, Giant Sequoia Wood Planks (Fireproof)
Forestry:planksFireproof:25, Ipe Wood Planks (Fireproof)
Forestry:planksFireproof:26, Padauk Wood Planks (Fireproof)
Forestry:planksFireproof:27, Cocobolo Wood Planks (Fireproof)
Forestry:planksFireproof:28, Zebrawood Wood Planks (Fireproof)
Forestry:slabsFireproof:0, Larch Wood Slab (Fireproof)
Forestry:slabsFireproof:1, Teak Wood Slab (Fireproof)
Forestry:slabsFireproof:2, Desert Acacia Wood Slab (Fireproof)
Forestry:slabsFireproof:3, Lime Wood Slab (Fireproof)
Forestry:slabsFireproof:4, Chestnut Wood Slab (Fireproof)
Forestry:slabsFireproof:5, Wenge Wood Slab (Fireproof)
Forestry:slabsFireproof:6, Baobab Wood Slab (Fireproof)
Forestry:slabsFireproof:7, Sequoia Wood Slab (Fireproof)
Forestry:slabsFireproof:8, Kapok Wood Slab (Fireproof)
Forestry:slabsFireproof:9, Ebony Wood Slab (Fireproof)
Forestry:slabsFireproof:10, Mahogany Wood Slab (Fireproof)
Forestry:slabsFireproof:11, Balsa Wood Slab (Fireproof)
Forestry:slabsFireproof:12, Willow Wood Slab (Fireproof)
Forestry:slabsFireproof:13, Walnut Wood Slab (Fireproof)
Forestry:slabsFireproof:14, Greenheart Wood Slab (Fireproof)
Forestry:slabsFireproof:15, Cherry Wood Slab (Fireproof)
Forestry:slabsFireproof:16, Mahoe Wood Slab (Fireproof)
Forestry:slabsFireproof:17, Poplar Wood Slab (Fireproof)
Forestry:slabsFireproof:18, Palm Wood Slab (Fireproof)
Forestry:slabsFireproof:19, Papaya Wood Slab (Fireproof)
Forestry:slabsFireproof:20, Pine Wood Slab (Fireproof)
Forestry:slabsFireproof:21, Plum Wood Slab (Fireproof)
Forestry:slabsFireproof:22, Maple Wood Slab (Fireproof)
Forestry:slabsFireproof:23, Citrus Wood Slab (Fireproof)
Forestry:slabsFireproof:24, Giant Sequoia Wood Slab (Fireproof)
Forestry:slabsFireproof:25, Ipe Wood Slab (Fireproof)
Forestry:slabsFireproof:26, Padauk Wood Slab (Fireproof)
Forestry:slabsFireproof:27, Cocobolo Wood Slab (Fireproof)
Forestry:slabsFireproof:28, Zebrawood Wood Slab (Fireproof)
Forestry:fencesFireproof:0, Larch Fence (Fireproof)
Forestry:fencesFireproof:1, Teak Fence (Fireproof)
Forestry:fencesFireproof:2, Desert Acacia Fence (Fireproof)
Forestry:fencesFireproof:3, Lime Fence (Fireproof)
Forestry:fencesFireproof:4, Chestnut Fence (Fireproof)
Forestry:fencesFireproof:5, Wenge Fence (Fireproof)
Forestry:fencesFireproof:6, Baobab Fence (Fireproof)
Forestry:fencesFireproof:7, Sequoia Fence (Fireproof)
Forestry:fencesFireproof:8, Kapok Fence (Fireproof)
Forestry:fencesFireproof:9, Ebony Fence (Fireproof)
Forestry:fencesFireproof:10, Mahogany Fence (Fireproof)
Forestry:fencesFireproof:11, Balsa Fence (Fireproof)
Forestry:fencesFireproof:12, Willow Fence (Fireproof)
Forestry:fencesFireproof:13, Walnut Fence (Fireproof)
Forestry:fencesFireproof:14, Greenheart Fence (Fireproof)
Forestry:fencesFireproof:15, Cherry Fence (Fireproof)
Forestry:fencesFireproof:16, Mahoe Fence (Fireproof)
Forestry:fencesFireproof:17, Poplar Fence (Fireproof)
Forestry:fencesFireproof:18, Palm Fence (Fireproof)
Forestry:fencesFireproof:19, Papaya Fence (Fireproof)
Forestry:fencesFireproof:20, Pine Fence (Fireproof)
Forestry:fencesFireproof:21, Plum Fence (Fireproof)
Forestry:fencesFireproof:22, Maple Fence (Fireproof)
Forestry:fencesFireproof:23, Citrus Fence (Fireproof)
Forestry:fencesFireproof:24, Giant Sequoia Fence (Fireproof)
Forestry:fencesFireproof:25, Ipe Fence (Fireproof)
Forestry:fencesFireproof:26, Padauk Fence (Fireproof)
Forestry:fencesFireproof:27, Cocobolo Fence (Fireproof)
Forestry:fencesFireproof:28, Zebrawood Fence (Fireproof)
Forestry:stairsFireproof:0, Larch Stairs (Fireproof)
Forestry:stairsFireproof:1, Teak Stairs (Fireproof)
Forestry:stairsFireproof:2, Desert Acacia Stairs (Fireproof)
Forestry:stairsFireproof:3, Lime Stairs (Fireproof)
Forestry:stairsFireproof:4, Chestnut Stairs (Fireproof)
Forestry:stairsFireproof:5, Wenge Stairs (Fireproof)
Forestry:stairsFireproof:6, Baobab Stairs (Fireproof)
Forestry:stairsFireproof:7, Sequoia Stairs (Fireproof)
Forestry:stairsFireproof:8, Kapok Stairs (Fireproof)
Forestry:stairsFireproof:9, Ebony Stairs (Fireproof)
Forestry:stairsFireproof:10, Mahogany Stairs (Fireproof)
Forestry:stairsFireproof:11, Balsa Stairs (Fireproof)
Forestry:stairsFireproof:12, Willow Stairs (Fireproof)
Forestry:stairsFireproof:13, Walnut Stairs (Fireproof)
Forestry:stairsFireproof:14, Greenheart Stairs (Fireproof)
Forestry:stairsFireproof:15, Cherry Stairs (Fireproof)
Forestry:stairsFireproof:16, Mahoe Stairs (Fireproof)
Forestry:stairsFireproof:17, Poplar Stairs (Fireproof)
Forestry:stairsFireproof:18, Palm Stairs (Fireproof)
Forestry:stairsFireproof:19, Papaya Stairs (Fireproof)
Forestry:stairsFireproof:20, Pine Stairs (Fireproof)
Forestry:stairsFireproof:21, Plum Stairs (Fireproof)
Forestry:stairsFireproof:22, Maple Stairs (Fireproof)
Forestry:stairsFireproof:23, Citrus Stairs (Fireproof)
Forestry:stairsFireproof:24, Giant Sequoia Stairs (Fireproof)
Forestry:stairsFireproof:25, Ipe Stairs (Fireproof)
Forestry:stairsFireproof:26, Padauk Stairs (Fireproof)
Forestry:stairsFireproof:27, Cocobolo Stairs (Fireproof)
Forestry:stairsFireproof:28, Zebrawood Stairs (Fireproof)
Forestry:saplingGE:0, Sapling
Forestry:pods:0, Pod
Forestry:arboriculture:0, Arborist's Chest
Forestry:engine:0, Electrical Engine
Forestry:engine:1, Peat-fired Engine
Forestry:engine:2, Biogas Engine
Forestry:engine:3, Bio Generator
Forestry:engine:4, Clockwork Engine
Forestry:factory:0, Bottler
Forestry:factory:1, Carpenter
Forestry:factory:2, Centrifuge
Forestry:factory:3, Fermenter
Forestry:factory:4, Moistener
Forestry:factory:5, Squeezer
Forestry:factory:6, Still
Forestry:factory:7, Rainmaker
Forestry:factory2:0, Thermionic Fabricator
Forestry:factory2:1, Raintank
Forestry:factory2:2, Worktable
Forestry:mushroom:0, Mushroom
Forestry:mushroom:1, Mushroom
Forestry:ffarm:0, Farm Block
Forestry:ffarm:0, Farm Block
Forestry:ffarm:0, Farm Block
Forestry:ffarm:0, Farm Block
Forestry:ffarm:0, Farm Block
Forestry:ffarm:0, Farm Block
Forestry:ffarm:0, Farm Block
Forestry:ffarm:0, Farm Block
Forestry:ffarm:0, Farm Block
Forestry:ffarm:0, Farm Block
Forestry:ffarm:0, Farm Block
Forestry:ffarm:2, Farm Gearbox
Forestry:ffarm:2, Farm Gearbox
Forestry:ffarm:2, Farm Gearbox
Forestry:ffarm:2, Farm Gearbox
Forestry:ffarm:2, Farm Gearbox
Forestry:ffarm:2, Farm Gearbox
Forestry:ffarm:2, Farm Gearbox
Forestry:ffarm:2, Farm Gearbox
Forestry:ffarm:2, Farm Gearbox
Forestry:ffarm:2, Farm Gearbox
Forestry:ffarm:2, Farm Gearbox
Forestry:ffarm:3, Farm Hatch
Forestry:ffarm:3, Farm Hatch
Forestry:ffarm:3, Farm Hatch
Forestry:ffarm:3, Farm Hatch
Forestry:ffarm:3, Farm Hatch
Forestry:ffarm:3, Farm Hatch
Forestry:ffarm:3, Farm Hatch
Forestry:ffarm:3, Farm Hatch
Forestry:ffarm:3, Farm Hatch
Forestry:ffarm:3, Farm Hatch
Forestry:ffarm:3, Farm Hatch
Forestry:ffarm:4, Farm Valve
Forestry:ffarm:4, Farm Valve
Forestry:ffarm:4, Farm Valve
Forestry:ffarm:4, Farm Valve
Forestry:ffarm:4, Farm Valve
Forestry:ffarm:4, Farm Valve
Forestry:ffarm:4, Farm Valve
Forestry:ffarm:4, Farm Valve
Forestry:ffarm:4, Farm Valve
Forestry:ffarm:4, Farm Valve
Forestry:ffarm:4, Farm Valve
Forestry:ffarm:5, Farm Control
Forestry:ffarm:5, Farm Control
Forestry:ffarm:5, Farm Control
Forestry:ffarm:5, Farm Control
Forestry:ffarm:5, Farm Control
Forestry:ffarm:5, Farm Control
Forestry:ffarm:5, Farm Control
Forestry:ffarm:5, Farm Control
Forestry:ffarm:5, Farm Control
Forestry:ffarm:5, Farm Control
Forestry:ffarm:5, Farm Control
Forestry:lepidopterology:0, Lepidopterist's Chest
Forestry:mail:0, Mailbox
Forestry:mail:1, Trade Station
Forestry:mail:2, Stamp Collector
dendrology:logs0:0, Acemus Wood
dendrology:logs0:1, Cedrum Wood
dendrology:logs0:2, Cerasu Wood
dendrology:logs0:3, Delnas Wood
dendrology:logs1:0, Ewcaly Wood
dendrology:logs1:1, Hekur Wood
dendrology:logs1:2, Kiparis Wood
dendrology:logs1:3, Kulist Wood
dendrology:logs2:0, Lata Wood
dendrology:logs2:1, Nucis Wood
dendrology:logs2:2, Porffor Wood
dendrology:logs2:3, Salyx Wood
dendrology:logs3:0, Tuopa Wood
dendrology:leaves0:0, Acemus Leaves
dendrology:leaves0:1, Cedrum Leaves
dendrology:leaves0:2, Cerasu Leaves
dendrology:leaves0:3, Delnas Leaves
dendrology:leaves1:0, Ewcaly Leaves
dendrology:leaves1:1, Hekur Leaves
dendrology:leaves1:2, Kiparis Leaves
dendrology:leaves1:3, Kulist Leaves
dendrology:leaves2:0, Lata Leaves
dendrology:leaves2:1, Nucis Leaves
dendrology:leaves2:2, Porffor Leaves
dendrology:leaves2:3, Salyx Leaves
dendrology:leaves3:0, Tuopa Leaves
dendrology:sapling0:0, Acemus Sapling
dendrology:sapling0:1, Cedrum Sapling
dendrology:sapling0:2, Cerasu Sapling
dendrology:sapling0:3, Delnas Sapling
dendrology:sapling0:4, Ewcaly Sapling
dendrology:sapling0:5, Hekur Sapling
dendrology:sapling0:6, Kiparis Sapling
dendrology:sapling0:7, Kulist Sapling
dendrology:sapling1:0, Lata Sapling
dendrology:sapling1:1, Nucis Sapling
dendrology:sapling1:2, Porffor Sapling
dendrology:sapling1:3, Salyx Sapling
dendrology:sapling1:4, Tuopa Sapling
dendrology:wood0:0, Acemus Wood Planks
dendrology:wood0:1, Cedrum Wood Planks
dendrology:wood0:2, Cerasu Wood Planks
dendrology:wood0:3, Delnas Wood Planks
dendrology:wood0:4, Ewcaly Wood Planks
dendrology:wood0:5, Hekur Wood Planks
dendrology:wood0:6, Kiparis Wood Planks
dendrology:wood0:7, Kulist Wood Planks
dendrology:wood0:8, Lata Wood Planks
dendrology:wood0:9, Nucis Wood Planks
dendrology:wood0:10, Porffor Wood Planks
dendrology:wood0:11, Salyx Wood Planks
dendrology:wood0:12, Tuopa Wood Planks
dendrology:stairs0, Acemus Wood Stairs
dendrology:stairs1, Cedrum Wood Stairs
dendrology:stairs2, Cerasu Wood Stairs
dendrology:stairs3, Delnas Wood Stairs
dendrology:stairs4, Ewcaly Wood Stairs
dendrology:stairs5, Hekur Wood Stairs
dendrology:stairs6, Kiparis Wood Stairs
dendrology:stairs7, Kulist Wood Stairs
dendrology:stairs8, Lata Wood Stairs
dendrology:stairs9, Nucis Wood Stairs
dendrology:stairs10, Porffor Wood Stairs
dendrology:stairs11, Salyx Wood Stairs
dendrology:stairs12, Tuopa Wood Stairs
dendrology:sslab0:0, Acemus Wood Slab
dendrology:sslab0:1, Cedrum Wood Slab
dendrology:sslab0:2, Cerasu Wood Slab
dendrology:sslab0:3, Delnas Wood Slab
dendrology:sslab0:4, Ewcaly Wood Slab
dendrology:sslab0:5, Hekur Wood Slab
dendrology:sslab0:6, Kiparis Wood Slab
dendrology:sslab0:7, Kulist Wood Slab
dendrology:sslab1:0, Lata Wood Slab
dendrology:sslab1:1, Nucis Wood Slab
dendrology:sslab1:2, Porffor Wood Slab
dendrology:sslab1:3, Salyx Wood Slab
dendrology:sslab1:4, Tuopa Wood Slab
dendrology:acemus_planks:0, Acemus Wood Planks
dendrology:acemus_planks:1, Acemus Wood Planks
dendrology:acemus_planks:2, Acemus Wood Planks
dendrology:acemus_planks:3, Acemus Wood Planks
dendrology:acemus_planks:4, Acemus Wood Planks
dendrology:acemus_planks:5, Acemus Wood Planks
dendrology:acemus_planks:6, Acemus Wood Planks
dendrology:acemus_planks:7, Acemus Wood Planks
dendrology:acemus_planks:8, Acemus Wood Planks
dendrology:acemus_planks:9, Acemus Wood Planks
dendrology:acemus_planks:10, Acemus Wood Planks
dendrology:acemus_planks:11, Acemus Wood Planks
dendrology:acemus_planks:12, Acemus Wood Planks
dendrology:acemus_planks:13, Acemus Wood Planks
dendrology:acemus_planks:14, Acemus Wood Planks
dendrology:cedrum_planks:0, Cedrum Wood Planks
dendrology:cedrum_planks:1, Cedrum Wood Planks
dendrology:cedrum_planks:2, Cedrum Wood Planks
dendrology:cedrum_planks:3, Cedrum Wood Planks
dendrology:cedrum_planks:4, Cedrum Wood Planks
dendrology:cedrum_planks:5, Cedrum Wood Planks
dendrology:cedrum_planks:6, Cedrum Wood Planks
dendrology:cedrum_planks:7, Cedrum Wood Planks
dendrology:cedrum_planks:8, Cedrum Wood Planks
dendrology:cedrum_planks:9, Cedrum Wood Planks
dendrology:cedrum_planks:10, Cedrum Wood Planks
dendrology:cedrum_planks:11, Cedrum Wood Planks
dendrology:cedrum_planks:12, Cedrum Wood Planks
dendrology:cedrum_planks:13, Cedrum Wood Planks
dendrology:cedrum_planks:14, Cedrum Wood Planks
dendrology:cerasu_planks:0, Cerasu Wood Planks
dendrology:cerasu_planks:1, Cerasu Wood Planks
dendrology:cerasu_planks:2, Cerasu Wood Planks
dendrology:cerasu_planks:3, Cerasu Wood Planks
dendrology:cerasu_planks:4, Cerasu Wood Planks
dendrology:cerasu_planks:5, Cerasu Wood Planks
dendrology:cerasu_planks:6, Cerasu Wood Planks
dendrology:cerasu_planks:7, Cerasu Wood Planks
dendrology:cerasu_planks:8, Cerasu Wood Planks
dendrology:cerasu_planks:9, Cerasu Wood Planks
dendrology:cerasu_planks:10, Cerasu Wood Planks
dendrology:cerasu_planks:11, Cerasu Wood Planks
dendrology:cerasu_planks:12, Cerasu Wood Planks
dendrology:cerasu_planks:13, Cerasu Wood Planks
dendrology:cerasu_planks:14, Cerasu Wood Planks
dendrology:delnas_planks:0, Delnas Wood Planks
dendrology:delnas_planks:1, Delnas Wood Planks
dendrology:delnas_planks:2, Delnas Wood Planks
dendrology:delnas_planks:3, Delnas Wood Planks
dendrology:delnas_planks:4, Delnas Wood Planks
dendrology:delnas_planks:5, Delnas Wood Planks
dendrology:delnas_planks:6, Delnas Wood Planks
dendrology:delnas_planks:7, Delnas Wood Planks
dendrology:delnas_planks:8, Delnas Wood Planks
dendrology:delnas_planks:9, Delnas Wood Planks
dendrology:delnas_planks:10, Delnas Wood Planks
dendrology:delnas_planks:11, Delnas Wood Planks
dendrology:delnas_planks:12, Delnas Wood Planks
dendrology:delnas_planks:13, Delnas Wood Planks
dendrology:delnas_planks:14, Delnas Wood Planks
dendrology:ewcaly_planks:0, Ewcaly Wood Planks
dendrology:ewcaly_planks:1, Ewcaly Wood Planks
dendrology:ewcaly_planks:2, Ewcaly Wood Planks
dendrology:ewcaly_planks:3, Ewcaly Wood Planks
dendrology:ewcaly_planks:4, Ewcaly Wood Planks
dendrology:ewcaly_planks:5, Ewcaly Wood Planks
dendrology:ewcaly_planks:6, Ewcaly Wood Planks
dendrology:ewcaly_planks:7, Ewcaly Wood Planks
dendrology:ewcaly_planks:8, Ewcaly Wood Planks
dendrology:ewcaly_planks:9, Ewcaly Wood Planks
dendrology:ewcaly_planks:10, Ewcaly Wood Planks
dendrology:ewcaly_planks:11, Ewcaly Wood Planks
dendrology:ewcaly_planks:12, Ewcaly Wood Planks
dendrology:ewcaly_planks:13, Ewcaly Wood Planks
dendrology:ewcaly_planks:14, Ewcaly Wood Planks
dendrology:hekur_planks:0, Hekur Wood Planks
dendrology:hekur_planks:1, Hekur Wood Planks
dendrology:hekur_planks:2, Hekur Wood Planks
dendrology:hekur_planks:3, Hekur Wood Planks
dendrology:hekur_planks:4, Hekur Wood Planks
dendrology:hekur_planks:5, Hekur Wood Planks
dendrology:hekur_planks:6, Hekur Wood Planks
dendrology:hekur_planks:7, Hekur Wood Planks
dendrology:hekur_planks:8, Hekur Wood Planks
dendrology:hekur_planks:9, Hekur Wood Planks
dendrology:hekur_planks:10, Hekur Wood Planks
dendrology:hekur_planks:11, Hekur Wood Planks
dendrology:hekur_planks:12, Hekur Wood Planks
dendrology:hekur_planks:13, Hekur Wood Planks
dendrology:hekur_planks:14, Hekur Wood Planks
dendrology:kiparis_planks:0, Kiparis Wood Planks
dendrology:kiparis_planks:1, Kiparis Wood Planks
dendrology:kiparis_planks:2, Kiparis Wood Planks
dendrology:kiparis_planks:3, Kiparis Wood Planks
dendrology:kiparis_planks:4, Kiparis Wood Planks
dendrology:kiparis_planks:5, Kiparis Wood Planks
dendrology:kiparis_planks:6, Kiparis Wood Planks
dendrology:kiparis_planks:7, Kiparis Wood Planks
dendrology:kiparis_planks:8, Kiparis Wood Planks
dendrology:kiparis_planks:9, Kiparis Wood Planks
dendrology:kiparis_planks:10, Kiparis Wood Planks
dendrology:kiparis_planks:11, Kiparis Wood Planks
dendrology:kiparis_planks:12, Kiparis Wood Planks
dendrology:kiparis_planks:13, Kiparis Wood Planks
dendrology:kiparis_planks:14, Kiparis Wood Planks
dendrology:kulist_planks:0, Kulist Wood Planks
dendrology:kulist_planks:1, Kulist Wood Planks
dendrology:kulist_planks:2, Kulist Wood Planks
dendrology:kulist_planks:3, Kulist Wood Planks
dendrology:kulist_planks:4, Kulist Wood Planks
dendrology:kulist_planks:5, Kulist Wood Planks
dendrology:kulist_planks:6, Kulist Wood Planks
dendrology:kulist_planks:7, Kulist Wood Planks
dendrology:kulist_planks:8, Kulist Wood Planks
dendrology:kulist_planks:9, Kulist Wood Planks
dendrology:kulist_planks:10, Kulist Wood Planks
dendrology:kulist_planks:11, Kulist Wood Planks
dendrology:kulist_planks:12, Kulist Wood Planks
dendrology:kulist_planks:13, Kulist Wood Planks
dendrology:kulist_planks:14, Kulist Wood Planks
dendrology:lata_planks:0, Lata Wood Planks
dendrology:lata_planks:1, Lata Wood Planks
dendrology:lata_planks:2, Lata Wood Planks
dendrology:lata_planks:3, Lata Wood Planks
dendrology:lata_planks:4, Lata Wood Planks
dendrology:lata_planks:5, Lata Wood Planks
dendrology:lata_planks:6, Lata Wood Planks
dendrology:lata_planks:7, Lata Wood Planks
dendrology:lata_planks:8, Lata Wood Planks
dendrology:lata_planks:9, Lata Wood Planks
dendrology:lata_planks:10, Lata Wood Planks
dendrology:lata_planks:11, Lata Wood Planks
dendrology:lata_planks:12, Lata Wood Planks
dendrology:lata_planks:13, Lata Wood Planks
dendrology:lata_planks:14, Lata Wood Planks
dendrology:nucis_planks:0, Nucis Wood Planks
dendrology:nucis_planks:1, Nucis Wood Planks
dendrology:nucis_planks:2, Nucis Wood Planks
dendrology:nucis_planks:3, Nucis Wood Planks
dendrology:nucis_planks:4, Nucis Wood Planks
dendrology:nucis_planks:5, Nucis Wood Planks
dendrology:nucis_planks:6, Nucis Wood Planks
dendrology:nucis_planks:7, Nucis Wood Planks
dendrology:nucis_planks:8, Nucis Wood Planks
dendrology:nucis_planks:9, Nucis Wood Planks
dendrology:nucis_planks:10, Nucis Wood Planks
dendrology:nucis_planks:11, Nucis Wood Planks
dendrology:nucis_planks:12, Nucis Wood Planks
dendrology:nucis_planks:13, Nucis Wood Planks
dendrology:nucis_planks:14, Nucis Wood Planks
dendrology:porffor_planks:0, Porffor Wood Planks
dendrology:porffor_planks:1, Porffor Wood Planks
dendrology:porffor_planks:2, Porffor Wood Planks
dendrology:porffor_planks:3, Porffor Wood Planks
dendrology:porffor_planks:4, Porffor Wood Planks
dendrology:porffor_planks:5, Porffor Wood Planks
dendrology:porffor_planks:6, Porffor Wood Planks
dendrology:porffor_planks:7, Porffor Wood Planks
dendrology:porffor_planks:8, Porffor Wood Planks
dendrology:porffor_planks:9, Porffor Wood Planks
dendrology:porffor_planks:10, Porffor Wood Planks
dendrology:porffor_planks:11, Porffor Wood Planks
dendrology:porffor_planks:12, Porffor Wood Planks
dendrology:porffor_planks:13, Porffor Wood Planks
dendrology:porffor_planks:14, Porffor Wood Planks
dendrology:salyx_planks:0, Salyx Wood Planks
dendrology:salyx_planks:1, Salyx Wood Planks
dendrology:salyx_planks:2, Salyx Wood Planks
dendrology:salyx_planks:3, Salyx Wood Planks
dendrology:salyx_planks:4, Salyx Wood Planks
dendrology:salyx_planks:5, Salyx Wood Planks
dendrology:salyx_planks:6, Salyx Wood Planks
dendrology:salyx_planks:7, Salyx Wood Planks
dendrology:salyx_planks:8, Salyx Wood Planks
dendrology:salyx_planks:9, Salyx Wood Planks
dendrology:salyx_planks:10, Salyx Wood Planks
dendrology:salyx_planks:11, Salyx Wood Planks
dendrology:salyx_planks:12, Salyx Wood Planks
dendrology:salyx_planks:13, Salyx Wood Planks
dendrology:salyx_planks:14, Salyx Wood Planks
dendrology:tuopa_planks:0, Tuopa Wood Planks
dendrology:tuopa_planks:1, Tuopa Wood Planks
dendrology:tuopa_planks:2, Tuopa Wood Planks
dendrology:tuopa_planks:3, Tuopa Wood Planks
dendrology:tuopa_planks:4, Tuopa Wood Planks
dendrology:tuopa_planks:5, Tuopa Wood Planks
dendrology:tuopa_planks:6, Tuopa Wood Planks
dendrology:tuopa_planks:7, Tuopa Wood Planks
dendrology:tuopa_planks:8, Tuopa Wood Planks
dendrology:tuopa_planks:9, Tuopa Wood Planks
dendrology:tuopa_planks:10, Tuopa Wood Planks
dendrology:tuopa_planks:11, Tuopa Wood Planks
dendrology:tuopa_planks:12, Tuopa Wood Planks
dendrology:tuopa_planks:13, Tuopa Wood Planks
dendrology:tuopa_planks:14, Tuopa Wood Planks
ankerite:ankerite_ore, Ankerite Ore
ankerite:ankerite_block, Ankerite Block
ArchimedesShipsPlus:marker, Ship's Helm
ArchimedesShipsPlus:floater, Floater
ArchimedesShipsPlus:balloon:0, Air Balloon
ArchimedesShipsPlus:balloon:1, Orange Air Balloon
ArchimedesShipsPlus:balloon:2, Magenta Air Balloon
ArchimedesShipsPlus:balloon:3, Light Blue Air Balloon
ArchimedesShipsPlus:balloon:4, Yellow Air Balloon
ArchimedesShipsPlus:balloon:5, Lime Air Balloon
ArchimedesShipsPlus:balloon:6, Pink Air Balloon
ArchimedesShipsPlus:balloon:7, Gray Air Balloon
ArchimedesShipsPlus:balloon:8, Silver Air Balloon
ArchimedesShipsPlus:balloon:9, Cyan Air Balloon
ArchimedesShipsPlus:balloon:10, Purple Air Balloon
ArchimedesShipsPlus:balloon:11, Blue Air Balloon
ArchimedesShipsPlus:balloon:12, Brown Air Balloon
ArchimedesShipsPlus:balloon:13, Green Air Balloon
ArchimedesShipsPlus:balloon:14, Red Air Balloon
ArchimedesShipsPlus:balloon:15, Black Air Balloon
ArchimedesShipsPlus:gauge:0, Measurement Gauges
ArchimedesShipsPlus:gauge:1, Measurement Gauges
ArchimedesShipsPlus:seat, Passenger Seat
ArchimedesShipsPlus:buffer, Shore Buffer
ArchimedesShipsPlus:stickyBuffer, Sticky Buffer
ArchimedesShipsPlus:engine, Steam Engine
ArchimedesShipsPlus:crate_wood, Wooden Crate
ArchimedesShipsPlus:anchorPoint, Anchor Point
ArchitectureCraft:sawbench, Architect's Sawbench
ArchitectureCraft:shape, Architectural Block
Aroma1997sDimension:aromicPortal, Mining Portal
Aroma1997sDimension:portalFrame, Portal Frame
Aroma1997sDimension:stickyOre, Sticky Ore
wizardry:arcane_workbench, Arcane Workbench
wizardry:crystal_ore, Crystal Ore
wizardry:petrified_stone, Petrified Stone
wizardry:ice_statue, Ice Statue
wizardry:magic_light, tile.magicLight.name
wizardry:crystal_flower, Crystal Flower
wizardry:snare, Snare
wizardry:transportation_stone, Stone of Transportation
wizardry:spectral_block, Spectral Block
wizardry:crystal_block, Block of Crystal
wizardry:meteor, tile.null.name
wizardry:vanishing_cobweb, tile.vanishingCobweb.name
MineFactoryReloaded:conveyor:16, Conveyor Belt
MineFactoryReloaded:conveyor:0, Conveyor Belt (White)
MineFactoryReloaded:conveyor:1, Conveyor Belt (Orange)
MineFactoryReloaded:conveyor:2, Conveyor Belt (Magenta)
MineFactoryReloaded:conveyor:3, Conveyor Belt (Light Blue)
MineFactoryReloaded:conveyor:4, Conveyor Belt (Yellow)
MineFactoryReloaded:conveyor:5, Conveyor Belt (Lime)
MineFactoryReloaded:conveyor:6, Conveyor Belt (Pink)
MineFactoryReloaded:conveyor:7, Conveyor Belt (Gray)
MineFactoryReloaded:conveyor:8, Conveyor Belt (Light Gray)
MineFactoryReloaded:conveyor:9, Conveyor Belt (Cyan)
MineFactoryReloaded:conveyor:10, Conveyor Belt (Purple)
MineFactoryReloaded:conveyor:11, Conveyor Belt (Blue)
MineFactoryReloaded:conveyor:12, Conveyor Belt (Brown)
MineFactoryReloaded:conveyor:13, Conveyor Belt (Green)
MineFactoryReloaded:conveyor:14, Conveyor Belt (Red)
MineFactoryReloaded:conveyor:15, Conveyor Belt (Black)
MineFactoryReloaded:machineblock:0, Factory Machine Block
MineFactoryReloaded:machineblock:1, Programmable RedNet Controller Housing
MineFactoryReloaded:machine.0:0, Planter
MineFactoryReloaded:machine.0:1, Fisher
MineFactoryReloaded:machine.0:2, Harvester
MineFactoryReloaded:machine.0:3, Rancher
MineFactoryReloaded:machine.0:4, Fertilizer
MineFactoryReloaded:machine.0:5, Veterinary Station
MineFactoryReloaded:machine.0:6, Item Collector
MineFactoryReloaded:machine.0:7, Block Breaker
MineFactoryReloaded:machine.0:8, Weather Collector
MineFactoryReloaded:machine.0:9, Sludge Boiler
MineFactoryReloaded:machine.0:10, Sewer
MineFactoryReloaded:machine.0:11, Composter
MineFactoryReloaded:machine.0:12, Breeder
MineFactoryReloaded:machine.0:13, Grinder
MineFactoryReloaded:machine.0:14, Auto-Enchanter
MineFactoryReloaded:machine.0:15, Chronotyper
MineFactoryReloaded:machine.1:0, Ejector
MineFactoryReloaded:machine.1:1, Item Router
MineFactoryReloaded:machine.1:2, Liquid Router
MineFactoryReloaded:machine.1:3, Deep Storage Unit
MineFactoryReloaded:machine.1:4, LiquiCrafter
MineFactoryReloaded:machine.1:5, Lava Fabricator
MineFactoryReloaded:machine.1:6, Steam Boiler
MineFactoryReloaded:machine.1:7, Auto-Jukebox
MineFactoryReloaded:machine.1:8, Unifier
MineFactoryReloaded:machine.1:9, Auto-Spawner
MineFactoryReloaded:machine.1:10, BioReactor
MineFactoryReloaded:machine.1:11, BioFuel Generator
MineFactoryReloaded:machine.1:12, Auto-Disenchanter
MineFactoryReloaded:machine.1:13, Slaughterhouse
MineFactoryReloaded:machine.1:14, Meat Packer
MineFactoryReloaded:machine.1:15, Enchantment Router
MineFactoryReloaded:machine.2:0, Laser Drill
MineFactoryReloaded:machine.2:1, Laser Drill Precharger
MineFactoryReloaded:machine.2:2, Auto-Anvil
MineFactoryReloaded:machine.2:3, Block Smasher
MineFactoryReloaded:machine.2:4, RedNote Block
MineFactoryReloaded:machine.2:5, Auto-Brewer
MineFactoryReloaded:machine.2:6, Fruit Picker
MineFactoryReloaded:machine.2:7, Block Placer
MineFactoryReloaded:machine.2:8, Mob Counter
MineFactoryReloaded:machine.2:9, Steam Turbine
MineFactoryReloaded:machine.2:10, Chunk Loader
MineFactoryReloaded:machine.2:11, Fountain
MineFactoryReloaded:machine.2:12, Mob Router
MineFactoryReloaded:tank, Plastic Tank
MineFactoryReloaded:cable.plastic, Plastic Pipe
MineFactoryReloaded:cable.redstone:0, RedNet Cable
MineFactoryReloaded:cable.redstone:1, RedNet Cable
MineFactoryReloaded:cable.redstone:2, RedNet Energy Cable
MineFactoryReloaded:cable.redstone:3, RedNet Energy Cable
MineFactoryReloaded:rednet.logic, Programmable RedNet Controller
MineFactoryReloaded:rednet.panel:0, RedNet Historian
MineFactoryReloaded:rail.cargo.pickup, Cargo Pickup Rail
MineFactoryReloaded:rail.cargo.dropoff, Cargo Dropoff Rail
MineFactoryReloaded:rail.passenger.pickup, Passenger Pickup Rail
MineFactoryReloaded:rail.passenger.dropoff, Passenger Dropoff Rail
MineFactoryReloaded:rubberwood.sapling:0, Rubber Sapling
MineFactoryReloaded:rubberwood.sapling:1, Sacred Rubber Sapling
MineFactoryReloaded:rubberwood.sapling:2, Mega Rubber Sapling
MineFactoryReloaded:rubberwood.sapling:3, Sacred Rubber Sapling
MineFactoryReloaded:rubberwood.log, Rubber Wood
MineFactoryReloaded:rubberwood.leaves:0, Rubber Leaves
MineFactoryReloaded:rubberwood.leaves:1, Dry Rubber Leaves
MineFactoryReloaded:stainedglass.block:0, Stained Glass (White)
MineFactoryReloaded:stainedglass.block:1, Stained Glass (Orange)
MineFactoryReloaded:stainedglass.block:2, Stained Glass (Magenta)
MineFactoryReloaded:stainedglass.block:3, Stained Glass (Light Blue)
MineFactoryReloaded:stainedglass.block:4, Stained Glass (Yellow)
MineFactoryReloaded:stainedglass.block:5, Stained Glass (Lime)
MineFactoryReloaded:stainedglass.block:6, Stained Glass (Pink)
MineFactoryReloaded:stainedglass.block:7, Stained Glass (Gray)
MineFactoryReloaded:stainedglass.block:8, Stained Glass (Light Gray)
MineFactoryReloaded:stainedglass.block:9, Stained Glass (Cyan)
MineFactoryReloaded:stainedglass.block:10, Stained Glass (Purple)
MineFactoryReloaded:stainedglass.block:11, Stained Glass (Blue)
MineFactoryReloaded:stainedglass.block:12, Stained Glass (Brown)
MineFactoryReloaded:stainedglass.block:13, Stained Glass (Green)
MineFactoryReloaded:stainedglass.block:14, Stained Glass (Red)
MineFactoryReloaded:stainedglass.block:15, Stained Glass (Black)
MineFactoryReloaded:stainedglass.pane:0, Stained Glass Pane (White)
MineFactoryReloaded:stainedglass.pane:1, Stained Glass Pane (Orange)
MineFactoryReloaded:stainedglass.pane:2, Stained Glass Pane (Magenta)
MineFactoryReloaded:stainedglass.pane:3, Stained Glass Pane (Light Blue)
MineFactoryReloaded:stainedglass.pane:4, Stained Glass Pane (Yellow)
MineFactoryReloaded:stainedglass.pane:5, Stained Glass Pane (Lime)
MineFactoryReloaded:stainedglass.pane:6, Stained Glass Pane (Pink)
MineFactoryReloaded:stainedglass.pane:7, Stained Glass Pane (Gray)
MineFactoryReloaded:stainedglass.pane:8, Stained Glass Pane (Light Gray)
MineFactoryReloaded:stainedglass.pane:9, Stained Glass Pane (Cyan)
MineFactoryReloaded:stainedglass.pane:10, Stained Glass Pane (Purple)
MineFactoryReloaded:stainedglass.pane:11, Stained Glass Pane (Blue)
MineFactoryReloaded:stainedglass.pane:12, Stained Glass Pane (Brown)
MineFactoryReloaded:stainedglass.pane:13, Stained Glass Pane (Green)
MineFactoryReloaded:stainedglass.pane:14, Stained Glass Pane (Red)
MineFactoryReloaded:stainedglass.pane:15, Stained Glass Pane (Black)
MineFactoryReloaded:road:0, Road
MineFactoryReloaded:road:1, Road Light
MineFactoryReloaded:road:4, Road Light (Inverted)
MineFactoryReloaded:plastic:0, Block of Plastic
MineFactoryReloaded:plastic:1, Plastic Paver
MineFactoryReloaded:plastic:2, Plastic Column
MineFactoryReloaded:plastic:3, Large Plastic Bricks
MineFactoryReloaded:plastic:4, Chiseled Plastic Bricks
MineFactoryReloaded:plastic:5, Plastic Road
MineFactoryReloaded:plastic:6, Plastic Bricks
MineFactoryReloaded:brick:0, Ice Bricks
MineFactoryReloaded:brick:1, Glowstone Bricks
MineFactoryReloaded:brick:2, Lapis Bricks
MineFactoryReloaded:brick:3, Obsidian Bricks
MineFactoryReloaded:brick:4, Paved Stone Bricks
MineFactoryReloaded:brick:5, Snow Bricks
MineFactoryReloaded:brick:6, Large Ice Bricks
MineFactoryReloaded:brick:7, Large Glowstone Bricks
MineFactoryReloaded:brick:8, Large Lapis Bricks
MineFactoryReloaded:brick:9, Large Obsidian Bricks
MineFactoryReloaded:brick:10, Large Paved Stone Bricks
MineFactoryReloaded:brick:11, Large Snow Bricks
MineFactoryReloaded:brick:12, Raw Meat Block
MineFactoryReloaded:brick:13, Cooked Meat Block
MineFactoryReloaded:brick:14, Large Bricks
MineFactoryReloaded:brick:15, Sugar Charcoal Block
MineFactoryReloaded:stone:0, Smooth Blackstone
MineFactoryReloaded:stone:1, Smooth Whitestone
MineFactoryReloaded:stone:2, Cobble Blackstone
MineFactoryReloaded:stone:3, Cobble Whitestone
MineFactoryReloaded:stone:4, Large Blackstone Bricks
MineFactoryReloaded:stone:5, Large Whitestone Bricks
MineFactoryReloaded:stone:6, Small Blackstone Bricks
MineFactoryReloaded:stone:7, Small Whitestone Bricks
MineFactoryReloaded:stone:8, Blackstone Gravel
MineFactoryReloaded:stone:9, Whitestone Gravel
MineFactoryReloaded:stone:10, Paved Blackstone
MineFactoryReloaded:stone:11, Paved Whitestone
MineFactoryReloaded:pinkslime.block, Pink Slime Block
MineFactoryReloaded:vinescaffold, Vine Scaffolding
MineFactoryReloaded:farmland, Fertile Soil
MineFactoryReloaded:detcord, DetCord
MineFactoryReloaded:milk.still, Milk
MineFactoryReloaded:sludge.still, Sludge
MineFactoryReloaded:sewage.still, Sewage
MineFactoryReloaded:mobessence.still, Essence
MineFactoryReloaded:biofuel.still, BioFuel
MineFactoryReloaded:meat.still, Meat
MineFactoryReloaded:pinkslime.still, Pink Slime
MineFactoryReloaded:chocolatemilk.still, Chocolate Milk
MineFactoryReloaded:mushroomsoup.still, Mushroom Soup
MineFactoryReloaded:steam.still, Steam
ashenwheat:ashWheatCrop, Ashenwheat
ashenwheat:ashWheatBale, Ashenwheat Bale
ashenwheat:scintillaWheatCrop, Scintillawheat
ashenwheat:scintillaWheatBale, Scintillawheat Bale
ashenwheat:ossidVine, Ossidroot Vines
ashenwheat:ossidRoot, Ossidroot
ashenwheat:ossidLantern, Ossidroot Lantern
ashenwheat:thundergrass, Thundergrass
attainedDrops:blockMobDirt, Vitalized Soil
attainedDrops:blockMobPlant, Mob Drop Plant
attainedDrops:blockMobBulb:0, Blaze Bulb
attainedDrops:blockMobBulb:1, Ender Pearl Bulb
attainedDrops:blockMobBulb:2, Gunpowder Bulb
attainedDrops:blockMobBulb:3, Bone Bulb
attainedDrops:blockMobBulb:4, Spider Eye Bulb
attainedDrops:blockMobBulb:5, String Bulb
attainedDrops:blockMobBulb:6, Ghast Tear Bulb
attainedDrops:blockMobBulb:7, Blaze Bulb
attainedDrops:blockMobBulb:8, Slimeball Bulb
attainedDrops:blockConcentrateDrop, Vitalized Soil Planter
atum:tile.portal, Portal
atum:tile.chestSpawner, Atum Chest
atum:tile.sand, Strange Sand
atum:tile.stone, Limestone
atum:tile.cobble, Cracked Limestone
atum:tile.smallBrick, Limestone Small Bricks
atum:tile.carvedBrick, Limestone Carved Bricks
atum:tile.smoothStairs, Limestone Stairs
atum:tile.cobbleStairs, Limestone Cobble Stairs
atum:tile.largeStairs, Limestone Large Brick Stairs (Unbreakable)
atum:tile.largeStairsBreakable, Limestone Large Brick Stairs
atum:tile.smallStairs, Limestone Small Brick Stairs
atum:tile.sandLayer, Sand Layer
atum:tile.crackedLargeBrick, Limestone Cracked Large Bricks
atum:tile.crystalGlass, Crystal Glass
atum:tile.framedGlass, Framed Glass
atum:tile.palmSapling, Palm Sapling
atum:tile.date, Date
atum:tile.shrub, Shrub
atum:tile.weed, Weed
atum:tile.papyrus, Papyrus
atum:tile.flax, Flax
atum:tile.fertileSoil, Fertile Soil
atum:tile.fertileSoilTilled, Tilled Fertile Soil
atum:tile.palmLog, Palm Log
atum:tile.palmLeaves, Palm Leaves
atum:tile.palmPlanks, Palm Planks
atum:tile.thinCrystalGlass, Thin Crystal Glass
atum:tile.thinFramedGlass, Thin Framed Glass
atum:tile.burningTrap, Burning Trap
atum:tile.pharaohChest, Pharaoh's Chest
atum:tile.redstoneOre, Redstone Ore
atum:tile.coalOre, Coal Ore
atum:tile.ironOre, Iron Ore
atum:tile.goldOre, Gold Ore
atum:tile.lapisOre, Lapis Ore
atum:tile.diamondOre, Diamond Ore
atum:tile.furnaceIdle, Limestone Furnace
atum:tile.furnaceBurning, Limestone Furnace
atum:tile.largeBrick:0, Limestone Large Bricks (Unbreakable)
atum:tile.largeBrick:1, Limestone Large Bricks (Unbreakable)
atum:tile.largeBrick:2, Limestone Large Bricks
atum:tile.crystalStainedGlass:0, Black Stained Crystal Glass
atum:tile.crystalStainedGlass:1, Red Stained Crystal Glass
atum:tile.crystalStainedGlass:2, Green Stained Crystal Glass
atum:tile.crystalStainedGlass:3, Brown Stained Crystal Glass
atum:tile.crystalStainedGlass:4, Blue Stained Crystal Glass
atum:tile.crystalStainedGlass:5, Purple Stained Crystal Glass
atum:tile.crystalStainedGlass:6, Cyan Stained Crystal Glass
atum:tile.crystalStainedGlass:7, Silver Stained Crystal Glass
atum:tile.crystalStainedGlass:8, Gray Stained Crystal Glass
atum:tile.crystalStainedGlass:9, Pink Stained Crystal Glass
atum:tile.crystalStainedGlass:10, Lime Stained Crystal Glass
atum:tile.crystalStainedGlass:11, Yellow Stained Crystal Glass
atum:tile.crystalStainedGlass:12, Light Blue Stained Crystal Glass
atum:tile.crystalStainedGlass:13, Magenta Stained Crystal Glass
atum:tile.crystalStainedGlass:14, Orange Stained Crystal Glass
atum:tile.crystalStainedGlass:15, White Stained Crystal Glass
atum:tile.framedStainedGlass:0, Black Stained Framed Glass
atum:tile.framedStainedGlass:1, Red Stained Framed Glass
atum:tile.framedStainedGlass:2, Green Stained Framed Glass
atum:tile.framedStainedGlass:3, Brown Stained Framed Glass
atum:tile.framedStainedGlass:4, Blue Stained Framed Glass
atum:tile.framedStainedGlass:5, Purple Stained Framed Glass
atum:tile.framedStainedGlass:6, Cyan Stained Framed Glass
atum:tile.framedStainedGlass:7, Silver Stained Framed Glass
atum:tile.framedStainedGlass:8, Gray Stained Framed Glass
atum:tile.framedStainedGlass:9, Pink Stained Framed Glass
atum:tile.framedStainedGlass:10, Lime Stained Framed Glass
atum:tile.framedStainedGlass:11, Yellow Stained Framed Glass
atum:tile.framedStainedGlass:12, Light Blue Stained Framed Glass
atum:tile.framedStainedGlass:13, Magenta Stained Framed Glass
atum:tile.framedStainedGlass:14, Orange Stained Framed Glass
atum:tile.framedStainedGlass:15, White Stained Framed Glass
atum:tile.thinCrystalStainedGlass:0, Black Stained Thin Crystal Glass
atum:tile.thinCrystalStainedGlass:1, Red Stained Thin Crystal Glass
atum:tile.thinCrystalStainedGlass:2, Green Stained Thin Crystal Glass
atum:tile.thinCrystalStainedGlass:3, Brown Stained Thin Crystal Glass
atum:tile.thinCrystalStainedGlass:4, Blue Stained Thin Crystal Glass
atum:tile.thinCrystalStainedGlass:5, Purple Stained Thin Crystal Glass
atum:tile.thinCrystalStainedGlass:6, Cyan Stained Thin Crystal Glass
atum:tile.thinCrystalStainedGlass:7, Silver Stained Thin Crystal Glass
atum:tile.thinCrystalStainedGlass:8, Gray Stained Thin Crystal Glass
atum:tile.thinCrystalStainedGlass:9, Pink Stained Thin Crystal Glass
atum:tile.thinCrystalStainedGlass:10, Lime Stained Thin Crystal Glass
atum:tile.thinCrystalStainedGlass:11, Yellow Stained Thin Crystal Glass
atum:tile.thinCrystalStainedGlass:12, Light Blue Stained Thin Crystal Glass
atum:tile.thinCrystalStainedGlass:13, Magenta Stained Thin Crystal Glass
atum:tile.thinCrystalStainedGlass:14, Orange Stained Thin Crystal Glass
atum:tile.thinCrystalStainedGlass:15, White Stained Thin Crystal Glass
atum:tile.thinFramedStainedGlass:0, Black Stained Thin Framed Glass
atum:tile.thinFramedStainedGlass:1, Red Stained Thin Framed Glass
atum:tile.thinFramedStainedGlass:2, Green Stained Thin Framed Glass
atum:tile.thinFramedStainedGlass:3, Brown Stained Thin Framed Glass
atum:tile.thinFramedStainedGlass:4, Blue Stained Thin Framed Glass
atum:tile.thinFramedStainedGlass:5, Purple Stained Thin Framed Glass
atum:tile.thinFramedStainedGlass:6, Cyan Stained Thin Framed Glass
atum:tile.thinFramedStainedGlass:7, Silver Stained Thin Framed Glass
atum:tile.thinFramedStainedGlass:8, Gray Stained Thin Framed Glass
atum:tile.thinFramedStainedGlass:9, Pink Stained Thin Framed Glass
atum:tile.thinFramedStainedGlass:10, Lime Stained Thin Framed Glass
atum:tile.thinFramedStainedGlass:11, Yellow Stained Thin Framed Glass
atum:tile.thinFramedStainedGlass:12, Light Blue Stained Thin Framed Glass
atum:tile.thinFramedStainedGlass:13, Magenta Stained Thin Framed Glass
atum:tile.thinFramedStainedGlass:14, Orange Stained Thin Framed Glass
atum:tile.thinFramedStainedGlass:15, White Stained Thin Framed Glass
atum:tile.slab, tile.slab.name
atum:tile.doubleSlab, Limestone Slab
atum:tile.walls, tile.walls.name
AutomatedRedstone:tile.programmer, tile.programmer.name
AutomatedRedstone:tile.assembler, tile.assembler.name
AutomatedRedstone:tile.circuit, tile.circuit.name
AutomatedRedstone:tile.rsp8bit, tile.rsp8bit.name
AutomatedRedstone:tile.rsp1bit:0, 1-bit solid Redstone-Wire
AutomatedRedstone:tile.rsp1bit:2, 1-bit Redstone-Wire input
AutomatedRedstone:tile.rsp1bit:1, 1-bit Redstone-Wire output
AutomatedRedstone:tile.lever8bit, tile.lever8bit.name
AutomatedRedstone:tile.display8bit, tile.display8bit.name
AutomatedRedstone:tile.rsInterface, tile.rsInterface.name
AutomatedRedstone:tile.wireless8bit, tile.wireless8bit.name
AutomatedRedstone:tile.invReader, tile.invReader.name
AutomatedRedstone:tile.itemTranslocator, tile.itemTranslocator.name
AutomatedRedstone:tile.invConnector, tile.invConnector.name
AutoUtils:stackmover, Stack Mover
AutoUtils:filtermover, Filtered Stack Mover
AutoUtils:rednotifier, Redstone Notifier
AutoUtils:sequenceplacer, Sequential Placer
AutoUtils:itemredis, Item Redistributor
AutoUtils:sidedrs, Redstone Panel
autopackager:packagerBlock, Recipe Packager
Botania:flower:0, Mystical White Flower
Botania:flower:1, Mystical Orange Flower
Botania:flower:2, Mystical Magenta Flower
Botania:flower:3, Mystical Light Blue Flower
Botania:flower:4, Mystical Yellow Flower
Botania:flower:5, Mystical Lime Flower
Botania:flower:6, Mystical Pink Flower
Botania:flower:7, Mystical Gray Flower
Botania:flower:8, Mystical Light Gray Flower
Botania:flower:9, Mystical Cyan Flower
Botania:flower:10, Mystical Purple Flower
Botania:flower:11, Mystical Blue Flower
Botania:flower:12, Mystical Brown Flower
Botania:flower:13, Mystical Green Flower
Botania:flower:14, Mystical Red Flower
Botania:flower:15, Mystical Black Flower
Botania:altar:0, Petal Apothecary
Botania:altar:1, Forest Petal Apothecary
Botania:altar:2, Plains Petal Apothecary
Botania:altar:3, Mountain Petal Apothecary
Botania:altar:4, Fungal Petal Apothecary
Botania:altar:5, Swamp Petal Apothecary
Botania:altar:6, Desert Petal Apothecary
Botania:altar:7, Taiga Petal Apothecary
Botania:altar:8, Mesa Petal Apothecary
Botania:livingrock:0, Livingrock
Botania:livingrock:1, Livingrock Brick
Botania:livingrock:2, Mossy Livingrock Brick
Botania:livingrock:3, Cracked Livingrock Brick
Botania:livingrock:4, Chiseled Livingrock Brick
Botania:livingwood:0, Livingwood
Botania:livingwood:1, Livingwood Planks
Botania:livingwood:2, Mossy Livingwood Planks
Botania:livingwood:3, Framed Livingwood
Botania:livingwood:4, Pattern Framed Livingwood
Botania:livingwood:5, Glimmering Livingwood
Botania:specialFlower, tile.specialFlower.name
Botania:spreader:0, Mana Spreader
Botania:spreader:1, Pulse Mana Spreader
Botania:spreader:2, Elven Mana Spreader
Botania:spreader:3, Gaia Mana Spreader
Botania:pool:0, Mana Pool
Botania:pool:2, Diluted Mana Pool
Botania:pool:3, Fabulous Mana Pool
Botania:pool:1, The Everlasting Guilty Pool
Botania:runeAltar, tile.runeAltar.name
Botania:unstableBlock:0, White Unstable Cube
Botania:unstableBlock:1, Orange Unstable Cube
Botania:unstableBlock:2, Magenta Unstable Cube
Botania:unstableBlock:3, Light Blue Unstable Cube
Botania:unstableBlock:4, Yellow Unstable Cube
Botania:unstableBlock:5, Lime Unstable Cube
Botania:unstableBlock:6, Pink Unstable Cube
Botania:unstableBlock:7, Gray Unstable Cube
Botania:unstableBlock:8, Light Gray Unstable Cube
Botania:unstableBlock:9, Cyan Unstable Cube
Botania:unstableBlock:10, Purple Unstable Cube
Botania:unstableBlock:11, Blue Unstable Cube
Botania:unstableBlock:12, Brown Unstable Cube
Botania:unstableBlock:13, Green Unstable Cube
Botania:unstableBlock:14, Red Unstable Cube
Botania:unstableBlock:15, Black Unstable Cube
Botania:pylon:0, Mana Pylon
Botania:pylon:1, Natura Pylon
Botania:pylon:2, Gaia Pylon
Botania:pistonRelay, tile.pistonRelay.name
Botania:distributor, tile.distributor.name
Botania:manaBeacon:0, White Unstable Beacon
Botania:manaBeacon:1, Orange Unstable Beacon
Botania:manaBeacon:2, Magenta Unstable Beacon
Botania:manaBeacon:3, Light Blue Unstable Beacon
Botania:manaBeacon:4, Yellow Unstable Beacon
Botania:manaBeacon:5, Lime Unstable Beacon
Botania:manaBeacon:6, Pink Unstable Beacon
Botania:manaBeacon:7, Gray Unstable Beacon
Botania:manaBeacon:8, Light Gray Unstable Beacon
Botania:manaBeacon:9, Cyan Unstable Beacon
Botania:manaBeacon:10, Purple Unstable Beacon
Botania:manaBeacon:11, Blue Unstable Beacon
Botania:manaBeacon:12, Brown Unstable Beacon
Botania:manaBeacon:13, Green Unstable Beacon
Botania:manaBeacon:14, Red Unstable Beacon
Botania:manaBeacon:15, Black Unstable Beacon
Botania:manaVoid, tile.manaVoid.name
Botania:manaDetector, tile.manaDetector.name
Botania:enchanter, Enchanter
Botania:turntable, tile.turntable.name
Botania:tinyPlanetBlock, tile.tinyPlanetBlock.name
Botania:alchemyCatalyst, tile.alchemyCatalyst.name
Botania:openCrate:0, Open Crate
Botania:openCrate:1, Crafty Crate
Botania:forestEye, tile.forestEye.name
Botania:storage:0, Block of Manasteel
Botania:storage:1, Block of Terrasteel
Botania:storage:2, Block of Elementium
Botania:storage:3, Block of Mana Diamond
Botania:storage:4, Block of Dragonstone
Botania:forestDrum:0, Drum of the Wild
Botania:forestDrum:1, Drum of the Gathering
Botania:forestDrum:0, Drum of the Gathering S
Botania:forestDrum:2, Drum of the Canopy
Botania:shinyFlower:0, Glimmering White Flower
Botania:shinyFlower:1, Glimmering Orange Flower
Botania:shinyFlower:2, Glimmering Magenta Flower
Botania:shinyFlower:3, Glimmering Light Blue Flower
Botania:shinyFlower:4, Glimmering Yellow Flower
Botania:shinyFlower:5, Glimmering Lime Flower
Botania:shinyFlower:6, Glimmering Pink Flower
Botania:shinyFlower:7, Glimmering Gray Flower
Botania:shinyFlower:8, Glimmering Light Gray Flower
Botania:shinyFlower:9, Glimmering Cyan Flower
Botania:shinyFlower:10, Glimmering Purple Flower
Botania:shinyFlower:11, Glimmering Blue Flower
Botania:shinyFlower:12, Glimmering Brown Flower
Botania:shinyFlower:13, Glimmering Green Flower
Botania:shinyFlower:14, Glimmering Red Flower
Botania:shinyFlower:15, Glimmering Black Flower
Botania:platform:0, Abstruse Platform
Botania:platform:1, Spectral Platform
Botania:platform:2, Infrangible Platform
Botania:alfheimPortal, tile.alfheimPortal.name
Botania:dreamwood:0, Dreamwood
Botania:dreamwood:1, Dreamwood Planks
Botania:dreamwood:2, Mossy Dreamwood Planks
Botania:dreamwood:3, Framed Dreamwood
Botania:dreamwood:4, Pattern Framed Dreamwood
Botania:dreamwood:5, Glimmering Dreamwood
Botania:conjurationCatalyst, tile.conjurationCatalyst.name
Botania:bifrost, tile.bifrost.name
Botania:solidVine, tile.solidVine.name
Botania:buriedPetals:0, Buried White Petal
Botania:buriedPetals:1, Buried Orange Petal
Botania:buriedPetals:2, Buried Magenta Petal
Botania:buriedPetals:3, Buried Light Blue Petal
Botania:buriedPetals:4, Buried Yellow Petal
Botania:buriedPetals:5, Buried Lime Petal
Botania:buriedPetals:6, Buried Pink Petal
Botania:buriedPetals:7, Buried Gray Petal
Botania:buriedPetals:8, Buried Light Gray Petal
Botania:buriedPetals:9, Buried Cyan Petal
Botania:buriedPetals:10, Buried Purple Petal
Botania:buriedPetals:11, Buried Blue Petal
Botania:buriedPetals:12, Buried Brown Petal
Botania:buriedPetals:13, Buried Green Petal
Botania:buriedPetals:14, Buried Red Petal
Botania:buriedPetals:15, Buried Black Petal
Botania:prismarine:0, Prismarine
Botania:prismarine:1, Prismarine Bricks
Botania:prismarine:2, Dark Prismarine
Botania:seaLamp, tile.seaLamp.name
Botania:miniIsland:0, Floating White Flower
Botania:miniIsland:1, Floating Orange Flower
Botania:miniIsland:2, Floating Magenta Flower
Botania:miniIsland:3, Floating Light Blue Flower
Botania:miniIsland:4, Floating Yellow Flower
Botania:miniIsland:5, Floating Lime Flower
Botania:miniIsland:6, Floating Pink Flower
Botania:miniIsland:7, Floating Gray Flower
Botania:miniIsland:8, Floating Light Gray Flower
Botania:miniIsland:9, Floating Cyan Flower
Botania:miniIsland:10, Floating Purple Flower
Botania:miniIsland:11, Floating Blue Flower
Botania:miniIsland:12, Floating Brown Flower
Botania:miniIsland:13, Floating Green Flower
Botania:miniIsland:14, Floating Red Flower
Botania:miniIsland:15, Floating Black Flower
Botania:tinyPotato, tile.tinyPotato.name
Botania:spawnerClaw, tile.spawnerClaw.name
Botania:reedBlock, tile.reedBlock.name
Botania:thatch, tile.thatch.name
Botania:customBrick:0, Hellish Brick
Botania:customBrick:1, Soul Brick
Botania:customBrick:2, Frosty Brick
Botania:customBrick:3, Roof Tile
Botania:customBrick:4, Azulejo
Botania:customBrick:5, Azulejo
Botania:customBrick:6, Azulejo
Botania:customBrick:7, Azulejo
Botania:customBrick:8, Azulejo
Botania:customBrick:9, Azulejo
Botania:customBrick:10, Azulejo
Botania:customBrick:11, Azulejo
Botania:customBrick:12, Azulejo
Botania:customBrick:13, Azulejo
Botania:customBrick:14, Azulejo
Botania:customBrick:15, Azulejo
Botania:enderEyeBlock, tile.enderEyeBlock.name
Botania:starfield, tile.starfield.name
Botania:rfGenerator, tile.rfGenerator.name
Botania:elfGlass, tile.elfGlass.name
Botania:brewery, tile.brewery.name
Botania:manaGlass, tile.manaGlass.name
Botania:terraPlate, tile.terraPlate.name
Botania:redStringContainer, tile.redStringContainer.name
Botania:redStringDispenser, tile.redStringDispenser.name
Botania:redStringFertilizer, tile.redStringFertilizer.name
Botania:redStringComparator, tile.redStringComparator.name
Botania:redStringRelay, tile.redStringRelay.name
Botania:floatingSpecialFlower, tile.floatingSpecialFlower.name
Botania:manaFlame, tile.manaFlame.name
Botania:prism, tile.prism.name
Botania:dirtPath, tile.dirtPath.name
Botania:enchantedSoil, tile.enchantedSoil.name
Botania:petalBlock:0, White Petal Block
Botania:petalBlock:1, Orange Petal Block
Botania:petalBlock:2, Magenta Petal Block
Botania:petalBlock:3, Light Blue Petal Block
Botania:petalBlock:4, Yellow Petal Block
Botania:petalBlock:5, Lime Petal Block
Botania:petalBlock:6, Pink Petal Block
Botania:petalBlock:7, Gray Petal Block
Botania:petalBlock:8, Light Gray Petal Block
Botania:petalBlock:9, Cyan Petal Block
Botania:petalBlock:10, Purple Petal Block
Botania:petalBlock:11, Blue Petal Block
Botania:petalBlock:12, Brown Petal Block
Botania:petalBlock:13, Green Petal Block
Botania:petalBlock:14, Red Petal Block
Botania:petalBlock:15, Black Petal Block
Botania:corporeaIndex, tile.corporeaIndex.name
Botania:corporeaFunnel, tile.corporeaFunnel.name
Botania:endStoneBrick:0, End Stone Bricks
Botania:endStoneBrick:1, Chiseled End Stone Brick
Botania:endStoneBrick:2, Ender Bricks
Botania:endStoneBrick:3, Pillar Ender Bricks
Botania:mushroom:0, White Shimmering Mushroom
Botania:mushroom:1, Orange Shimmering Mushroom
Botania:mushroom:2, Magenta Shimmering Mushroom
Botania:mushroom:3, Light Blue Shimmering Mushroom
Botania:mushroom:4, Yellow Shimmering Mushroom
Botania:mushroom:5, Lime Shimmering Mushroom
Botania:mushroom:6, Pink Shimmering Mushroom
Botania:mushroom:7, Gray Shimmering Mushroom
Botania:mushroom:8, Light Gray Shimmering Mushroom
Botania:mushroom:9, Cyan Shimmering Mushroom
Botania:mushroom:10, Purple Shimmering Mushroom
Botania:mushroom:11, Blue Shimmering Mushroom
Botania:mushroom:12, Brown Shimmering Mushroom
Botania:mushroom:13, Green Shimmering Mushroom
Botania:mushroom:14, Red Shimmering Mushroom
Botania:mushroom:15, Black Shimmering Mushroom
Botania:pump, tile.pump.name
Botania:doubleFlower1:0, Tall Mystical White Flower
Botania:doubleFlower1:1, Tall Mystical Orange Flower
Botania:doubleFlower1:2, Tall Mystical Magenta Flower
Botania:doubleFlower1:3, Tall Mystical Light Blue Flower
Botania:doubleFlower1:4, Tall Mystical Yellow Flower
Botania:doubleFlower1:5, Tall Mystical Lime Flower
Botania:doubleFlower1:6, Tall Mystical Pink Flower
Botania:doubleFlower1:7, Tall Mystical Gray Flower
Botania:doubleFlower2:0, Tall Mystical Light Gray Flower
Botania:doubleFlower2:1, Tall Mystical Cyan Flower
Botania:doubleFlower2:2, Tall Mystical Purple Flower
Botania:doubleFlower2:3, Tall Mystical Blue Flower
Botania:doubleFlower2:4, Tall Mystical Brown Flower
Botania:doubleFlower2:5, Tall Mystical Green Flower
Botania:doubleFlower2:6, Tall Mystical Red Flower
Botania:doubleFlower2:7, Tall Mystical Black Flower
Botania:fakeAir, tile.fakeAir.name
Botania:blazeBlock, tile.blazeBlock.name
Botania:corporeaInterceptor, tile.corporeaInterceptor.name
Botania:corporeaCrystalCube, tile.corporeaCrystalCube.name
Botania:incensePlate, tile.incensePlate.name
Botania:hourglass, tile.hourglass.name
Botania:ghostRail, tile.ghostRail.name
Botania:sparkChanger, tile.sparkChanger.name
Botania:root, tile.root.name
Botania:felPumpkin, tile.felPumpkin.name
Botania:cocoon, tile.cocoon.name
Botania:lightRelay:0, Luminizer
Botania:lightRelay:1, Detector Luminizer
Botania:lightLauncher, tile.lightLauncher.name
Botania:manaBomb, tile.manaBomb.name
Botania:cacophoniumBlock, tile.cacophoniumBlock.name
Botania:bellows, tile.bellows.name
Botania:bifrostPerm, tile.bifrostPerm.name
Botania:cellBlock, tile.cellBlock.name
Botania:redStringInterceptor, tile.redStringInterceptor.name
Botania:gaiaHeadBlock, tile.gaiaHeadBlock.name
Botania:corporeaRetainer, tile.corporeaRetainer.name
Botania:teruTeruBozu, tile.teruTeruBozu.name
Botania:shimmerrock, tile.shimmerrock.name
Botania:shimmerwoodPlanks, tile.shimmerwoodPlanks.name
Botania:avatar, tile.avatar.name
Botania:altGrass:0, Dry Grass
Botania:altGrass:1, Golden Grass
Botania:altGrass:2, Vivid Grass
Botania:altGrass:3, Scorched Grass
Botania:altGrass:4, Infused Grass
Botania:altGrass:5, Mutated Grass
Botania:livingwood0Stairs, tile.livingwood0Stairs.name
Botania:livingwood0Wall, tile.livingwood0Wall.name
Botania:livingwood1Stairs, tile.livingwood1Stairs.name
Botania:livingrock0Stairs, tile.livingrock0Stairs.name
Botania:livingrock0Wall, tile.livingrock0Wall.name
Botania:livingrock1Stairs, tile.livingrock1Stairs.name
Botania:dreamwood0Stairs, tile.dreamwood0Stairs.name
Botania:dreamwood0Wall, tile.dreamwood0Wall.name
Botania:dreamwood1Stairs, tile.dreamwood1Stairs.name
Botania:prismarine0Stairs, tile.prismarine0Stairs.name
Botania:prismarine0Wall, tile.prismarine0Wall.name
Botania:prismarine1Stairs, tile.prismarine1Stairs.name
Botania:prismarine2Stairs, tile.prismarine2Stairs.name
Botania:reedBlock0Stairs, tile.reedBlock0Stairs.name
Botania:reedBlock0Wall, tile.reedBlock0Wall.name
Botania:thatch0Stairs, tile.thatch0Stairs.name
Botania:customBrick0Stairs, tile.customBrick0Stairs.name
Botania:customBrick1Stairs, tile.customBrick1Stairs.name
Botania:customBrick2Stairs, tile.customBrick2Stairs.name
Botania:customBrick3Stairs, tile.customBrick3Stairs.name
Botania:biomeStoneA:0, Metamorphic Forest Stone
Botania:biomeStoneA:1, Metamorphic Plains Stone
Botania:biomeStoneA:2, Metamorphic Mountain Stone
Botania:biomeStoneA:3, Metamorphic Fungal Stone
Botania:biomeStoneA:4, Metamorphic Swamp Stone
Botania:biomeStoneA:5, Metamorphic Desert Stone
Botania:biomeStoneA:6, Metamorphic Taiga Stone
Botania:biomeStoneA:7, Metamorphic Mesa Stone
Botania:biomeStoneA:8, Metamorphic Forest Cobblestone
Botania:biomeStoneA:9, Metamorphic Plains Cobblestone
Botania:biomeStoneA:10, Metamorphic Mountain Cobblestone
Botania:biomeStoneA:11, Metamorphic Fungal Cobblestone
Botania:biomeStoneA:12, Metamorphic Swamp Cobblestone
Botania:biomeStoneA:13, Metamorphic Desert Cobblestone
Botania:biomeStoneA:14, Metamorphic Taiga Cobblestone
Botania:biomeStoneA:15, Metamorphic Mesa Cobblestone
Botania:biomeStoneB:0, Metamorphic Forest Stone Bricks
Botania:biomeStoneB:1, Metamorphic Plains Stone Bricks
Botania:biomeStoneB:2, Metamorphic Mountain Stone Bricks
Botania:biomeStoneB:3, Metamorphic Fungal Stone Bricks
Botania:biomeStoneB:4, Metamorphic Swamp Stone Bricks
Botania:biomeStoneB:5, Metamorphic Desert Stone Bricks
Botania:biomeStoneB:6, Metamorphic Taiga Stone Bricks
Botania:biomeStoneB:7, Metamorphic Mesa Stone Bricks
Botania:biomeStoneB:8, Chiseled Metamorphic Forest Stone Brick
Botania:biomeStoneB:9, Chiseled Metamorphic Plains Stone Brick
Botania:biomeStoneB:10, Chiseled Metamorphic Mountain Stone Brick
Botania:biomeStoneB:11, Chiseled Metamorphic Fungal Stone Brick
Botania:biomeStoneB:12, Chiseled Metamorphic Swamp Stone Brick
Botania:biomeStoneB:13, Chiseled Metamorphic Desert Stone Brick
Botania:biomeStoneB:14, Chiseled Metamorphic Taiga Stone Brick
Botania:biomeStoneB:15, Chiseled Metamorphic Mesa Stone Brick
Botania:stone:0, Andesite
Botania:stone:1, Basalt
Botania:stone:2, Diorite
Botania:stone:3, Granite
Botania:stone:4, Polished Andesite
Botania:stone:5, Polished Basalt
Botania:stone:6, Polished Diorite
Botania:stone:7, Polished Granite
Botania:stone:8, Andesite Bricks
Botania:stone:9, Basalt Bricks
Botania:stone:10, Diorite Bricks
Botania:stone:11, Granite Bricks
Botania:stone:12, Chiseled Andesite Brick
Botania:stone:13, Chiseled Basalt Brick
Botania:stone:14, Chiseled Diorite Brick
Botania:stone:15, Chiseled Granite Brick
Botania:pavement:0, White Portuguese Pavement
Botania:pavement:1, Black Portuguese Pavement
Botania:pavement:2, Blue Portuguese Pavement
Botania:pavement:3, Red Portuguese Pavement
Botania:pavement:4, Yellow Portuguese Pavement
Botania:pavement:5, Green Portuguese Pavement
Botania:quartzTypeDark:0, Block of Smokey Quartz
Botania:quartzTypeDark:1, Chiseled Smokey Quartz Block
Botania:quartzTypeDark:2, Pillar Smokey Quartz Block
Botania:quartzStairsDark, tile.quartzStairsDark.name
Botania:quartzTypeMana:0, Block of Mana Quartz
Botania:quartzTypeMana:1, Chiseled Mana Quartz Block
Botania:quartzTypeMana:2, Pillar Mana Quartz Block
Botania:quartzStairsMana, tile.quartzStairsMana.name
Botania:quartzTypeBlaze:0, Block of Blaze Quartz
Botania:quartzTypeBlaze:1, Chiseled Blaze Quartz Block
Botania:quartzTypeBlaze:2, Pillar Blaze Quartz Block
Botania:quartzStairsBlaze, tile.quartzStairsBlaze.name
Botania:quartzTypeLavender:0, Block of Lavender Quartz
Botania:quartzTypeLavender:1, Chiseled Lavender Quartz Block
Botania:quartzTypeLavender:2, Pillar Lavender Quartz Block
Botania:quartzStairsLavender, tile.quartzStairsLavender.name
Botania:quartzTypeRed:0, Block of Redquartz
Botania:quartzTypeRed:1, Chiseled Redquartz Block
Botania:quartzTypeRed:2, Pillar Redquartz Block
Botania:quartzStairsRed, tile.quartzStairsRed.name
Botania:quartzTypeElf:0, Block of Elven Quartz
Botania:quartzTypeElf:1, Chiseled Elven Quartz Block
Botania:quartzTypeElf:2, Pillar Elven Quartz Block
Botania:quartzStairsElf, tile.quartzStairsElf.name
Botania:quartzTypeSunny:0, Block of Sunny Quartz
Botania:quartzTypeSunny:1, Chiseled Sunny Quartz Block
Botania:quartzTypeSunny:2, Pillar Sunny Quartz Block
Botania:quartzStairsSunny, tile.quartzStairsSunny.name
Botania:biomeStoneA0Stairs, tile.biomeStoneA0Stairs.name
Botania:biomeStoneA1Stairs, tile.biomeStoneA1Stairs.name
Botania:biomeStoneA2Stairs, tile.biomeStoneA2Stairs.name
Botania:biomeStoneA3Stairs, tile.biomeStoneA3Stairs.name
Botania:biomeStoneA4Stairs, tile.biomeStoneA4Stairs.name
Botania:biomeStoneA5Stairs, tile.biomeStoneA5Stairs.name
Botania:biomeStoneA6Stairs, tile.biomeStoneA6Stairs.name
Botania:biomeStoneA7Stairs, tile.biomeStoneA7Stairs.name
Botania:biomeStoneA8Stairs, tile.biomeStoneA8Stairs.name
Botania:biomeStoneA9Stairs, tile.biomeStoneA9Stairs.name
Botania:biomeStoneA10Stairs, tile.biomeStoneA10Stairs.name
Botania:biomeStoneA11Stairs, tile.biomeStoneA11Stairs.name
Botania:biomeStoneA12Stairs, tile.biomeStoneA12Stairs.name
Botania:biomeStoneA13Stairs, tile.biomeStoneA13Stairs.name
Botania:biomeStoneA14Stairs, tile.biomeStoneA14Stairs.name
Botania:biomeStoneA15Stairs, tile.biomeStoneA15Stairs.name
Botania:biomeStoneB0Stairs, tile.biomeStoneB0Stairs.name
Botania:biomeStoneB1Stairs, tile.biomeStoneB1Stairs.name
Botania:biomeStoneB2Stairs, tile.biomeStoneB2Stairs.name
Botania:biomeStoneB3Stairs, tile.biomeStoneB3Stairs.name
Botania:biomeStoneB4Stairs, tile.biomeStoneB4Stairs.name
Botania:biomeStoneB5Stairs, tile.biomeStoneB5Stairs.name
Botania:biomeStoneB6Stairs, tile.biomeStoneB6Stairs.name
Botania:biomeStoneB7Stairs, tile.biomeStoneB7Stairs.name
Botania:biomeStoneA0Wall:0, Metamorphic Forest Cobblestone Wall
Botania:biomeStoneA0Wall:1, Metamorphic Plains Cobblestone Wall
Botania:biomeStoneA0Wall:2, Metamorphic Mountain Cobblestone Wall
Botania:biomeStoneA0Wall:3, Metamorphic Fungal Cobblestone Wall
Botania:biomeStoneA0Wall:4, Metamorphic Swamp Cobblestone Wall
Botania:biomeStoneA0Wall:5, Metamorphic Desert Cobblestone Wall
Botania:biomeStoneA0Wall:6, Metamorphic Taiga Cobblestone Wall
Botania:biomeStoneA0Wall:7, Metamorphic Mesa Cobblestone Wall
Botania:stone0Stairs, tile.stone0Stairs.name
Botania:stone1Stairs, tile.stone1Stairs.name
Botania:stone2Stairs, tile.stone2Stairs.name
Botania:stone3Stairs, tile.stone3Stairs.name
Botania:stone8Stairs, tile.stone8Stairs.name
Botania:stone9Stairs, tile.stone9Stairs.name
Botania:stone10Stairs, tile.stone10Stairs.name
Botania:stone11Stairs, tile.stone11Stairs.name
Botania:stone0Wall:0, Andesite Wall
Botania:stone0Wall:1, Basalt Wall
Botania:stone0Wall:2, Diorite Wall
Botania:stone0Wall:3, Granite Wall
Botania:pavement0Stairs, tile.pavement0Stairs.name
Botania:pavement1Stairs, tile.pavement1Stairs.name
Botania:pavement2Stairs, tile.pavement2Stairs.name
Botania:pavement3Stairs, tile.pavement3Stairs.name
Botania:pavement4Stairs, tile.pavement4Stairs.name
Botania:pavement5Stairs, tile.pavement5Stairs.name
Botania:endStoneBrick0Stairs, tile.endStoneBrick0Stairs.name
Botania:endStoneBrick2Stairs, tile.endStoneBrick2Stairs.name
Botania:shimmerrock0Stairs, tile.shimmerrock0Stairs.name
Botania:shimmerwoodPlanks0Stairs, tile.shimmerwoodPlanks0Stairs.name
Botania:manaGlassPane, tile.manaGlassPane.name
Botania:elfGlassPane, tile.elfGlassPane.name
Botania:bifrostPermPane, tile.bifrostPermPane.name
Botania:quartzSlabDarkHalf:0, Smokey Quartz Slab
Botania:quartzSlabDarkFull:0, Smokey Quartz Slab
Botania:quartzSlabManaHalf:0, Mana Quartz Slab
Botania:quartzSlabManaFull:0, Mana Quartz Slab
Botania:quartzSlabBlazeHalf:0, Blaze Quartz Slab
Botania:quartzSlabBlazeFull:0, Blaze Quartz Slab
Botania:quartzSlabLavenderHalf:0, Lavender Quartz Slab
Botania:quartzSlabLavenderFull:0, Lavender Quartz Slab
Botania:quartzSlabRedHalf:0, Redquartz Slab
Botania:quartzSlabRedFull:0, Redquartz Slab
Botania:quartzSlabElfHalf:0, Elven Quartz Slab
Botania:quartzSlabElfFull:0, Elven Quartz Slab
Botania:quartzSlabSunnyHalf:0, Sunny Quartz Slab
Botania:quartzSlabSunnyFull:0, Sunny Quartz Slab
Botania:livingwood0Slab:0, Livingwood Slab
Botania:livingwood0SlabFull:0, Livingwood Slab
Botania:livingwood1Slab:0, Livingwood Plank Slab
Botania:livingwood1SlabFull:0, Livingwood Plank Slab
Botania:livingrock0Slab:0, Livingrock Slab
Botania:livingrock0SlabFull:0, Livingrock Slab
Botania:livingrock1Slab:0, Livingrock Brick Slab
Botania:livingrock1SlabFull:0, Livingrock Brick Slab
Botania:dreamwood0Slab:0, Dreamwood Slab
Botania:dreamwood0SlabFull:0, Dreamwood Slab
Botania:dreamwood1Slab:0, Dreamwood Plank Slab
Botania:dreamwood1SlabFull:0, Dreamwood Plank Slab
Botania:reedBlock0Slab:0, Reed Slab
Botania:reedBlock0SlabFull:0, Reed Slab
Botania:thatch0Slab:0, Thatch Slab
Botania:thatch0SlabFull:0, Thatch Slab
Botania:prismarine0Slab:0, Prismarine Slab
Botania:prismarine0SlabFull:0, Prismarine Slab
Botania:prismarine1Slab:0, Prismarine Brick Slab
Botania:prismarine1SlabFull:0, Prismarine Brick Slab
Botania:prismarine2Slab:0, Dark Prismarine Slab
Botania:prismarine2SlabFull:0, Dark Prismarine Slab
Botania:customBrick0Slab:0, Hellish Brick Slab
Botania:customBrick0SlabFull:0, Hellish Brick Slab
Botania:customBrick1Slab:0, Soul Brick Slab
Botania:customBrick1SlabFull:0, Soul Brick Slab
Botania:customBrick2Slab:0, Frosty Brick Slab
Botania:customBrick2SlabFull:0, Frosty Brick Slab
Botania:customBrick3Slab:0, Roof Tile Slab
Botania:customBrick3SlabFull:0, Roof Tile Slab
Botania:dirtPath0Slab:0, Trodden Dirt Slab
Botania:dirtPath0SlabFull:0, Trodden Dirt Slab
Botania:endStoneBrick0Slab:0, End Stone Brick Slab
Botania:endStoneBrick0SlabFull:0, End Stone Brick Slab
Botania:endStoneBrick2Slab:0, Ender Brick Slab
Botania:endStoneBrick2SlabFull:0, Ender Brick Slab
Botania:shimmerrock0Slab:0, Shimmerrock Slab
Botania:shimmerrock0SlabFull:0, Shimmerrock Slab
Botania:shimmerwoodPlanks0Slab:0, Shimmerwood Plank Slab
Botania:shimmerwoodPlanks0SlabFull:0, Shimmerwood Plank Slab
Botania:biomeStoneA0Slab:0, Metamorphic Forest Stone Slab
Botania:biomeStoneA0SlabFull:0, Metamorphic Forest Stone Slab
Botania:biomeStoneA1Slab:0, Metamorphic Plains Stone Slab
Botania:biomeStoneA1SlabFull:0, Metamorphic Plains Stone Slab
Botania:biomeStoneA2Slab:0, Metamorphic Mountain Stone Slab
Botania:biomeStoneA2SlabFull:0, Metamorphic Mountain Stone Slab
Botania:biomeStoneA3Slab:0, Metamorphic Fungal Stone Slab
Botania:biomeStoneA3SlabFull:0, Metamorphic Fungal Stone Slab
Botania:biomeStoneA4Slab:0, Metamorphic Swamp Stone Slab
Botania:biomeStoneA4SlabFull:0, Metamorphic Swamp Stone Slab
Botania:biomeStoneA5Slab:0, Metamorphic Desert Stone Slab
Botania:biomeStoneA5SlabFull:0, Metamorphic Desert Stone Slab
Botania:biomeStoneA6Slab:0, Metamorphic Taiga Stone Slab
Botania:biomeStoneA6SlabFull:0, Metamorphic Taiga Stone Slab
Botania:biomeStoneA7Slab:0, Metamorphic Mesa Stone Slab
Botania:biomeStoneA7SlabFull:0, Metamorphic Mesa Stone Slab
Botania:biomeStoneA8Slab:0, Metamorphic Forest Cobblestone Slab
Botania:biomeStoneA8SlabFull:0, Metamorphic Forest Cobblestone Slab
Botania:biomeStoneA9Slab:0, Metamorphic Plains Cobblestone Slab
Botania:biomeStoneA9SlabFull:0, Metamorphic Plains Cobblestone Slab
Botania:biomeStoneA10Slab:0, Metamorphic Mountain Cobblestone Slab
Botania:biomeStoneA10SlabFull:0, Metamorphic Mountain Cobblestone Slab
Botania:biomeStoneA11Slab:0, Metamorphic Fungal Cobblestone Slab
Botania:biomeStoneA11SlabFull:0, Metamorphic Fungal Cobblestone Slab
Botania:biomeStoneA12Slab:0, Metamorphic Swamp Cobblestone Slab
Botania:biomeStoneA12SlabFull:0, Metamorphic Swamp Cobblestone Slab
Botania:biomeStoneA13Slab:0, Metamorphic Desert Cobblestone Slab
Botania:biomeStoneA13SlabFull:0, Metamorphic Desert Cobblestone Slab
Botania:biomeStoneA14Slab:0, Metamorphic Taiga Cobblestone Slab
Botania:biomeStoneA14SlabFull:0, Metamorphic Taiga Cobblestone Slab
Botania:biomeStoneA15Slab:0, Metamorphic Mesa Cobblestone Slab
Botania:biomeStoneA15SlabFull:0, Metamorphic Mesa Cobblestone Slab
Botania:biomeStoneB0Slab:0, Metamorphic Forest Stone Brick Slab
Botania:biomeStoneB0SlabFull:0, Metamorphic Forest Stone Brick Slab
Botania:biomeStoneB1Slab:0, Metamorphic Plains Stone Brick Slab
Botania:biomeStoneB1SlabFull:0, Metamorphic Plains Stone Brick Slab
Botania:biomeStoneB2Slab:0, Metamorphic Mountain Stone Brick Slab
Botania:biomeStoneB2SlabFull:0, Metamorphic Mountain Stone Brick Slab
Botania:biomeStoneB3Slab:0, Metamorphic Fungal Stone Brick Slab
Botania:biomeStoneB3SlabFull:0, Metamorphic Fungal Stone Brick Slab
Botania:biomeStoneB4Slab:0, Metamorphic Swamp Stone Brick Slab
Botania:biomeStoneB4SlabFull:0, Metamorphic Swamp Stone Brick Slab
Botania:biomeStoneB5Slab:0, Metamorphic Desert Stone Brick Slab
Botania:biomeStoneB5SlabFull:0, Metamorphic Desert Stone Brick Slab
Botania:biomeStoneB6Slab:0, Metamorphic Taiga Stone Brick Slab
Botania:biomeStoneB6SlabFull:0, Metamorphic Taiga Stone Brick Slab
Botania:biomeStoneB7Slab:0, Metamorphic Mesa Stone Bricks Slab
Botania:biomeStoneB7SlabFull:0, Metamorphic Mesa Stone Bricks Slab
Botania:stone0Slab:0, Andesite Slab
Botania:stone0SlabFull:0, Andesite Slab
Botania:stone1Slab:0, Basalt Slab
Botania:stone1SlabFull:0, Basalt Slab
Botania:stone2Slab:0, Diorite Slab
Botania:stone2SlabFull:0, Diorite Slab
Botania:stone3Slab:0, Granite Slab
Botania:stone3SlabFull:0, Granite Slab
Botania:stone8Slab:0, Andesite Brick Slab
Botania:stone8SlabFull:0, Andesite Brick Slab
Botania:stone9Slab:0, Basalt Brick Slab
Botania:stone9SlabFull:0, Basalt Brick Slab
Botania:stone10Slab:0, Diorite Brick Slab
Botania:stone10SlabFull:0, Diorite Brick Slab
Botania:stone11Slab:0, Granite Brick Slab
Botania:stone11SlabFull:0, Granite Brick Slab
Botania:pavement0Slab:0, White Portuguese Pavement Slab
Botania:pavement0SlabFull:0, White Portuguese Pavement Slab
Botania:pavement1Slab:0, Black Portuguese Pavement Slab
Botania:pavement1SlabFull:0, Black Portuguese Pavement Slab
Botania:pavement2Slab:0, Blue Portuguese Pavement Slab
Botania:pavement2SlabFull:0, Blue Portuguese Pavement Slab
Botania:pavement3Slab:0, Red Portuguese Pavement Slab
Botania:pavement3SlabFull:0, Red Portuguese Pavement Slab
Botania:pavement4Slab:0, Yellow Portuguese Pavement Slab
Botania:pavement4SlabFull:0, Yellow Portuguese Pavement Slab
Botania:pavement5Slab:0, Green Portuguese Pavement Slab
Botania:pavement5SlabFull:0, Green Portuguese Pavement Slab
Avaritia:Double_Craft, Compressed Crafting Table
Avaritia:Triple_Craft, Double Compressed Crafting Table
Avaritia:Dire_Crafting, Dire Crafting Table
Avaritia:Crystal_Matrix, Crystal Matrix
Avaritia:Resource_Block:0, Cosmic Neutronium Block
Avaritia:Resource_Block:1, Infinity Block
Avaritia:Neutron_Collector, Neutron Collector
Avaritia:Neutronium_Compressor, Neutronium Compressor
avaritiaddons:CompressedChest, Compressed Chest
avaritiaddons:InfinityChest, Infinity Chest
avaritiaddons:ExtremeAutoCrafter, Dire Autocrafting Table
babymobs:disappearingWeb, Disappearing Cobweb
baublelicious:BlockPedestal, Pedestal
baublesstuff:UpgradeExtractor, Upgrade Extractor
bedrockium:bedrockium:0, Bedrockium Stone
bedrockium:bedrockium:1, Bedrockium Dirt
bedrockium:bedrockium:2, tile.bedrockium.stonebrick.name
bedrockium:bedrockium:3, Bedrockium Block of Lapis
bedrockium:bedrockium:4, Bedrockium Block of Gold
bedrockium:bedrockium:5, Bedrockium Block of Iron
bedrockium:bedrockium:6, Bedrockium Obsidian
bedrockium:bedrockium:7, Bedrockium Block of Diamond
bedrockium:bedrockium:8, Bedrockium End Stone
bedrockium:bedrockium:9, Bedrockium Block of Emerald
bedrockium:bedrockiumAir, Bedrockium Air
bedrockium:bedrockiumMod, tile.null.name
bettersugarcane:compressedSugarCaneBlock, Compressed Sugar Cane
bettersugarcane:compressedSugarCaneBlock2, Double Compressed Sugar Cane
bettersugarcane:compressedSugarCaneBlock3, Triple Compressed Sugar Cane
bettersugarcane:compressedSugarCaneBlock4, Quadruple Compressed Sugar Cane
bettersugarcane:compressedSugarCaneBlock5, Quintuple Compressed Sugar Cane
bettersugarcane:compressedSugarCaneBlock6, Sextuple Compressed Sugar Cane
bettersugarcane:compressedSugarCaneBlock7, Septuple Compressed Sugar Cane
bettersugarcane:compressedSugarCaneBlock8, Octuple Compressed Sugar Cane
bettersugarcane:compressedSugar, Compressed Sugar
bettersugarcane:compressedSugar2, Double Compressed Sugar
BiblioCraft:tile.BiblioFramedChest:0, Framed Chest
BiblioCraft:BiblioPaneler:0, Oak Furniture Paneler
BiblioCraft:BiblioPaneler:1, Spruce Furniture Paneler
BiblioCraft:BiblioPaneler:2, Birch Furniture Paneler
BiblioCraft:BiblioPaneler:3, Jungle Furniture Paneler
BiblioCraft:BiblioPaneler:4, Acacia Furniture Paneler
BiblioCraft:BiblioPaneler:5, Dark Oak Furniture Paneler
BiblioCraft:BiblioPaneler:6, Framed Furniture Paneler
BiblioCraft:BiblioClipboard, tile.BiblioClipboard.name
BiblioCraft:BiblioTypewriter:0, White Typewriter
BiblioCraft:BiblioTypewriter:1, Light Gray Typewriter
BiblioCraft:BiblioTypewriter:2, Gray Typewriter
BiblioCraft:BiblioTypewriter:3, Black Typewriter
BiblioCraft:BiblioTypewriter:4, Red Typewriter
BiblioCraft:BiblioTypewriter:5, Orange Typewriter
BiblioCraft:BiblioTypewriter:6, Yellow Typewriter
BiblioCraft:BiblioTypewriter:7, Lime Typewriter
BiblioCraft:BiblioTypewriter:8, Green Typewriter
BiblioCraft:BiblioTypewriter:9, Cyan Typewriter
BiblioCraft:BiblioTypewriter:10, Light Blue Typewriter
BiblioCraft:BiblioTypewriter:11, Blue Typewriter
BiblioCraft:BiblioTypewriter:12, Purple Typewriter
BiblioCraft:BiblioTypewriter:13, Magenta Typewriter
BiblioCraft:BiblioTypewriter:14, Pink Typewriter
BiblioCraft:BiblioTypewriter:15, Brown Typewriter
BiblioCraft:BiblioClock:0, Oak Clock
BiblioCraft:BiblioClock:1, Spruce Clock
BiblioCraft:BiblioClock:2, Birch Clock
BiblioCraft:BiblioClock:3, Jungle Clock
BiblioCraft:BiblioClock:4, Acacia Clock
BiblioCraft:BiblioClock:5, Dark Oak Clock
BiblioCraft:BiblioClock:6, Framed Clock
BiblioCraft:BiblioFlatPainting:0, Oak Painting Frame
BiblioCraft:BiblioFlatPainting:1, Spruce Painting Frame
BiblioCraft:BiblioFlatPainting:2, Birch Painting Frame
BiblioCraft:BiblioFlatPainting:3, Jungle Painting Frame
BiblioCraft:BiblioFlatPainting:4, Acacia Painting Frame
BiblioCraft:BiblioFlatPainting:5, Dark Oak Painting Frame
BiblioCraft:BiblioFlatPainting:6, Framed Painting Frame
BiblioCraft:BiblioSimplePainting:0, Oak Painting Frame
BiblioCraft:BiblioSimplePainting:1, Spruce Painting Frame
BiblioCraft:BiblioSimplePainting:2, Birch Painting Frame
BiblioCraft:BiblioSimplePainting:3, Jungle Painting Frame
BiblioCraft:BiblioSimplePainting:4, Acacia Painting Frame
BiblioCraft:BiblioSimplePainting:5, Dark Oak Painting Frame
BiblioCraft:BiblioSimplePainting:6, Framed Painting Frame
BiblioCraft:BiblioMiddlePainting:0, Oak Painting Frame
BiblioCraft:BiblioMiddlePainting:1, Spruce Painting Frame
BiblioCraft:BiblioMiddlePainting:2, Birch Painting Frame
BiblioCraft:BiblioMiddlePainting:3, Jungle Painting Frame
BiblioCraft:BiblioMiddlePainting:4, Acacia Painting Frame
BiblioCraft:BiblioMiddlePainting:5, Dark Oak Painting Frame
BiblioCraft:BiblioMiddlePainting:6, Framed Painting Frame
BiblioCraft:BiblioFancyPainting:0, Oak Painting Frame
BiblioCraft:BiblioFancyPainting:1, Spruce Painting Frame
BiblioCraft:BiblioFancyPainting:2, Birch Painting Frame
BiblioCraft:BiblioFancyPainting:3, Jungle Painting Frame
BiblioCraft:BiblioFancyPainting:4, Acacia Painting Frame
BiblioCraft:BiblioFancyPainting:5, Dark Oak Painting Frame
BiblioCraft:BiblioFancyPainting:6, Framed Painting Frame
BiblioCraft:BiblioBorderlessPainting:0, Oak Painting Frame
BiblioCraft:BiblioBorderlessPainting:1, Spruce Painting Frame
BiblioCraft:BiblioBorderlessPainting:2, Birch Painting Frame
BiblioCraft:BiblioBorderlessPainting:3, Jungle Painting Frame
BiblioCraft:BiblioBorderlessPainting:4, Acacia Painting Frame
BiblioCraft:BiblioBorderlessPainting:5, Dark Oak Painting Frame
BiblioCraft:BiblioBorderlessPainting:6, Framed Painting Frame
BiblioCraft:BiblioPaintPress, Painting Press
BiblioCraft:BiblioSwordPedestal:0, Sword Pedestal
BiblioCraft:BiblioSwordPedestal:1, Sword Pedestal
BiblioCraft:BiblioSwordPedestal:2, Sword Pedestal
BiblioCraft:BiblioSwordPedestal:3, Sword Pedestal
BiblioCraft:BiblioSwordPedestal:4, Sword Pedestal
BiblioCraft:BiblioSwordPedestal:5, Sword Pedestal
BiblioCraft:BiblioSwordPedestal:6, Sword Pedestal
BiblioCraft:BiblioSwordPedestal:7, Sword Pedestal
BiblioCraft:BiblioSwordPedestal:8, Sword Pedestal
BiblioCraft:BiblioSwordPedestal:9, Sword Pedestal
BiblioCraft:BiblioSwordPedestal:10, Sword Pedestal
BiblioCraft:BiblioSwordPedestal:11, Sword Pedestal
BiblioCraft:BiblioSwordPedestal:12, Sword Pedestal
BiblioCraft:BiblioSwordPedestal:13, Sword Pedestal
BiblioCraft:BiblioSwordPedestal:14, Sword Pedestal
BiblioCraft:BiblioSwordPedestal:15, Sword Pedestal
BiblioCraft:BiblioFancySign:0, Oak Fancy Sign
BiblioCraft:BiblioFancySign:1, Spruce Fancy Sign
BiblioCraft:BiblioFancySign:2, Birch Fancy Sign
BiblioCraft:BiblioFancySign:3, Jungle Fancy Sign
BiblioCraft:BiblioFancySign:4, Acacia Fancy Sign
BiblioCraft:BiblioFancySign:5, Dark Oak Fancy Sign
BiblioCraft:BiblioFancySign:6, Framed Fancy Sign
BiblioCraft:BiblioWorkbench:0, Oak Fancy Workbench
BiblioCraft:BiblioWorkbench:1, Spruce Fancy Workbench
BiblioCraft:BiblioWorkbench:2, Birch Fancy Workbench
BiblioCraft:BiblioWorkbench:3, Jungle Fancy Workbench
BiblioCraft:BiblioWorkbench:4, Acacia Fancy Workbench
BiblioCraft:BiblioWorkbench:5, Dark Oak Fancy Workbench
BiblioCraft:BiblioWorkbench:6, Framed Fancy Workbench
BiblioCraft:BiblioBell, Desk Bell
BiblioCraft:Bibliotheca:0, Oak Bookcase
BiblioCraft:Bibliotheca:1, Spruce Bookcase
BiblioCraft:Bibliotheca:2, Birch Bookcase
BiblioCraft:Bibliotheca:3, Jungle Bookcase
BiblioCraft:Bibliotheca:4, Acacia Bookcase
BiblioCraft:Bibliotheca:5, Dark Oak Bookcase
BiblioCraft:Bibliotheca:6, Framed Bookcase
BiblioCraft:BookcaseFilled:0, Oak Bookcase
BiblioCraft:BookcaseFilled:1, Spruce Bookcase
BiblioCraft:BookcaseFilled:2, Birch Bookcase
BiblioCraft:BookcaseFilled:3, Jungle Bookcase
BiblioCraft:BookcaseFilled:4, Acacia Bookcase
BiblioCraft:BookcaseFilled:5, Dark Oak Bookcase
BiblioCraft:BookcaseFilled:6, Framed Bookcase
BiblioCraft:BiblioPotionShelf:0, Oak Potion Shelf
BiblioCraft:BiblioPotionShelf:1, Spruce Potion Shelf
BiblioCraft:BiblioPotionShelf:2, Birch Potion Shelf
BiblioCraft:BiblioPotionShelf:3, Jungle Potion Shelf
BiblioCraft:BiblioPotionShelf:4, Acacia Potion Shelf
BiblioCraft:BiblioPotionShelf:5, Dark Oak Potion Shelf
BiblioCraft:BiblioPotionShelf:6, Framed Potion Shelf
BiblioCraft:BiblioShelf:0, Oak Shelf
BiblioCraft:BiblioShelf:1, Spruce Shelf
BiblioCraft:BiblioShelf:2, Birch Shelf
BiblioCraft:BiblioShelf:3, Jungle Shelf
BiblioCraft:BiblioShelf:4, Acacia Shelf
BiblioCraft:BiblioShelf:5, Dark Oak Shelf
BiblioCraft:BiblioShelf:6, Framed Shelf
BiblioCraft:BiblioRack:0, Oak Tool Rack
BiblioCraft:BiblioRack:1, Spruce Tool Rack
BiblioCraft:BiblioRack:2, Birch Tool Rack
BiblioCraft:BiblioRack:3, Jungle Tool Rack
BiblioCraft:BiblioRack:4, Acacia Tool Rack
BiblioCraft:BiblioRack:5, Dark Oak Tool Rack
BiblioCraft:BiblioRack:6, Framed Tool Rack
BiblioCraft:BiblioCase:0, Oak Case
BiblioCraft:BiblioCase:1, Spruce Case
BiblioCraft:BiblioCase:2, Birch Case
BiblioCraft:BiblioCase:3, Jungle Case
BiblioCraft:BiblioCase:4, Acacia Case
BiblioCraft:BiblioCase:5, Dark Oak Case
BiblioCraft:BiblioCase:6, Framed Case
BiblioCraft:BiblioLabel:0, Oak Wood Label
BiblioCraft:BiblioLabel:1, Spruce Wood Label
BiblioCraft:BiblioLabel:2, Birch Wood Label
BiblioCraft:BiblioLabel:3, Jungle Wood Label
BiblioCraft:BiblioLabel:4, Acacia Label
BiblioCraft:BiblioLabel:5, Dark Oak Label
BiblioCraft:BiblioLabel:6, Framed Label
BiblioCraft:BiblioDesk:0, Oak Desk
BiblioCraft:BiblioDesk:1, Spruce Desk
BiblioCraft:BiblioDesk:2, Birch Desk
BiblioCraft:BiblioDesk:3, Jungle Desk
BiblioCraft:BiblioDesk:4, Acacia Desk
BiblioCraft:BiblioDesk:5, Dark Oak Desk
BiblioCraft:BiblioDesk:6, Framed Desk
BiblioCraft:BiblioTable:0, Oak Table
BiblioCraft:BiblioTable:1, Spruce Table
BiblioCraft:BiblioTable:2, Birch Table
BiblioCraft:BiblioTable:3, Jungle Table
BiblioCraft:BiblioTable:4, Acacia Table
BiblioCraft:BiblioTable:5, Dark Oak Table
BiblioCraft:BiblioTable:6, Framed Table
BiblioCraft:Armor Stand, Armor Stand
BiblioCraft:Typesetting Machine, Typesetting Table
BiblioCraft:Printing Press, Printing Press
BiblioCraft:BiblioLantern:0, Fancy Lantern
BiblioCraft:BiblioLantern:1, Fancy Lantern
BiblioCraft:BiblioLantern:2, Fancy Lantern
BiblioCraft:BiblioLantern:3, Fancy Lantern
BiblioCraft:BiblioLantern:4, Fancy Lantern
BiblioCraft:BiblioLantern:5, Fancy Lantern
BiblioCraft:BiblioLantern:6, Fancy Lantern
BiblioCraft:BiblioLantern:7, Fancy Lantern
BiblioCraft:BiblioLantern:8, Fancy Lantern
BiblioCraft:BiblioLantern:9, Fancy Lantern
BiblioCraft:BiblioLantern:10, Fancy Lantern
BiblioCraft:BiblioLantern:11, Fancy Lantern
BiblioCraft:BiblioLantern:12, Fancy Lantern
BiblioCraft:BiblioLantern:13, Fancy Lantern
BiblioCraft:BiblioLantern:14, Fancy Lantern
BiblioCraft:BiblioLantern:15, Fancy Lantern
BiblioCraft:BiblioIronLantern:0, Fancy Lantern
BiblioCraft:BiblioIronLantern:1, Fancy Lantern
BiblioCraft:BiblioIronLantern:2, Fancy Lantern
BiblioCraft:BiblioIronLantern:3, Fancy Lantern
BiblioCraft:BiblioIronLantern:4, Fancy Lantern
BiblioCraft:BiblioIronLantern:5, Fancy Lantern
BiblioCraft:BiblioIronLantern:6, Fancy Lantern
BiblioCraft:BiblioIronLantern:7, Fancy Lantern
BiblioCraft:BiblioIronLantern:8, Fancy Lantern
BiblioCraft:BiblioIronLantern:9, Fancy Lantern
BiblioCraft:BiblioIronLantern:10, Fancy Lantern
BiblioCraft:BiblioIronLantern:11, Fancy Lantern
BiblioCraft:BiblioIronLantern:12, Fancy Lantern
BiblioCraft:BiblioIronLantern:13, Fancy Lantern
BiblioCraft:BiblioIronLantern:14, Fancy Lantern
BiblioCraft:BiblioIronLantern:15, Fancy Lantern
BiblioCraft:BiblioLamp:0, Fancy Lamp
BiblioCraft:BiblioLamp:1, Fancy Lamp
BiblioCraft:BiblioLamp:2, Fancy Lamp
BiblioCraft:BiblioLamp:3, Fancy Lamp
BiblioCraft:BiblioLamp:4, Fancy Lamp
BiblioCraft:BiblioLamp:5, Fancy Lamp
BiblioCraft:BiblioLamp:6, Fancy Lamp
BiblioCraft:BiblioLamp:7, Fancy Lamp
BiblioCraft:BiblioLamp:8, Fancy Lamp
BiblioCraft:BiblioLamp:9, Fancy Lamp
BiblioCraft:BiblioLamp:10, Fancy Lamp
BiblioCraft:BiblioLamp:11, Fancy Lamp
BiblioCraft:BiblioLamp:12, Fancy Lamp
BiblioCraft:BiblioLamp:13, Fancy Lamp
BiblioCraft:BiblioLamp:14, Fancy Lamp
BiblioCraft:BiblioLamp:15, Fancy Lamp
BiblioCraft:BiblioIronLamp:0, Fancy Lamp
BiblioCraft:BiblioIronLamp:1, Fancy Lamp
BiblioCraft:BiblioIronLamp:2, Fancy Lamp
BiblioCraft:BiblioIronLamp:3, Fancy Lamp
BiblioCraft:BiblioIronLamp:4, Fancy Lamp
BiblioCraft:BiblioIronLamp:5, Fancy Lamp
BiblioCraft:BiblioIronLamp:6, Fancy Lamp
BiblioCraft:BiblioIronLamp:7, Fancy Lamp
BiblioCraft:BiblioIronLamp:8, Fancy Lamp
BiblioCraft:BiblioIronLamp:9, Fancy Lamp
BiblioCraft:BiblioIronLamp:10, Fancy Lamp
BiblioCraft:BiblioIronLamp:11, Fancy Lamp
BiblioCraft:BiblioIronLamp:12, Fancy Lamp
BiblioCraft:BiblioIronLamp:13, Fancy Lamp
BiblioCraft:BiblioIronLamp:14, Fancy Lamp
BiblioCraft:BiblioIronLamp:15, Fancy Lamp
BiblioCraft:BiblioStuffs:0, Cookie Jar
BiblioCraft:BiblioStuffs:2, Dinner Plate
BiblioCraft:BiblioStuffs:3, Disc Rack
BiblioCraft:BiblioMapFrames:0, Oak Map Frame
BiblioCraft:BiblioMapFrames:1, Spruce Map Frame
BiblioCraft:BiblioMapFrames:2, Birch Map Frame
BiblioCraft:BiblioMapFrames:3, Jungle Map Frame
BiblioCraft:BiblioMapFrames:4, Acacia Map Frame
BiblioCraft:BiblioMapFrames:5, Dark Oak Map Frame
BiblioCraft:BiblioMapFrames:6, Framed Map Frame
BiblioCraft:BiblioSeats:0, Oak Seat
BiblioCraft:BiblioSeats:1, Spruce Seat
BiblioCraft:BiblioSeats:2, Birch Seat
BiblioCraft:BiblioSeats:3, Jungle Seat
BiblioCraft:BiblioSeats:4, Acacia Seat
BiblioCraft:BiblioSeats:5, Dark Oak Seat
BiblioCraft:BiblioSeats:6, Framed Seat
BiblioWoodsForestry:BiblioWoodFstBookcase:0, Acacia Bookcase
BiblioWoodsForestry:BiblioWoodFstBookcase:1, Balsa Bookcase
BiblioWoodsForestry:BiblioWoodFstBookcase:2, Baobab Bookcase
BiblioWoodsForestry:BiblioWoodFstBookcase:3, Cherry Bookcase
BiblioWoodsForestry:BiblioWoodFstBookcase:4, Chestnut Bookcase
BiblioWoodsForestry:BiblioWoodFstBookcase:5, Citrus Bookcase
BiblioWoodsForestry:BiblioWoodFstBookcase:6, Ebony Bookcase
BiblioWoodsForestry:BiblioWoodFstBookcase:7, Greenheart Bookcase
BiblioWoodsForestry:BiblioWoodFstBookcase:8, Kapok Bookcase
BiblioWoodsForestry:BiblioWoodFstBookcase:9, Larch Bookcase
BiblioWoodsForestry:BiblioWoodFstBookcase:10, Lime Bookcase
BiblioWoodsForestry:BiblioWoodFstBookcase:11, Mahoe Bookcase
BiblioWoodsForestry:BiblioWoodFstBookcase:12, Mahogany Bookcase
BiblioWoodsForestry:BiblioWoodFstBookcase:13, Maple Bookcase
BiblioWoodsForestry:BiblioWoodFstBookcase:14, Palm Bookcase
BiblioWoodsForestry:BiblioWoodFstBookcase:15, Papaya Bookcase
BiblioWoodsForestry:BiblioWoodFstBookcase2:0, Pine Bookcase
BiblioWoodsForestry:BiblioWoodFstBookcase2:1, Plum Bookcase
BiblioWoodsForestry:BiblioWoodFstBookcase2:2, Poplar Bookcase
BiblioWoodsForestry:BiblioWoodFstBookcase2:3, Sequoia Bookcase
BiblioWoodsForestry:BiblioWoodFstBookcase2:4, Teak Bookcase
BiblioWoodsForestry:BiblioWoodFstBookcase2:5, Walnut Bookcase
BiblioWoodsForestry:BiblioWoodFstBookcase2:6, Wenge Bookcase
BiblioWoodsForestry:BiblioWoodFstBookcase2:7, Willow Bookcase
BiblioWoodsForestry:BiblioWoodFstpotshelf:0, Acacia Potion Shelf
BiblioWoodsForestry:BiblioWoodFstpotshelf:1, Balsa Potion Shelf
BiblioWoodsForestry:BiblioWoodFstpotshelf:2, Baobab Potion Shelf
BiblioWoodsForestry:BiblioWoodFstpotshelf:3, Cherry Potion Shelf
BiblioWoodsForestry:BiblioWoodFstpotshelf:4, Chestnut Potion Shelf
BiblioWoodsForestry:BiblioWoodFstpotshelf:5, Citrus Potion Shelf
BiblioWoodsForestry:BiblioWoodFstpotshelf:6, Ebony Potion Shelf
BiblioWoodsForestry:BiblioWoodFstpotshelf:7, Greenheart Potion Shelf
BiblioWoodsForestry:BiblioWoodFstpotshelf:8, Kapok Potion Shelf
BiblioWoodsForestry:BiblioWoodFstpotshelf:9, Larch Potion Shelf
BiblioWoodsForestry:BiblioWoodFstpotshelf:10, Lime Potion Shelf
BiblioWoodsForestry:BiblioWoodFstpotshelf:11, Mahoe Potion Shelf
BiblioWoodsForestry:BiblioWoodFstpotshelf:12, Mahogany Potion Shelf
BiblioWoodsForestry:BiblioWoodFstpotshelf:13, Maple Potion Shelf
BiblioWoodsForestry:BiblioWoodFstpotshelf:14, Palm Potion Shelf
BiblioWoodsForestry:BiblioWoodFstpotshelf:15, Papaya Potion Shelf
BiblioWoodsForestry:BiblioWoodFstpotshelf2:0, Pine Potion Shelf
BiblioWoodsForestry:BiblioWoodFstpotshelf2:1, Plum Potion Shelf
BiblioWoodsForestry:BiblioWoodFstpotshelf2:2, Poplar Potion Shelf
BiblioWoodsForestry:BiblioWoodFstpotshelf2:3, Sequoia Potion Shelf
BiblioWoodsForestry:BiblioWoodFstpotshelf2:4, Teak Potion Shelf
BiblioWoodsForestry:BiblioWoodFstpotshelf2:5, Walnut Potion Shelf
BiblioWoodsForestry:BiblioWoodFstpotshelf2:6, Wenge Potion Shelf
BiblioWoodsForestry:BiblioWoodFstpotshelf2:7, Willow Potion Shelf
BiblioWoodsForestry:BiblioWoodFstshelf:0, Acacia Shelf
BiblioWoodsForestry:BiblioWoodFstshelf:1, Balsa Shelf
BiblioWoodsForestry:BiblioWoodFstshelf:2, Baobab Shelf
BiblioWoodsForestry:BiblioWoodFstshelf:3, Cherry Shelf
BiblioWoodsForestry:BiblioWoodFstshelf:4, Chestnut Shelf
BiblioWoodsForestry:BiblioWoodFstshelf:5, Citrus Shelf
BiblioWoodsForestry:BiblioWoodFstshelf:6, Ebony Shelf
BiblioWoodsForestry:BiblioWoodFstshelf:7, Greenheart Shelf
BiblioWoodsForestry:BiblioWoodFstshelf:8, Kapok Shelf
BiblioWoodsForestry:BiblioWoodFstshelf:9, Larch Shelf
BiblioWoodsForestry:BiblioWoodFstshelf:10, Lime Shelf
BiblioWoodsForestry:BiblioWoodFstshelf:11, Mahoe Shelf
BiblioWoodsForestry:BiblioWoodFstshelf:12, Mahogany Shelf
BiblioWoodsForestry:BiblioWoodFstshelf:13, Maple Shelf
BiblioWoodsForestry:BiblioWoodFstshelf:14, Palm Shelf
BiblioWoodsForestry:BiblioWoodFstshelf:15, Papaya Shelf
BiblioWoodsForestry:BiblioWoodFstshelf2:0, Pine Shelf
BiblioWoodsForestry:BiblioWoodFstshelf2:1, Plum Shelf
BiblioWoodsForestry:BiblioWoodFstshelf2:2, Poplar Shelf
BiblioWoodsForestry:BiblioWoodFstshelf2:3, Sequoia Shelf
BiblioWoodsForestry:BiblioWoodFstshelf2:4, Teak Shelf
BiblioWoodsForestry:BiblioWoodFstshelf2:5, Walnut Shelf
BiblioWoodsForestry:BiblioWoodFstshelf2:6, Wenge Shelf
BiblioWoodsForestry:BiblioWoodFstshelf2:7, Willow Shelf
BiblioWoodsForestry:BiblioWoodFstrack:0, Acacia Tool Rack
BiblioWoodsForestry:BiblioWoodFstrack:1, Balsa Tool Rack
BiblioWoodsForestry:BiblioWoodFstrack:2, Baobab Tool Rack
BiblioWoodsForestry:BiblioWoodFstrack:3, Cherry Tool Rack
BiblioWoodsForestry:BiblioWoodFstrack:4, Chestnut Tool Rack
BiblioWoodsForestry:BiblioWoodFstrack:5, Citrus Tool Rack
BiblioWoodsForestry:BiblioWoodFstrack:6, Ebony Tool Rack
BiblioWoodsForestry:BiblioWoodFstrack:7, Greenheart Tool Rack
BiblioWoodsForestry:BiblioWoodFstrack:8, KapokTool Rack
BiblioWoodsForestry:BiblioWoodFstrack:9, Larch Tool Rack
BiblioWoodsForestry:BiblioWoodFstrack:10, Lime Tool Rack
BiblioWoodsForestry:BiblioWoodFstrack:11, Mahoe Tool Rack
BiblioWoodsForestry:BiblioWoodFstrack:12, Mahogany Tool Rack
BiblioWoodsForestry:BiblioWoodFstrack:13, Maple Tool Rack
BiblioWoodsForestry:BiblioWoodFstrack:14, Palm Tool Rack
BiblioWoodsForestry:BiblioWoodFstrack:15, Papaya Tool Rack
BiblioWoodsForestry:BiblioWoodFstrack2:0, Pine Tool Rack
BiblioWoodsForestry:BiblioWoodFstrack2:1, Plum Tool Rack
BiblioWoodsForestry:BiblioWoodFstrack2:2, Poplar Tool Rack
BiblioWoodsForestry:BiblioWoodFstrack2:3, Sequoia Tool Rack
BiblioWoodsForestry:BiblioWoodFstrack2:4, Teak Tool Rack
BiblioWoodsForestry:BiblioWoodFstrack2:5, Walnut Tool Rack
BiblioWoodsForestry:BiblioWoodFstrack2:6, Wenge Tool Rack
BiblioWoodsForestry:BiblioWoodFstrack2:7, Willow Tool Rack
BiblioWoodsForestry:BiblioWoodFstcase0:0, Acacia Case
BiblioWoodsForestry:BiblioWoodFstcase0:1, Balsa Case
BiblioWoodsForestry:BiblioWoodFstcase0:2, Baobab Case
BiblioWoodsForestry:BiblioWoodFstcase0:3, Cherry Case
BiblioWoodsForestry:BiblioWoodFstcase0:4, Chestnut Case
BiblioWoodsForestry:BiblioWoodFstcase0:5, Citrus Case
BiblioWoodsForestry:BiblioWoodFstcase0:6, Ebony Case
BiblioWoodsForestry:BiblioWoodFstcase0:7, Greenheart Case
BiblioWoodsForestry:BiblioWoodFstcase0:8, Kapok Case
BiblioWoodsForestry:BiblioWoodFstcase0:9, Larch Case
BiblioWoodsForestry:BiblioWoodFstcase0:10, Lime Case
BiblioWoodsForestry:BiblioWoodFstcase0:11, Mahoe Case
BiblioWoodsForestry:BiblioWoodFstcase0:12, Mahogany Case
BiblioWoodsForestry:BiblioWoodFstcase0:13, Maple Case
BiblioWoodsForestry:BiblioWoodFstcase0:14, Palm Case
BiblioWoodsForestry:BiblioWoodFstcase0:15, Papaya Case
BiblioWoodsForestry:BiblioWoodFstcase1:0, Pine Case
BiblioWoodsForestry:BiblioWoodFstcase1:1, Plum Case
BiblioWoodsForestry:BiblioWoodFstcase1:2, Poplar Case
BiblioWoodsForestry:BiblioWoodFstcase1:3, Sequoia Case
BiblioWoodsForestry:BiblioWoodFstcase1:4, Teak Case
BiblioWoodsForestry:BiblioWoodFstcase1:5, Walnut Case
BiblioWoodsForestry:BiblioWoodFstcase1:6, Wenge Case
BiblioWoodsForestry:BiblioWoodFstcase1:7, Willow Case
BiblioWoodsForestry:BiblioWoodFstlabel:0, Acacia Label
BiblioWoodsForestry:BiblioWoodFstlabel:1, Balsa Label
BiblioWoodsForestry:BiblioWoodFstlabel:2, Baobab Label
BiblioWoodsForestry:BiblioWoodFstlabel:3, Cherry Label
BiblioWoodsForestry:BiblioWoodFstlabel:4, Chestnut Label
BiblioWoodsForestry:BiblioWoodFstlabel:5, Citrus Label
BiblioWoodsForestry:BiblioWoodFstlabel:6, Ebony Label
BiblioWoodsForestry:BiblioWoodFstlabel:7, Greenheart Label
BiblioWoodsForestry:BiblioWoodFstlabel:8, Kapok Label
BiblioWoodsForestry:BiblioWoodFstlabel:9, Larch Label
BiblioWoodsForestry:BiblioWoodFstlabel:10, Lime Label
BiblioWoodsForestry:BiblioWoodFstlabel:11, Mahoe Label
BiblioWoodsForestry:BiblioWoodFstlabel:12, Mahogany Label
BiblioWoodsForestry:BiblioWoodFstlabel:13, Maple Label
BiblioWoodsForestry:BiblioWoodFstlabel:14, Palm Label
BiblioWoodsForestry:BiblioWoodFstlabel:15, Papaya Label
BiblioWoodsForestry:BiblioWoodFstlabel2:0, Pine Label
BiblioWoodsForestry:BiblioWoodFstlabel2:1, Plum Label
BiblioWoodsForestry:BiblioWoodFstlabel2:2, Poplar Label
BiblioWoodsForestry:BiblioWoodFstlabel2:3, Sequoia Label
BiblioWoodsForestry:BiblioWoodFstlabel2:4, Teak Label
BiblioWoodsForestry:BiblioWoodFstlabel2:5, Walnut Label
BiblioWoodsForestry:BiblioWoodFstlabel2:6, Wenge Label
BiblioWoodsForestry:BiblioWoodFstlabel2:7, Willow Label
BiblioWoodsForestry:BiblioWoodFstdesk:0, Acacia Desk
BiblioWoodsForestry:BiblioWoodFstdesk:1, Balsa Desk
BiblioWoodsForestry:BiblioWoodFstdesk:2, Baobab Desk
BiblioWoodsForestry:BiblioWoodFstdesk:3, Cherry Desk
BiblioWoodsForestry:BiblioWoodFstdesk:4, Chestnut Desk
BiblioWoodsForestry:BiblioWoodFstdesk:5, Citrus Desk
BiblioWoodsForestry:BiblioWoodFstdesk:6, Ebony Desk
BiblioWoodsForestry:BiblioWoodFstdesk:7, Greenheart Desk
BiblioWoodsForestry:BiblioWoodFstdesk:8, Kapok Desk
BiblioWoodsForestry:BiblioWoodFstdesk:9, Larch Desk
BiblioWoodsForestry:BiblioWoodFstdesk:10, Lime Desk
BiblioWoodsForestry:BiblioWoodFstdesk:11, Mahoe Desk
BiblioWoodsForestry:BiblioWoodFstdesk:12, Mahogany Desk
BiblioWoodsForestry:BiblioWoodFstdesk:13, Maple Desk
BiblioWoodsForestry:BiblioWoodFstdesk:14, Palm Desk
BiblioWoodsForestry:BiblioWoodFstdesk:15, Papaya Desk
BiblioWoodsForestry:BiblioWoodFstdesk2:0, Pine Desk
BiblioWoodsForestry:BiblioWoodFstdesk2:1, Plum Desk
BiblioWoodsForestry:BiblioWoodFstdesk2:2, Poplar Desk
BiblioWoodsForestry:BiblioWoodFstdesk2:3, Sequoia Desk
BiblioWoodsForestry:BiblioWoodFstdesk2:4, Teak Desk
BiblioWoodsForestry:BiblioWoodFstdesk2:5, Walnut Desk
BiblioWoodsForestry:BiblioWoodFstdesk2:6, Wenge Desk
BiblioWoodsForestry:BiblioWoodFstdesk2:7, Willow Desk
BiblioWoodsForestry:BiblioWoodFsttable:0, Acacia Table
BiblioWoodsForestry:BiblioWoodFsttable:1, Balsa Table
BiblioWoodsForestry:BiblioWoodFsttable:2, Baobab Table
BiblioWoodsForestry:BiblioWoodFsttable:3, Cherry Table
BiblioWoodsForestry:BiblioWoodFsttable:4, Chestnut Table
BiblioWoodsForestry:BiblioWoodFsttable:5, Citrus Table
BiblioWoodsForestry:BiblioWoodFsttable:6, Ebony Table
BiblioWoodsForestry:BiblioWoodFsttable:7, Greenheart Table
BiblioWoodsForestry:BiblioWoodFsttable:8, Kapok Table
BiblioWoodsForestry:BiblioWoodFsttable:9, Larch Table
BiblioWoodsForestry:BiblioWoodFsttable:10, Lime Table
BiblioWoodsForestry:BiblioWoodFsttable:11, Mahoe Table
BiblioWoodsForestry:BiblioWoodFsttable:12, Mahogany Table
BiblioWoodsForestry:BiblioWoodFsttable:13, Maple Table
BiblioWoodsForestry:BiblioWoodFsttable:14, Palm Table
BiblioWoodsForestry:BiblioWoodFsttable:15, Papaya Table
BiblioWoodsForestry:BiblioWoodFsttable2:0, Pine Table
BiblioWoodsForestry:BiblioWoodFsttable2:1, Plum Table
BiblioWoodsForestry:BiblioWoodFsttable2:2, Poplar Table
BiblioWoodsForestry:BiblioWoodFsttable2:3, Sequoia Table
BiblioWoodsForestry:BiblioWoodFsttable2:4, Teak Table
BiblioWoodsForestry:BiblioWoodFsttable2:5, Walnut Table
BiblioWoodsForestry:BiblioWoodFsttable2:6, Wenge Table
BiblioWoodsForestry:BiblioWoodFsttable2:7, Willow Table
BiblioWoodsForestry:BiblioWoodSeat:0, Acacia Seat
BiblioWoodsForestry:BiblioWoodSeat:1, Balsa Seat
BiblioWoodsForestry:BiblioWoodSeat:2, Baobab Seat
BiblioWoodsForestry:BiblioWoodSeat:3, Cherry Seat
BiblioWoodsForestry:BiblioWoodSeat:4, Chestnut Seat
BiblioWoodsForestry:BiblioWoodSeat:5, Citrus Seat
BiblioWoodsForestry:BiblioWoodSeat:6, Ebony Seat
BiblioWoodsForestry:BiblioWoodSeat:7, Greenheart Seat
BiblioWoodsForestry:BiblioWoodSeat:8, Kapok Seat
BiblioWoodsForestry:BiblioWoodSeat:9, Larch Seat
BiblioWoodsForestry:BiblioWoodSeat:10, Lime Seat
BiblioWoodsForestry:BiblioWoodSeat:11, Mahoe Seat
BiblioWoodsForestry:BiblioWoodSeat:12, Mahogany Seat
BiblioWoodsForestry:BiblioWoodSeat:13, Maple Seat
BiblioWoodsForestry:BiblioWoodSeat:14, Palm Seat
BiblioWoodsForestry:BiblioWoodSeat:15, Papaya Seat
BiblioWoodsForestry:BiblioWoodSeat2:0, Pine Seat
BiblioWoodsForestry:BiblioWoodSeat2:1, Plum Seat
BiblioWoodsForestry:BiblioWoodSeat2:2, Poplar Seat
BiblioWoodsForestry:BiblioWoodSeat2:3, Sequoia Seat
BiblioWoodsForestry:BiblioWoodSeat2:4, Teak Seat
BiblioWoodsForestry:BiblioWoodSeat2:5, Walnut Seat
BiblioWoodsForestry:BiblioWoodSeat2:6, WengeSeat
BiblioWoodsForestry:BiblioWoodSeat2:7, Willow Seat
BiblioWoodsForestry:BiblioWoodMapFrame:0, Acacia Map Frame
BiblioWoodsForestry:BiblioWoodMapFrame:1, Balsa Map Frame
BiblioWoodsForestry:BiblioWoodMapFrame:2, Baobab Map Frame
BiblioWoodsForestry:BiblioWoodMapFrame:3, Cherry Map Frame
BiblioWoodsForestry:BiblioWoodMapFrame:4, Chestnut Map Frame
BiblioWoodsForestry:BiblioWoodMapFrame:5, Citrus Map Frame
BiblioWoodsForestry:BiblioWoodMapFrame:6, Ebony Map Frame
BiblioWoodsForestry:BiblioWoodMapFrame:7, Greenheart Map Frame
BiblioWoodsForestry:BiblioWoodMapFrame:8, Kapok Map Frame
BiblioWoodsForestry:BiblioWoodMapFrame:9, Larch Map Frame
BiblioWoodsForestry:BiblioWoodMapFrame:10, Lime Map Frame
BiblioWoodsForestry:BiblioWoodMapFrame:11, Mahoe Map Frame
BiblioWoodsForestry:BiblioWoodMapFrame:12, Mahogany Map Frame
BiblioWoodsForestry:BiblioWoodMapFrame:13, Maple Map Frame
BiblioWoodsForestry:BiblioWoodMapFrame:14, Palm Map Frame
BiblioWoodsForestry:BiblioWoodMapFrame:15, Papaya Map Frame
BiblioWoodsForestry:BiblioWoodMapFrame2:0, Pine Map Frame
BiblioWoodsForestry:BiblioWoodMapFrame2:1, Plum Map Frame
BiblioWoodsForestry:BiblioWoodMapFrame2:2, Poplar Map Frame
BiblioWoodsForestry:BiblioWoodMapFrame2:3, Sequoia Map Frame
BiblioWoodsForestry:BiblioWoodMapFrame2:4, Teak Map Frame
BiblioWoodsForestry:BiblioWoodMapFrame2:5, Walnut Map Frame
BiblioWoodsForestry:BiblioWoodMapFrame2:6, Wenge Map Frame
BiblioWoodsForestry:BiblioWoodMapFrame2:7, Willow Map Frame
BiblioWoodsForestry:BiblioWoodFancySign:0, Acacia Fancy Sign
BiblioWoodsForestry:BiblioWoodFancySign:1, Balsa Fancy Sign
BiblioWoodsForestry:BiblioWoodFancySign:2, Baobab Fancy Sign
BiblioWoodsForestry:BiblioWoodFancySign:3, Cherry Fancy Sign
BiblioWoodsForestry:BiblioWoodFancySign:4, Chestnut Fancy Sign
BiblioWoodsForestry:BiblioWoodFancySign:5, Citrus Fancy Sign
BiblioWoodsForestry:BiblioWoodFancySign:6, Ebony Fancy Sign
BiblioWoodsForestry:BiblioWoodFancySign:7, Greenheart Fancy Sign
BiblioWoodsForestry:BiblioWoodFancySign:8, Kapok Fancy Sign
BiblioWoodsForestry:BiblioWoodFancySign:9, Larch Fancy Sign
BiblioWoodsForestry:BiblioWoodFancySign:10, Lime Fancy Sign
BiblioWoodsForestry:BiblioWoodFancySign:11, Mahoe Fancy Sign
BiblioWoodsForestry:BiblioWoodFancySign:12, Mahogany Fancy Sign
BiblioWoodsForestry:BiblioWoodFancySign:13, Maple Fancy Sign
BiblioWoodsForestry:BiblioWoodFancySign:14, Palm Fancy Sign
BiblioWoodsForestry:BiblioWoodFancySign:15, Papaya Fancy Sign
BiblioWoodsForestry:BiblioWoodFancySign2:0, Pine Fancy Sign
BiblioWoodsForestry:BiblioWoodFancySign2:1, Plum Fancy Sign
BiblioWoodsForestry:BiblioWoodFancySign2:2, Poplar Fancy Sign
BiblioWoodsForestry:BiblioWoodFancySign2:3, Sequoia Fancy Sign
BiblioWoodsForestry:BiblioWoodFancySign2:4, Teak Fancy Sign
BiblioWoodsForestry:BiblioWoodFancySign2:5, Walnut Fancy Sign
BiblioWoodsForestry:BiblioWoodFancySign2:6, Wenge Fancy Sign
BiblioWoodsForestry:BiblioWoodFancySign2:7, Willow Fancy Sign
BiblioWoodsForestry:BiblioWoodFancyWorkbench:0, Acacia Fancy Workbench
BiblioWoodsForestry:BiblioWoodFancyWorkbench:1, Balsa Fancy Workbench
BiblioWoodsForestry:BiblioWoodFancyWorkbench:2, Baobab Fancy Workbench
BiblioWoodsForestry:BiblioWoodFancyWorkbench:3, Cherry Fancy Workbench
BiblioWoodsForestry:BiblioWoodFancyWorkbench:4, Chestnut Fancy Workbench
BiblioWoodsForestry:BiblioWoodFancyWorkbench:5, Citrus Fancy Workbench
BiblioWoodsForestry:BiblioWoodFancyWorkbench:6, Ebony Fancy Workbench
BiblioWoodsForestry:BiblioWoodFancyWorkbench:7, Greenheart Fancy Workbench
BiblioWoodsForestry:BiblioWoodFancyWorkbench:8, Kapok Fancy Workbench
BiblioWoodsForestry:BiblioWoodFancyWorkbench:9, Larch Fancy Workbench
BiblioWoodsForestry:BiblioWoodFancyWorkbench:10, Lime Fancy Workbench
BiblioWoodsForestry:BiblioWoodFancyWorkbench:11, Mahoe Fancy Workbench
BiblioWoodsForestry:BiblioWoodFancyWorkbench:12, Mahogany Fancy Workbench
BiblioWoodsForestry:BiblioWoodFancyWorkbench:13, Maple Fancy Workbench
BiblioWoodsForestry:BiblioWoodFancyWorkbench:14, Palm Fancy Workbench
BiblioWoodsForestry:BiblioWoodFancyWorkbench:15, Papaya Fancy Workbench
BiblioWoodsForestry:BiblioWoodFancyWorkbench2:0, Pine Fancy Workbench
BiblioWoodsForestry:BiblioWoodFancyWorkbench2:1, Plum Fancy Workbench
BiblioWoodsForestry:BiblioWoodFancyWorkbench2:2, Poplar Fancy Workbench
BiblioWoodsForestry:BiblioWoodFancyWorkbench2:3, Sequoia Fancy Workbench
BiblioWoodsForestry:BiblioWoodFancyWorkbench2:4, Teak Fancy Workbench
BiblioWoodsForestry:BiblioWoodFancyWorkbench2:5, Walnut Fancy Workbench
BiblioWoodsForestry:BiblioWoodFancyWorkbench2:6, Wenge Fancy Workbench
BiblioWoodsForestry:BiblioWoodFancyWorkbench2:7, Willow Fancy Workbench
BiblioWoodsForestry:BiblioWoodClock:0, Acacia Clock
BiblioWoodsForestry:BiblioWoodClock:1, Balsa Clock
BiblioWoodsForestry:BiblioWoodClock:2, Baobab Clock
BiblioWoodsForestry:BiblioWoodClock:3, Cherry Clock
BiblioWoodsForestry:BiblioWoodClock:4, Chestnut Clock
BiblioWoodsForestry:BiblioWoodClock:5, Citrus Clock
BiblioWoodsForestry:BiblioWoodClock:6, Ebony Clock
BiblioWoodsForestry:BiblioWoodClock:7, Greenheart Clock
BiblioWoodsForestry:BiblioWoodClock:8, Kapok Clock
BiblioWoodsForestry:BiblioWoodClock:9, Larch Clock
BiblioWoodsForestry:BiblioWoodClock:10, Lime Clock
BiblioWoodsForestry:BiblioWoodClock:11, Mahoe Clock
BiblioWoodsForestry:BiblioWoodClock:12, Mahogany Clock
BiblioWoodsForestry:BiblioWoodClock:13, Maple Clock
BiblioWoodsForestry:BiblioWoodClock:14, Palm Clock
BiblioWoodsForestry:BiblioWoodClock:15, Papaya Clock
BiblioWoodsForestry:BiblioWoodClock2:0, Pine Clock
BiblioWoodsForestry:BiblioWoodClock2:1, Plum Clock
BiblioWoodsForestry:BiblioWoodClock2:2, Poplar Clock
BiblioWoodsForestry:BiblioWoodClock2:3, Sequoia Clock
BiblioWoodsForestry:BiblioWoodClock2:4, Teak Clock
BiblioWoodsForestry:BiblioWoodClock2:5, Walnut Clock
BiblioWoodsForestry:BiblioWoodClock2:6, Wenge Clock
BiblioWoodsForestry:BiblioWoodClock2:7, Willow Clock
BiblioWoodsForestry:BiblioWoodPaintingT0:0, Acacia Painting Frame
BiblioWoodsForestry:BiblioWoodPaintingT0:1, Balsa Painting Frame
BiblioWoodsForestry:BiblioWoodPaintingT0:2, Baobab Painting Frame
BiblioWoodsForestry:BiblioWoodPaintingT0:3, Cherry Painting Frame
BiblioWoodsForestry:BiblioWoodPaintingT0:4, Chestnut Painting Frame
BiblioWoodsForestry:BiblioWoodPaintingT0:5, Citrus Painting Frame
BiblioWoodsForestry:BiblioWoodPaintingT0:6, Ebony Painting Frame
BiblioWoodsForestry:BiblioWoodPaintingT0:7, Greenheart Painting Frame
BiblioWoodsForestry:BiblioWoodPaintingT0:8, Kapok Painting Frame
BiblioWoodsForestry:BiblioWoodPaintingT0:9, Larch Painting Frame
BiblioWoodsForestry:BiblioWoodPaintingT0:10, Lime Painting Frame
BiblioWoodsForestry:BiblioWoodPaintingT0:11, Mahoe Painting Frame
BiblioWoodsForestry:BiblioWoodPaintingT0:12, Mahogany Painting Frame
BiblioWoodsForestry:BiblioWoodPaintingT0:13, Maple Painting Frame
BiblioWoodsForestry:BiblioWoodPaintingT0:14, Palm Painting Frame
BiblioWoodsForestry:BiblioWoodPaintingT0:15, Papaya Painting Frame
BiblioWoodsForestry:BiblioWoodPaintingT1:0, Acacia Painting Frame
BiblioWoodsForestry:BiblioWoodPaintingT1:1, Balsa Painting Frame
BiblioWoodsForestry:BiblioWoodPaintingT1:2, Baobab Painting Frame
BiblioWoodsForestry:BiblioWoodPaintingT1:3, Cherry Painting Frame
BiblioWoodsForestry:BiblioWoodPaintingT1:4, Chestnut Painting Frame
BiblioWoodsForestry:BiblioWoodPaintingT1:5, Citrus Painting Frame
BiblioWoodsForestry:BiblioWoodPaintingT1:6, Ebony Painting Frame
BiblioWoodsForestry:BiblioWoodPaintingT1:7, Greenheart Painting Frame
BiblioWoodsForestry:BiblioWoodPaintingT1:8, Kapok Painting Frame
BiblioWoodsForestry:BiblioWoodPaintingT1:9, Larch Painting Frame
BiblioWoodsForestry:BiblioWoodPaintingT1:10, Lime Painting Frame
BiblioWoodsForestry:BiblioWoodPaintingT1:11, Mahoe Painting Frame
BiblioWoodsForestry:BiblioWoodPaintingT1:12, Mahogany Painting Frame
BiblioWoodsForestry:BiblioWoodPaintingT1:13, Maple Painting Frame
BiblioWoodsForestry:BiblioWoodPaintingT1:14, Palm Painting Frame
BiblioWoodsForestry:BiblioWoodPaintingT1:15, Papaya Painting Frame
BiblioWoodsForestry:BiblioWoodPaintingT2:0, Acacia Painting Frame
BiblioWoodsForestry:BiblioWoodPaintingT2:1, Balsa Painting Frame
BiblioWoodsForestry:BiblioWoodPaintingT2:2, Baobab Painting Frame
BiblioWoodsForestry:BiblioWoodPaintingT2:3, Cherry Painting Frame
BiblioWoodsForestry:BiblioWoodPaintingT2:4, Chestnut Painting Frame
BiblioWoodsForestry:BiblioWoodPaintingT2:5, Citrus Painting Frame
BiblioWoodsForestry:BiblioWoodPaintingT2:6, Ebony Painting Frame
BiblioWoodsForestry:BiblioWoodPaintingT2:7, Greenheart Painting Frame
BiblioWoodsForestry:BiblioWoodPaintingT2:8, Kapok Painting Frame
BiblioWoodsForestry:BiblioWoodPaintingT2:9, Larch Painting Frame
BiblioWoodsForestry:BiblioWoodPaintingT2:10, Lime Painting Frame
BiblioWoodsForestry:BiblioWoodPaintingT2:11, Mahoe Painting Frame
BiblioWoodsForestry:BiblioWoodPaintingT2:12, Mahogany Painting Frame
BiblioWoodsForestry:BiblioWoodPaintingT2:13, Maple Painting Frame
BiblioWoodsForestry:BiblioWoodPaintingT2:14, Palm Painting Frame
BiblioWoodsForestry:BiblioWoodPaintingT2:15, Papaya Painting Frame
BiblioWoodsForestry:BiblioWoodPaintingT3:0, Acacia Painting Frame
BiblioWoodsForestry:BiblioWoodPaintingT3:1, Balsa Painting Frame
BiblioWoodsForestry:BiblioWoodPaintingT3:2, Baobab Painting Frame
BiblioWoodsForestry:BiblioWoodPaintingT3:3, Cherry Painting Frame
BiblioWoodsForestry:BiblioWoodPaintingT3:4, Chestnut Painting Frame
BiblioWoodsForestry:BiblioWoodPaintingT3:5, Citrus Painting Frame
BiblioWoodsForestry:BiblioWoodPaintingT3:6, Ebony Painting Frame
BiblioWoodsForestry:BiblioWoodPaintingT3:7, Greenheart Painting Frame
BiblioWoodsForestry:BiblioWoodPaintingT3:8, Kapok Painting Frame
BiblioWoodsForestry:BiblioWoodPaintingT3:9, Larch Painting Frame
BiblioWoodsForestry:BiblioWoodPaintingT3:10, Lime Painting Frame
BiblioWoodsForestry:BiblioWoodPaintingT3:11, Mahoe Painting Frame
BiblioWoodsForestry:BiblioWoodPaintingT3:12, Mahogany Painting Frame
BiblioWoodsForestry:BiblioWoodPaintingT3:13, Maple Painting Frame
BiblioWoodsForestry:BiblioWoodPaintingT3:14, Palm Painting Frame
BiblioWoodsForestry:BiblioWoodPaintingT3:15, Papaya Painting Frame
BiblioWoodsForestry:BiblioWoodPaintingT4:0, Acacia Painting Frame
BiblioWoodsForestry:BiblioWoodPaintingT4:1, Balsa Painting Frame
BiblioWoodsForestry:BiblioWoodPaintingT4:2, Baobab Painting Frame
BiblioWoodsForestry:BiblioWoodPaintingT4:3, Cherry Painting Frame
BiblioWoodsForestry:BiblioWoodPaintingT4:4, Chestnut Painting Frame
BiblioWoodsForestry:BiblioWoodPaintingT4:5, Citrus Painting Frame
BiblioWoodsForestry:BiblioWoodPaintingT4:6, Ebony Painting Frame
BiblioWoodsForestry:BiblioWoodPaintingT4:7, Greenheart Painting Frame
BiblioWoodsForestry:BiblioWoodPaintingT4:8, Kapok Painting Frame
BiblioWoodsForestry:BiblioWoodPaintingT4:9, Larch Painting Frame
BiblioWoodsForestry:BiblioWoodPaintingT4:10, Lime Painting Frame
BiblioWoodsForestry:BiblioWoodPaintingT4:11, Mahoe Painting Frame
BiblioWoodsForestry:BiblioWoodPaintingT4:12, Mahogany Painting Frame
BiblioWoodsForestry:BiblioWoodPaintingT4:13, Maple Painting Frame
BiblioWoodsForestry:BiblioWoodPaintingT4:14, Palm Painting Frame
BiblioWoodsForestry:BiblioWoodPaintingT4:15, Papaya Painting Frame
BiblioWoodsForestry:BiblioWoodPaintingT0b:0, Pine Painting Frame
BiblioWoodsForestry:BiblioWoodPaintingT0b:1, Plum Painting Frame
BiblioWoodsForestry:BiblioWoodPaintingT0b:2, Poplar Painting Frame
BiblioWoodsForestry:BiblioWoodPaintingT0b:3, Sequoia Painting Frame
BiblioWoodsForestry:BiblioWoodPaintingT0b:4, Teak Painting Frame
BiblioWoodsForestry:BiblioWoodPaintingT0b:5, Walnut Painting Frame
BiblioWoodsForestry:BiblioWoodPaintingT0b:6, Wenge Painting Frame
BiblioWoodsForestry:BiblioWoodPaintingT0b:7, Willow Painting Frame
BiblioWoodsForestry:BiblioWoodPaintingT1b:0, Pine Painting Frame
BiblioWoodsForestry:BiblioWoodPaintingT1b:1, Plum Painting Frame
BiblioWoodsForestry:BiblioWoodPaintingT1b:2, Poplar Painting Frame
BiblioWoodsForestry:BiblioWoodPaintingT1b:3, Sequoia Painting Frame
BiblioWoodsForestry:BiblioWoodPaintingT1b:4, Teak Painting Frame
BiblioWoodsForestry:BiblioWoodPaintingT1b:5, Walnut Painting Frame
BiblioWoodsForestry:BiblioWoodPaintingT1b:6, Wenge Painting Frame
BiblioWoodsForestry:BiblioWoodPaintingT1b:7, Willow Painting Frame
BiblioWoodsForestry:BiblioWoodPaintingT2b:0, Pine Painting Frame
BiblioWoodsForestry:BiblioWoodPaintingT2b:1, Plum Painting Frame
BiblioWoodsForestry:BiblioWoodPaintingT2b:2, Poplar Painting Frame
BiblioWoodsForestry:BiblioWoodPaintingT2b:3, Sequoia Painting Frame
BiblioWoodsForestry:BiblioWoodPaintingT2b:4, Teak Painting Frame
BiblioWoodsForestry:BiblioWoodPaintingT2b:5, Walnut Painting Frame
BiblioWoodsForestry:BiblioWoodPaintingT2b:6, Wenge Painting Frame
BiblioWoodsForestry:BiblioWoodPaintingT2b:7, Willow Painting Frame
BiblioWoodsForestry:BiblioWoodPaintingT3b:0, Pine Painting Frame
BiblioWoodsForestry:BiblioWoodPaintingT3b:1, Plum Painting Frame
BiblioWoodsForestry:BiblioWoodPaintingT3b:2, Poplar Painting Frame
BiblioWoodsForestry:BiblioWoodPaintingT3b:3, Sequoia Painting Frame
BiblioWoodsForestry:BiblioWoodPaintingT3b:4, Teak Painting Frame
BiblioWoodsForestry:BiblioWoodPaintingT3b:5, Walnut Painting Frame
BiblioWoodsForestry:BiblioWoodPaintingT3b:6, Wenge Painting Frame
BiblioWoodsForestry:BiblioWoodPaintingT3b:7, Willow Painting Frame
BiblioWoodsForestry:BiblioWoodPaintingT4b:0, Pine Painting Frame
BiblioWoodsForestry:BiblioWoodPaintingT4b:1, Plum Painting Frame
BiblioWoodsForestry:BiblioWoodPaintingT4b:2, Poplar Painting Frame
BiblioWoodsForestry:BiblioWoodPaintingT4b:3, Sequoia Painting Frame
BiblioWoodsForestry:BiblioWoodPaintingT4b:4, Teak Painting Frame
BiblioWoodsForestry:BiblioWoodPaintingT4b:5, Walnut Painting Frame
BiblioWoodsForestry:BiblioWoodPaintingT4b:6, Wenge Painting Frame
BiblioWoodsForestry:BiblioWoodPaintingT4b:7, Willow Painting Frame
biggercraftingtables:BiggerCraftingTables:0, Big Crafting Table
biggercraftingtables:BiggerCraftingTables:1, Huge Crafting Table
biggercraftingtables:AutoBiggerCraftingTables:0, Auto Big Crafting Table
biggercraftingtables:AutoBiggerCraftingTables:1, Auto Huge Crafting Table
BigReactors:YelloriteOre:0, Yellorite Ore
BigReactors:BRMetalBlock:0, Yellorium Block
BigReactors:BRMetalBlock:1, Cyanite Block
BigReactors:BRMetalBlock:2, Graphite Block
BigReactors:BRMetalBlock:3, Blutonium Block
BigReactors:BRMetalBlock:4, Ludicrite Block
BigReactors:YelloriumFuelRod, Yellorium Fuel Rod
BigReactors:BRReactorPart:0, Reactor Casing
BigReactors:BRReactorPart:1, Reactor Controller
BigReactors:BRReactorPart:2, Reactor Control Rod
BigReactors:BRReactorPart:3, Reactor Power Tap
BigReactors:BRReactorPart:4, Reactor Access Port
BigReactors:BRReactorPart:5, Reactor Coolant Port
BigReactors:BRReactorPart:6, Reactor RedNet Port
BigReactors:BRReactorPart:7, Reactor Computer Port
BigReactors:BRMultiblockGlass:0, Reactor Glass
BigReactors:BRMultiblockGlass:1, Turbine Glass
BigReactors:BRReactorRedstonePort, Reactor Redstone Port
BigReactors:BRTurbinePart:0, Turbine Housing
BigReactors:BRTurbinePart:1, Turbine Controller
BigReactors:BRTurbinePart:2, Turbine Power Port
BigReactors:BRTurbinePart:3, Turbine Fluid Port
BigReactors:BRTurbinePart:4, Turbine Rotor Bearing
BigReactors:BRTurbinePart:5, Turbine Computer Port
BigReactors:BRTurbineRotorPart:0, Turbine Rotor Shaft
BigReactors:BRTurbineRotorPart:1, Turbine Rotor Blade
BigReactors:BRDevice:0, Cyanite Reprocesssor
BigReactors:tile.fluid.yellorium.still, Fluid Yellorium
BigReactors:tile.fluid.cyanite.still, Fluid Cyanite
BigReactors:BRMultiblockCreativePart:0, Reactor Creative Coolant Port
BigReactors:BRMultiblockCreativePart:1, Turbine Creative Steam Generator
TConstruct:liquid.slime, Liquified Slime
TConstruct:MeatBlock, Hambone
TConstruct:WoolSlab1:0, Light Gray Wool Slab
TConstruct:WoolSlab1:1, Cyan Wool Slab
TConstruct:WoolSlab1:2, Purple Wool Slab
TConstruct:WoolSlab1:3, Blue Wool Slab
TConstruct:WoolSlab1:4, Brown Wool Slab
TConstruct:WoolSlab1:5, Green Wool Slab
TConstruct:WoolSlab1:6, Red Wool Slab
TConstruct:WoolSlab1:7, Black Wool Slab
TConstruct:WoolSlab2:0, Gray Wool Slab
TConstruct:WoolSlab2:1, Gray Wool Slab
TConstruct:WoolSlab2:2, Gray Wool Slab
TConstruct:WoolSlab2:3, Gray Wool Slab
TConstruct:WoolSlab2:4, Gray Wool Slab
TConstruct:WoolSlab2:5, Gray Wool Slab
TConstruct:WoolSlab2:6, Gray Wool Slab
TConstruct:WoolSlab2:7, Gray Wool Slab
TConstruct:trap.punji, Punji Stick
TConstruct:trap.barricade.oak, Oak Barricade
TConstruct:trap.barricade.spruce, Spruce Barricade
TConstruct:trap.barricade.birch, Birch Barricade
TConstruct:trap.barricade.jungle, Jungle Barricade
TConstruct:explosive.slime:0, SDX
TConstruct:explosive.slime:2, SDX
TConstruct:slime.gel:0, Congealed Blue Slime
TConstruct:slime.gel:1, Congealed Green Slime
TConstruct:slime.gel:2, Congealed Purple Slime
TConstruct:slime.grass:0, Slimy Grass
TConstruct:slime.grass.tall:0, Slimy Grass
TConstruct:slime.leaves:0, Slimy Leaves
TConstruct:slime.sapling:0, Slimy Sapling
TConstruct:slime.channel, Slime Channel
TConstruct:blood.channel, Blood Channel
TConstruct:slime.pad, Bounce Pad
TConstruct:decoration.stonetorch, Torch
TConstruct:decoration.stoneladder, Ladder
TConstruct:decoration.multibrick:0, Obsidian Brick
TConstruct:decoration.multibrick:1, Sandstone Brick
TConstruct:decoration.multibrick:2, Netherrack Brick
TConstruct:decoration.multibrick:3, Polished Stone Brick
TConstruct:decoration.multibrick:4, Iron Brick
TConstruct:decoration.multibrick:5, Gold Brick
TConstruct:decoration.multibrick:6, Lapis Brick
TConstruct:decoration.multibrick:7, Diamond Brick
TConstruct:decoration.multibrick:8, Redstone Brick
TConstruct:decoration.multibrick:9, Bone Brick
TConstruct:decoration.multibrick:10, Slime Brick
TConstruct:decoration.multibrick:11, Slime Brick
TConstruct:decoration.multibrick:12, Endstone Brick
TConstruct:decoration.multibrick:13, Obsidian Brick
TConstruct:decoration.multibrickfancy:0, Fancy Obsidian Brick
TConstruct:decoration.multibrickfancy:1, Fancy Sandstone Brick
TConstruct:decoration.multibrickfancy:2, Fancy Netherrack Brick
TConstruct:decoration.multibrickfancy:3, Fancy Polished Stone Brick
TConstruct:decoration.multibrickfancy:4, Fancy Iron Brick
TConstruct:decoration.multibrickfancy:5, Fancy Gold Brick
TConstruct:decoration.multibrickfancy:6, Fancy Lapis Brick
TConstruct:decoration.multibrickfancy:7, Fancy Diamond Brick
TConstruct:decoration.multibrickfancy:8, Fancy Redstone Brick
TConstruct:decoration.multibrickfancy:9, Fancy Bone Brick
TConstruct:decoration.multibrickfancy:10, Fancy Slime Brick
TConstruct:decoration.multibrickfancy:11, Fancy Slime Brick
TConstruct:decoration.multibrickfancy:12, Fancy Endstone Brick
TConstruct:decoration.multibrickfancy:13, Fancy Obsidian Brick
TConstruct:decoration.multibrickfancy:14, Fancy Stone Brick
TConstruct:decoration.multibrickfancy:15, Stone Road
TConstruct:decoration.multibrickmetal:0, Alumite Brick
TConstruct:decoration.multibrickmetal:1, Ardite Brick
TConstruct:decoration.multibrickmetal:2, Cobalt Brick
TConstruct:decoration.multibrickmetal:3, Manyullyn Brick
TConstruct:decoration.multibrickmetal:4, Fancy Alumite Brick
TConstruct:decoration.multibrickmetal:5, Fancy Ardite Brick
TConstruct:decoration.multibrickmetal:6, Fancy Cobalt Brick
TConstruct:decoration.multibrickmetal:7, Fancy Manyullyn Brick
TConstruct:ore.berries.one:8, Iron Oreberry Bush
TConstruct:ore.berries.one:9, Gold Oreberry Bush
TConstruct:ore.berries.one:10, Copper Oreberry Bush
TConstruct:ore.berries.one:11, Tin Oreberry Bush
TConstruct:ore.berries.two:8, Aluminum Oreberry Bush
TConstruct:ore.berries.two:9, Essence Berry Bush
TConstruct:SearedBrick:1, Cobalt Ore
TConstruct:SearedBrick:2, Ardite Ore
TConstruct:SearedBrick:3, Copper Ore
TConstruct:SearedBrick:4, Tin Ore
TConstruct:SearedBrick:5, Aluminum Ore
TConstruct:GravelOre:0, Iron Gravel Ore
TConstruct:GravelOre:1, Gold Gravel Ore
TConstruct:GravelOre:2, Copper Gravel Ore
TConstruct:GravelOre:3, Tin Gravel Ore
TConstruct:GravelOre:4, Aluminum Gravel Ore
TConstruct:GravelOre:5, Cobalt Gravel Ore
TConstruct:rail.wood, Wooden Rail
TConstruct:MetalBlock:0, Block of Cobalt
TConstruct:MetalBlock:1, Block of Ardite
TConstruct:MetalBlock:2, Block of Manyullyn
TConstruct:MetalBlock:3, Block of Copper
TConstruct:MetalBlock:4, Block of Bronze
TConstruct:MetalBlock:5, Block of Tin
TConstruct:MetalBlock:6, Block of Aluminum
TConstruct:MetalBlock:7, Block of Aluminum Brass
TConstruct:MetalBlock:8, Block of Alumite
TConstruct:MetalBlock:9, Block of Steel
TConstruct:MetalBlock:10, Block of Solid Ender
TConstruct:ToolStationBlock:0, Tool Station
TConstruct:ToolStationBlock:1, Part Builder
TConstruct:ToolStationBlock:2, Part Builder
TConstruct:ToolStationBlock:3, Part Builder
TConstruct:ToolStationBlock:4, Part Builder
TConstruct:ToolStationBlock:5, Pattern Chest
TConstruct:ToolStationBlock:10, Stencil Table
TConstruct:ToolStationBlock:11, Stencil Table
TConstruct:ToolStationBlock:12, Stencil Table
TConstruct:ToolStationBlock:13, Stencil Table
TConstruct:ToolForgeBlock:0, Tool Forge
TConstruct:ToolForgeBlock:1, Tool Forge
TConstruct:ToolForgeBlock:2, Tool Forge
TConstruct:ToolForgeBlock:3, Tool Forge
TConstruct:ToolForgeBlock:4, Tool Forge
TConstruct:ToolForgeBlock:5, Tool Forge
TConstruct:ToolForgeBlock:6, Tool Forge
TConstruct:ToolForgeBlock:7, Tool Forge
TConstruct:ToolForgeBlock:8, Tool Forge
TConstruct:ToolForgeBlock:9, Tool Forge
TConstruct:ToolForgeBlock:10, Tool Forge
TConstruct:ToolForgeBlock:11, Tool Forge
TConstruct:ToolForgeBlock:12, Tool Forge
TConstruct:ToolForgeBlock:13, Tool Forge
TConstruct:CraftingStation, Crafting Station
TConstruct:CraftingSlab:0, Crafting Station
TConstruct:CraftingSlab:1, Tool Station
TConstruct:CraftingSlab:2, Part Builder
TConstruct:CraftingSlab:3, Stencil Table
TConstruct:CraftingSlab:4, Pattern Chest
TConstruct:CraftingSlab:5, Tool Forge
TConstruct:FurnaceSlab, Slab Furnace
TConstruct:HeldItemBlock, Frying Pan
TConstruct:BattleSignBlock, tile.Battlesign.name
TConstruct:CraftedSoil:0, Slimy Mud
TConstruct:CraftedSoil:1, Grout
TConstruct:CraftedSoil:2, Slimy Mud
TConstruct:CraftedSoil:3, Graveyard Soil
TConstruct:CraftedSoil:4, Consecrated Soil
TConstruct:CraftedSoil:5, Blue Slimedirt
TConstruct:CraftedSoil:6, Slime Soil
TConstruct:fluid.molten.iron, Molten Iron
TConstruct:fluid.molten.gold, Molten Gold
TConstruct:fluid.molten.copper, Molten Copper
TConstruct:fluid.molten.tin, Liquid Tin
TConstruct:fluid.molten.aluminum, Molten Aluminum
TConstruct:fluid.molten.cobalt, Molten Cobalt
TConstruct:fluid.molten.ardite, Molten Ardite
TConstruct:fluid.molten.bronze, Molten Bronze
TConstruct:fluid.molten.alubrass, Molten Aluminum Brass
TConstruct:fluid.molten.manyullyn, Molten Manyullyn
TConstruct:fluid.molten.alumite, Molten Alumite
TConstruct:fluid.molten.obsidian, Molten Obsidian
TConstruct:fluid.molten.steel, Molten Steel
TConstruct:fluid.molten.glass, Molten Glass
TConstruct:molten.stone, Seared Stone
TConstruct:molten.emerald, Liquified Emerald
TConstruct:molten.quartz, Molten Nether Quartz
TConstruct:fluid.molten.nickel, Molten Nickel
TConstruct:fluid.molten.lead, Molten Lead
TConstruct:fluid.molten.silver, Molten Silver
TConstruct:fluid.molten.shiny, Molten Shiny
TConstruct:fluid.molten.invar, Molten Invar
TConstruct:fluid.molten.electrum, Molten Electrum
TConstruct:fluid.ender, Liquified Ender
TConstruct:fluid.molten.lumium, Molten Lumium
TConstruct:fluid.molten.signalum, Molten Signalum
TConstruct:fluid.molten.mithril, Molten Mana Infused Metal
TConstruct:fluid.molten.enderium, Molten Enderium
TConstruct:liquid.blood, Blood
TConstruct:liquid.glue, Glue
TConstruct:fluid.molten.pigiron, Molten Pig Iron
TConstruct:SearedSlab:0, Seared Brick Slab
TConstruct:SearedSlab:1, Seared Stone Slab
TConstruct:SearedSlab:2, Seared Cobblestone Slab
TConstruct:SearedSlab:3, Seared Paver Slab
TConstruct:SearedSlab:4, Seared Road Slab
TConstruct:SearedSlab:5, Fancy Seared Slab
TConstruct:SearedSlab:6, Chiseled Seared Slab
TConstruct:SearedSlab:7, Chiseled Seared Slab
TConstruct:SpeedSlab:0, Rough Brownstone Slab
TConstruct:SpeedSlab:1, Brownstone Road Slab
TConstruct:SpeedSlab:2, Brownstone Slab
TConstruct:SpeedSlab:3, Brownstone Brick Slab
TConstruct:SpeedSlab:4, Brownstone Road Slab
TConstruct:SpeedSlab:5, Fancy Brownstone Slab
TConstruct:SpeedSlab:6, Chiseled Brownstone Slab
TConstruct:GlueBlock, Glue Block
TConstruct:Smeltery:0, Smeltery Controller
TConstruct:Smeltery:1, Smeltery Drain
TConstruct:Smeltery:2, Seared Bricks
TConstruct:Smeltery:4, Seared Stone
TConstruct:Smeltery:5, Seared Cobblestone
TConstruct:Smeltery:6, Seared Paver
TConstruct:Smeltery:7, Cracked Seared Bricks
TConstruct:Smeltery:8, Seared Road
TConstruct:Smeltery:9, Fancy Seared Bricks
TConstruct:Smeltery:10, Chiseled Seared Bricks
TConstruct:Smeltery:11, Chiseled Seared Bricks
TConstruct:SmelteryNether:0, Smeltery Controller
TConstruct:SmelteryNether:1, Smeltery Drain
TConstruct:SmelteryNether:2, Seared Bricks
TConstruct:SmelteryNether:4, Seared Stone
TConstruct:SmelteryNether:5, Seared Cobblestone
TConstruct:SmelteryNether:6, Seared Paver
TConstruct:SmelteryNether:7, Cracked Seared Bricks
TConstruct:SmelteryNether:8, Seared Road
TConstruct:SmelteryNether:9, Fancy Seared Bricks
TConstruct:SmelteryNether:10, Chiseled Seared Bricks
TConstruct:SmelteryNether:11, Chiseled Seared Bricks
TConstruct:LavaTank:0, Seared Tank
TConstruct:LavaTank:1, Seared Glass
TConstruct:LavaTank:2, Seared Window
TConstruct:LavaTankNether:0, Seared Tank
TConstruct:LavaTankNether:1, Seared Glass
TConstruct:LavaTankNether:2, Seared Window
TConstruct:SearedBlock:0, Casting Table
TConstruct:SearedBlock:1, Seared Faucet
TConstruct:SearedBlock:2, Casting Basin
TConstruct:SearedBlockNether:0, Casting Table
TConstruct:SearedBlockNether:1, Seared Faucet
TConstruct:SearedBlockNether:2, Casting Basin
TConstruct:CastingChannel:0, Casting Channel
TConstruct:CastingChannel:1, Casting Channel
TConstruct:SpeedBlock:0, Rough Brownstone
TConstruct:SpeedBlock:1, Brownstone Road
TConstruct:SpeedBlock:2, Brownstone
TConstruct:SpeedBlock:3, Brownstone Brick
TConstruct:SpeedBlock:4, Brownstone Road
TConstruct:SpeedBlock:5, Fancy Brownstone
TConstruct:SpeedBlock:6, Chiseled Brownstone
TConstruct:GlassBlock:0, Clear Glass
TConstruct:GlassPane:0, Clear Glass Pane
TConstruct:GlassBlock.StainedClear:0, White Stained Glass
TConstruct:GlassBlock.StainedClear:1, Orange Stained Glass
TConstruct:GlassBlock.StainedClear:2, Magenta Stained Glass
TConstruct:GlassBlock.StainedClear:3, Light Blue Stained Glass
TConstruct:GlassBlock.StainedClear:4, Yellow Stained Glass
TConstruct:GlassBlock.StainedClear:5, Lime Stained Glass
TConstruct:GlassBlock.StainedClear:6, Pink Stained Glass
TConstruct:GlassBlock.StainedClear:7, Gray Stained Glass
TConstruct:GlassBlock.StainedClear:8, Light Gray Stained Glass
TConstruct:GlassBlock.StainedClear:9, Cyan Stained Glass
TConstruct:GlassBlock.StainedClear:10, Purple Stained Glass
TConstruct:GlassBlock.StainedClear:11, Blue Stained Glass
TConstruct:GlassBlock.StainedClear:12, Brown Stained Glass
TConstruct:GlassBlock.StainedClear:13, Green Stained Glass
TConstruct:GlassBlock.StainedClear:14, Red Stained Glass
TConstruct:GlassBlock.StainedClear:15, Black Stained Glass
TConstruct:GlassPaneClearStained:0, White Stained Pane
TConstruct:GlassPaneClearStained:1, Orange Stained Pane
TConstruct:GlassPaneClearStained:2, Magenta Stained Pane
TConstruct:GlassPaneClearStained:3, Light Blue Stained Pane
TConstruct:GlassPaneClearStained:4, Yellow Stained Pane
TConstruct:GlassPaneClearStained:5, Lime Stained Pane
TConstruct:GlassPaneClearStained:6, Pink Stained Pane
TConstruct:GlassPaneClearStained:7, Gray Stained Pane
TConstruct:GlassPaneClearStained:8, Light Gray Stained Pane
TConstruct:GlassPaneClearStained:9, Cyan Stained Pane
TConstruct:GlassPaneClearStained:10, Purple Stained Pane
TConstruct:GlassPaneClearStained:11, Blue Stained Pane
TConstruct:GlassPaneClearStained:12, Brown Stained Pane
TConstruct:GlassPaneClearStained:13, Green Stained Pane
TConstruct:GlassPaneClearStained:14, Red Stained Pane
TConstruct:GlassPaneClearStained:15, Black Stained Pane
TConstruct:Redstone.Landmine:0, Landmine
TConstruct:Redstone.Landmine:1, Landmine
TConstruct:Redstone.Landmine:2, Landmine
TConstruct:Redstone.Landmine:3, Landmine
TConstruct:Armor.DryingRack, Drying Rack
BloodArsenal:blood_stone:0, Blank Blood Stone
BloodArsenal:blood_stone:1, Reinforced Blood Stone
BloodArsenal:blood_stone:2, Imbued Blood Stone
BloodArsenal:blood_stone:3, Demonic Blood Stone
BloodArsenal:blood_stone:4, Ethereal Blood Stone
BloodArsenal:blood_tnt, Blood TNT
BloodArsenal:blood_stained_glass, Blood Stained Glass
BloodArsenal:blood_infused_wood, Blood Infused Wood
BloodArsenal:blood_infused_planks, Blood Infused Wooden Plank
BloodArsenal:blood_stained_ice, Blood Stained Ice
BloodArsenal:blood_stained_ice_packed, Blood Stained Packed Ice
BloodArsenal:blood_infused_iron_block, Blood Infused Iron Block
BloodArsenal:blood_cake, Blood Cake
BloodArsenal:blood_torch, Blood Torch
BloodArsenal:blood_infused_glowstone, Blood Infused Glowstone
BloodArsenal:blood_lamp, Blood Lamp
BloodArsenal:blood_infused_diamond_block, Blood Infused Diamond Block
BloodArsenal:portable_altar, Portable Altar
BloodArsenal:life_infuser, Life Infuser
BloodArsenal:compacter, Soul Compacter
BloodArsenal:lp_materializer, Life Essence Materializer
BloodArsenal:compacted_mrs, Compacted Master Ritual Stone
BloodArsenal:block_burned_string, Blood Burned String
redgear_brewcraft:RedGear.Brewcraft.Brewery:0, Brewery
redgear_brewcraft:RedGear.Brewcraft.Machine:0, Sprayer
redgear_brewcraft:RedGear.Brewcraft.Bottlers:0, Bottler
redgear_brewcraft:RedGear.Brewcraft.Bottlers:1, Unbottler
redgear_brewcraft:RedGear.Brewcraft.Kegs:0, Oak Keg
redgear_brewcraft:RedGear.Brewcraft.Kegs:1, Birch Keg
redgear_brewcraft:RedGear.Brewcraft.Kegs:2, Jungle Keg
redgear_brewcraft:RedGear.Brewcraft.Kegs:3, Spruce Keg
redgear_brewcraft:RedGear.Brewcraft.Kegs:4, Dark Oak Keg
redgear_brewcraft:RedGear.Brewcraft.Kegs:5, Acacia Keg
redgear_brewcraft:RedGear.Brewcraft.Kegs:6, Iron Keg
redgear_brewcraft:RedGear.Brewcraft.Kegs:7, Slime-Sealed Keg
redgear_brewcraft:RedGear.Brewcraft.Kegs:8, Plated Keg
redgear_brewcraft:RedGear.Brewcraft.Kegs:9, Steel Keg
redgear_brewcraft:RedGear.Brewcraft.Kegs:10, Copper Keg
redgear_brewcraft:RedGear.Brewcraft.Kegs:11, Silver Keg
redgear_brewcraft:RedGear.Brewcraft.Kegs:12, Tungsten Keg
redgear_brewcraft:RedGear.Brewcraft.Kegs:13, Brass Keg
redgear_brewcraft:RedGear.Brewcraft.Kegs:14, Rubber-Sealed Keg
brewingapi:brewingapi_brewingStandBlock2, Brewing Stand
buildersguides:block.target, Target
buildersguides:block.laserMarker, Laser Marker
buildersguides:block.axisMarker, Axis Marker
buildersguides:block.coordMarker, Coordinate Marker
buildersguides:block.skyMarker, Sky Marker
buildersguides:block.chunkMarker, Chunk Marker
buildersguides:block.direMarker, Dire Marker
buildersguides:block.centerMarker, Center Marker
buildersguides:block.rangeMarker, Range Marker
buildersguides:block.multiRangeMarker, Multi-Range Marker
buildersguides:block.targetMarker, Target Marker
buildersguides:block.multiTargetMarker, Multi-Target Marker
buildersguides:block.advancedMarker, Advanced Marker
bunkermod:armouredBlock, Armoured Block
bunkermod:armouredStairs, Armoured Stairs
bunkermod:armouredBlockSlab, Armoured Slab
bunkermod:armouredFence, Armoured Fence
bunkermod:armouredFenceGate, Armoured Gate
bunkermod:armouredBlockDoubleSlab, Armoured Double Slab
bunkermod:armouredTrapdoor, Armoured Trapdoor
bunkermod:armouredGlass, Armoured Glass
bunkermod:armouredGlassPane, Armoured Glass Pane
bunkermod:armouredLadder, Armoured Ladder
bunkermod:armouredBars, Armoured Bars
bunkermod:armouredChestt, Armoured Chest
bunkermod:klocek, Cave Spider Blockade
bunkermod:toor, Armoured Window
bunkermod:armouredDoorBlock, Armoured Door
bunkermod:armouredRail, Armoured Rail
bunkermod:armouredButtonWood, Oak Wood Planks
bunkermod:armouredButtonStone, Stone
bunkermod:armouredButtonStoneBrick, Stone Bricks
bunkermod:armouredButtonCobble, Cobblestone
bunkermod:armouredButton2, Armoured Block
bunkermod:armouredDoorBlockStoneBrick, Stone Bricks
bunkermod:armouredDoorBlockStone, Stone
bunkermod:armouredDoorBlockBook, Bookshelf
bunkermod:armouredDoorBlockWood, Oak Wood Planks
bunkermod:armouredDoorBlockBirch, Birch Wood Planks
Calculator:reinforcedstoneBlock, Reinforced Stone
Calculator:ReinforcedStoneStairs, Reinforced Stone Stairs
Calculator:ReinforcedStoneFence, Reinforced Stone Fence
Calculator:reinforcedstoneBrick, Reinforced Stone Bricks
Calculator:ReinforcedStoneBrickStairs, Reinforced Stone Brick Stairs
Calculator:ReinforcedStoneBrickFence, Reinforced Stone Brick Fence
Calculator:reinforceddirtBlock, Reinforced Dirt
Calculator:ReinforcedDirtStairs, Reinforced Dirt Stairs
Calculator:ReinforcedDirtFence, Reinforced Dirt Fence
Calculator:reinforceddirtBrick, Reinforced Dirt Bricks
Calculator:ReinforcedDirtBrickStairs, Reinforced Dirt Brick Stairs
Calculator:ReinforcedDirtBrickFence, Reinforced Dirt Brick Fence
Calculator:stablestoneBlock:0, Stable Stone
Calculator:stablestoneBlock:1, Orange Stable Stone
Calculator:stablestoneBlock:2, Magenta Stable Stone
Calculator:stablestoneBlock:3, Light Blue Stable Stone
Calculator:stablestoneBlock:4, Yellow Stable Stone
Calculator:stablestoneBlock:5, Lime Stable Stone
Calculator:stablestoneBlock:6, Pink Stable Stone
Calculator:stablestoneBlock:7, Plain Stable Stone
Calculator:stablestoneBlock:8, Light Stable Stone
Calculator:stablestoneBlock:9, Cyan Stable Stone
Calculator:stablestoneBlock:10, Purple Stable Stone
Calculator:stablestoneBlock:11, Blue Stable Stone
Calculator:stablestoneBlock:12, Brown Stable Stone
Calculator:stablestoneBlock:13, Green Stable Stone
Calculator:stablestoneBlock:14, Red Stable Stone
Calculator:stablestoneBlock:15, Black Stable Stone
Calculator:stablestonerimmedBlock:0, Rimmed Stable Stone
Calculator:stablestonerimmedBlock:1, Orange Rimmed Stable Stone
Calculator:stablestonerimmedBlock:2, Magenta Rimmed Stable Stone
Calculator:stablestonerimmedBlock:3, Light Blue Rimmed Stable Stone
Calculator:stablestonerimmedBlock:4, Yellow Rimmed Stable Stone
Calculator:stablestonerimmedBlock:5, Lime Rimmed Stable Stone
Calculator:stablestonerimmedBlock:6, Pink Rimmed Stable Stone
Calculator:stablestonerimmedBlock:7, Plain Rimmed Stable Stone
Calculator:stablestonerimmedBlock:8, Light Rimmed Stable Stone
Calculator:stablestonerimmedBlock:9, Cyan Rimmed Stable Stone
Calculator:stablestonerimmedBlock:10, Purple Rimmed Stable Stone
Calculator:stablestonerimmedBlock:11, Blue Rimmed Stable Stone
Calculator:stablestonerimmedBlock:12, Brown Rimmed Stable Stone
Calculator:stablestonerimmedBlock:13, Green Rimmed Stable Stone
Calculator:stablestonerimmedBlock:14, Red Rimmed Stable Stone
Calculator:stablestonerimmedBlock:15, Black Rimmed Stable Stone
Calculator:stablestonerimmedblackBlock:0, Rimmed Black Stable Stone
Calculator:stablestonerimmedblackBlock:1, Orange Rimmed Black Stable Stone
Calculator:stablestonerimmedblackBlock:2, Magenta Rimmed Black Stable Stone
Calculator:stablestonerimmedblackBlock:3, Light Blue Rimmed Black Stable Stone
Calculator:stablestonerimmedblackBlock:4, Yellow Rimmed Black  Stable Stone
Calculator:stablestonerimmedblackBlock:5, Lime Rimmed Black Stable Stone
Calculator:stablestonerimmedblackBlock:6, Pink Rimmed Black Stable Stone
Calculator:stablestonerimmedblackBlock:7, Plain Rimmed Black Stable Stone
Calculator:stablestonerimmedblackBlock:8, Light Rimmed Black Stable Stone
Calculator:stablestonerimmedblackBlock:9, Cyan Rimmed Black Stable Stone
Calculator:stablestonerimmedblackBlock:10, Purple Rimmed Black Stable Stone
Calculator:stablestonerimmedblackBlock:11, Blue Rimmed Black Stable Stone
Calculator:stablestonerimmedblackBlock:12, Brown Rimmed Black Stable Stone
Calculator:stablestonerimmedblackBlock:13, Green Rimmed Black Stable Stone
Calculator:stablestonerimmedblackBlock:14, Red Rimmed Black Stable Stone
Calculator:stablestonerimmedblackBlock:15, Black Rimmed Black Stable Stone
Calculator:StableGlass, Stable Glass
Calculator:ClearStableGlass, Clear Stable Glass
Calculator:FlawlessGlass, Flawless Glass
Calculator:purifiedobsidianBlock, Purified Obsidian
Calculator:PCubeIdle, Power Cube
Calculator:AdvancedPCubeIdle, Advanced Power Cube
Calculator:atomiccalculatorBlock, Atomic Calculator
Calculator:dynamiccalculatorBlock, Dynamic Calculator
Calculator:ReinforcedFurnace, Reinforced Furnace
Calculator:StoneSeperatorIdle, Stone Separator
Calculator:AlgorithmSeperatorIdle, Algorithm Separator
Calculator:HungerProcessor, Hunger Processor
Calculator:HealthProcessor, Health Processor
Calculator:DockingStation, Docking Station
Calculator:AtomicMultiplier, Atomic Multiplier
Calculator:ExtractionChamber, Extraction Chamber
Calculator:RestorationChamber, Restoration Chamber
Calculator:ReassemblyChamber, Reassembly Chamber
Calculator:PrecisionChamber, Precision Chamber
Calculator:ProcessingChamber, Processing Chamber
Calculator:AnalysingChamber, Analysing Chamber
Calculator:StorageChamber, Storage Chamber
Calculator:ResearchChamber, Research Chamber
Calculator:BasicGreenhouse, Basic Greenhouse
Calculator:AdvancedGreenhouse, Advanced Greenhouse
Calculator:FlawlessGreenhouse, Flawless Greenhouse
Calculator:CO2Generator, Carbon Dioxide Generator
Calculator:FluxPlug, Flux Plug
Calculator:FluxPoint, Flux Point
Calculator:FluxController, Flux Controller
Calculator:CalculatorTeleporter, Teleporter
Calculator:CalculatorLocator, Calculator Locator
Calculator:CalculatorPlug, Calculator Plug
Calculator:ConductorMast, Conductor Mast
Calculator:ConductorMastBlock, Conductor Mast
Calculator:WeatherStation, Weather Station
Calculator:WeatherStationBlock, Weather Station
Calculator:Transmitter, Transmitter
Calculator:TransmitterBlock, Transmitter
Calculator:starchextractor, Starch Extractor
Calculator:redstoneextractor, Redstone Extractor
Calculator:glowstoneextractor, Glowstone Extractor
Calculator:CrankedGenerator, Hand Cranked Generator
Calculator:Crank, Crank Handle
Calculator:MagneticFlux, Magnetic Flux
Calculator:WeatherController, Weather Controller
Calculator:RainSensor, Rain Sensor
Calculator:StoneAssimilator, Stone Assimilator
Calculator:AlgorithmAssimilator, Algorithm Assimilator
Calculator:LanternOn, Gas Lantern
Calculator:LanternBasic, Lantern
Calculator:LanternOff, Gas Lantern
Calculator:Scarecrow, Scarecrow
Calculator:ScarecrowBlock, Scarecrow
Calculator:AmethystLog, Amethyst Wood
Calculator:AmethystPlanks, Amethyst Planks
Calculator:AmethystStairs, Amethyst Stairs
Calculator:AmethystFence, Amethyst Fence
Calculator:AmethystLeaf, Amethyst Leaves
Calculator:AmethystSapling, Amethyst Sapling
Calculator:TanzaniteLog, Tanzanite Wood
Calculator:TanzanitePlanks, Tanzanite Planks
Calculator:TanzaniteStairs, Tanzanite Stairs
Calculator:TanzaniteFence, Tanzanite Fence
Calculator:TanzaniteLeaf, Tanzanite Leaves
Calculator:TanzaniteSapling, Tanzanite Sapling
Calculator:PearLog, Pear Wood
Calculator:PearPlanks, Pear Planks
Calculator:PearStairs, Pear Stairs
Calculator:PearFence, Pear Fence
Calculator:PearLeaf, Pear Leaves
Calculator:PearSapling, Pear Sapling
Calculator:DiamondLog, Diamond Wood
Calculator:DiamondPlanks, Diamond Planks
Calculator:DiamondStairs, Diamond Stairs
Calculator:DiamondFence, Diamond Fence
Calculator:DiamondLeaf, Diamond Leaves
Calculator:DiamondSapling, Diamond Sapling
Calculator:AmethystBlock, Amethyst Block
Calculator:TanzaniteBlock, Tanzanite Block
Calculator:EnrichedBlock, Enriched Gold Block
Calculator:ReinforcedBlock, Reinforced Iron Block
Calculator:WeakenedBlock, Weakened Diamond Block
Calculator:FlawlessBlock, Flawless Diamond Block
Calculator:FlawlessFireBlock, Fire Diamond Block
Calculator:ElectricBlock, Electric Diamond Block
Calculator:EndBlock, End Diamond Block
Calculator:calculatorScreen, tile.calculatorScreen.name
Calculator:BroccoliPlant, Broccoli Plant
Calculator:PrunaePlant, Prunae Plant
Calculator:FiddledewPlant, Fiddledew Plant
CarpentersBlocks:blockCarpentersBlock, Carpenter's Block
CarpentersBlocks:blockCarpentersBarrier, Carpenter's Barrier
CarpentersBlocks:blockCarpentersBed, Carpenter's Bed
CarpentersBlocks:blockCarpentersButton, Carpenter's Button
CarpentersBlocks:blockCarpentersCollapsibleBlock, Carpenter's Collapsible Block
CarpentersBlocks:blockCarpentersDaylightSensor, Carpenter's Daylight Sensor
CarpentersBlocks:blockCarpentersDoor, Carpenter's Door
CarpentersBlocks:blockCarpentersFlowerPot, Carpenter's Flower Pot
CarpentersBlocks:blockCarpentersGarageDoor, Carpenter's Garage Door
CarpentersBlocks:blockCarpentersGate, Carpenter's Gate
CarpentersBlocks:blockCarpentersHatch, Carpenter's Hatch
CarpentersBlocks:blockCarpentersLadder, Carpenter's Ladder
CarpentersBlocks:blockCarpentersLever, Carpenter's Lever
CarpentersBlocks:blockCarpentersPressurePlate, Carpenter's Pressure Plate
CarpentersBlocks:blockCarpentersSafe, Carpenter's Safe
CarpentersBlocks:blockCarpentersSlope:0, Carpenter's Wedge Slope
CarpentersBlocks:blockCarpentersSlope:1, Carpenter's Oblique Interior Slope
CarpentersBlocks:blockCarpentersSlope:2, Carpenter's Oblique Exterior Slope
CarpentersBlocks:blockCarpentersSlope:3, Carpenter's Prism Slope
CarpentersBlocks:blockCarpentersSlope:4, Carpenter's Prism Wedge Slope
CarpentersBlocks:blockCarpentersStairs, Carpenter's Stairs
CarpentersBlocks:blockCarpentersTorch, Carpenter's Torch
castleblocks:castle_bricks, Castle Bricks
castleblocks:sandstone_castle_bricks, Sandstone Castle Bricks
cp:BlockReinforcedBrick, Reinforced Brick
cp:BlockReinforcedStone, Reinforced Stone
cp:BlockSoftReinforcedBrick, Soft Reinforced Brick
cp:BlockSoftReinforcedStone, Soft Reinforced Stone
cp:BlockFormedReinforcedBrick, Formed Reinforced Brick
cp:BlockFormedReinforcedStone, Formed Reinforced Stone
catwalks:sturdy_rail, Sturdy Rail
catwalks:sturdy_rail_powered, Sturdy Powered Rail
catwalks:sturdy_rail_detector, Sturdy Detector Rail
catwalks:sturdy_rail_activator, Sturdy Activator Rail
catwalks:support_column, Support Column
catwalks:scaffold:0, Scaffold
catwalks:scaffold:1, Builder's Scaffold
catwalks:catwalk_lit_tape, Catwalk
catwalks:catwalk_lit, Catwalk
catwalks:catwalk_lit_nobottom_tape, Catwalk
catwalks:catwalk_lit_nobottom, Catwalk
catwalks:catwalk_unlit_tape, Catwalk
catwalks:catwalk_unlit, Catwalk
catwalks:catwalk_unlit_nobottom_tape, Catwalk
catwalks:catwalk_unlit_nobottom, Catwalk
catwalks:cagedLadder_north_lit_nobottom_tape, Caged Ladder
catwalks:cagedLadder_north_lit_nobottom, Caged Ladder
catwalks:cagedLadder_north_lit_tape, Caged Ladder
catwalks:cagedLadder_north_lit, Caged Ladder
catwalks:cagedLadder_north_unlit_nobottom_tape, Caged Ladder
catwalks:cagedLadder_north_unlit_nobottom, Caged Ladder
catwalks:cagedLadder_north_unlit_tape, Caged Ladder
catwalks:cagedLadder_north_unlit, Caged Ladder
catwalks:cagedLadder_south_lit_nobottom_tape, Caged Ladder
catwalks:cagedLadder_south_lit_nobottom, Caged Ladder
catwalks:cagedLadder_south_lit_tape, Caged Ladder
catwalks:cagedLadder_south_lit, Caged Ladder
catwalks:cagedLadder_south_unlit_nobottom_tape, Caged Ladder
catwalks:cagedLadder_south_unlit_nobottom, Caged Ladder
catwalks:cagedLadder_south_unlit_tape, Caged Ladder
catwalks:cagedLadder_south_unlit, Caged Ladder
catwalks:cagedLadder_west_lit_nobottom_tape, Caged Ladder
catwalks:cagedLadder_west_lit_nobottom, Caged Ladder
catwalks:cagedLadder_west_lit_tape, Caged Ladder
catwalks:cagedLadder_west_lit, Caged Ladder
catwalks:cagedLadder_west_unlit_nobottom_tape, Caged Ladder
catwalks:cagedLadder_west_unlit_nobottom, Caged Ladder
catwalks:cagedLadder_west_unlit_tape, Caged Ladder
catwalks:cagedLadder_west_unlit, Caged Ladder
catwalks:cagedLadder_east_lit_nobottom_tape, Caged Ladder
catwalks:cagedLadder_east_lit_nobottom, Caged Ladder
catwalks:cagedLadder_east_lit_tape, Caged Ladder
catwalks:cagedLadder_east_lit, Caged Ladder
catwalks:cagedLadder_east_unlit_nobottom_tape, Caged Ladder
catwalks:cagedLadder_east_unlit_nobottom, Caged Ladder
catwalks:cagedLadder_east_unlit_tape, Caged Ladder
catwalks:cagedLadder_east_unlit, Caged Ladder
catwalkmod:scaffold, Catwalk
catwalkmod:cagedLadder, Caged Ladder
cherrypig:cherrylog, Cherrywood Log
cherrypig:cherryleaf, Cherrywood Leaves
cherrypig:cherrysapling, Cherrywood Sapling
cherrypig:cherryplank, Cherrywood Plank
cherrypig:cherrySingleSlab:0, tile.cherrywoodplankslab.Cherrywood Slab.name
cherrypig:cherryDoubleSlab:0, tile.cherrywoodplankslab.Cherrywood Slab.name
cherrypig:cherryStairs, Cherrywood Stairs
cherrypig:Charcoal Block, tile.charcoalblock.name
cherrypig:Flint Block, tile.flintblock.name
coffeespawner:coffee_machine, Coffee Spawner
coffeespawner:coffee_machine_pan, Coffee Spawner (Pan Edition)
EnderIO:blockStirlingGenerator, Stirling Generator
EnderIO:blockCombustionGenerator, Combustion Generator
EnderIO:blockZombieGenerator, Zombie Generator
EnderIO:blockFrankenzombieGenerator, Frank'N'Zombie Generator
EnderIO:blockEnderGenerator, Ender Generator
EnderIO:blockSolarPanel:0, Photovoltaic Cell
EnderIO:blockSolarPanel:1, Advanced Photovoltaic Cell
EnderIO:blockSolarPanel:2, Vibrant Photovoltaic Cell
EnderIO:blockSagMill, SAG Mill
EnderIO:blockAlloySmelter, Alloy Smelter
EnderIO:blockCapBank:0, Creative Capacitor Bank
EnderIO:blockCapBank:1, Basic Capacitor Bank
EnderIO:blockCapBank:1, Basic Capacitor Bank
EnderIO:blockCapBank:2, Capacitor Bank
EnderIO:blockCapBank:2, Capacitor Bank
EnderIO:blockCapBank:3, Vibrant Capacitor Bank
EnderIO:blockCapBank:3, Vibrant Capacitor Bank
EnderIO:blockPainter, Painting Machine
EnderIO:blockPaintedFence:0, Painted Fence
EnderIO:blockPaintedFenceGate:0, Painted Gate
EnderIO:blockPaintedWall:0, Painted Wall
EnderIO:blockPaintedStair:0, Painted Stairs
EnderIO:blockPaintedSlab:0, Painted Slab
EnderIO:blockPaintedDoubleSlab:0, Painted Slab
EnderIO:blockCrafter, Crafter
EnderIO:blockPaintedGlowstone:0, Painted Glowstone
EnderIO:blockPaintedCarpet:0, Painted Carpet
EnderIO:blockVat, The Vat
EnderIO:blockPowerMonitor, Power Monitor
EnderIO:blockFarmStation, Farming Station
EnderIO:blockWirelessCharger, Wireless Charger
EnderIO:blockHyperCube, Dimensional Transceiver (Deprecated)
EnderIO:blockTank:0, Fluid Tank
EnderIO:blockTank:1, Pressurized Fluid Tank
EnderIO:blockReservoir, Reservoir
EnderIO:blockVacuumChest, Vacuum Chest
EnderIO:blockTransceiver, Dimensional Transceiver
EnderIO:blockBuffer:0, Item Buffer
EnderIO:blockBuffer:1, Power Buffer
EnderIO:blockBuffer:2, Omni Buffer
EnderIO:blockBuffer:3, Creative Buffer
EnderIO:blockInventoryPanel, Inventory Panel
minecraft:record_13, Music Disc
minecraft:record_cat, Music Disc
minecraft:record_blocks, Music Disc
minecraft:record_chirp, Music Disc
minecraft:record_far, Music Disc
minecraft:record_mall, Music Disc
minecraft:record_mellohi, Music Disc
minecraft:record_stal, Music Disc
minecraft:record_strad, Music Disc
minecraft:record_ward, Music Disc
minecraft:record_11, Music Disc
minecraft:record_wait, Music Disc
EnderIO:blockEnderIo, Ender IO
EnderIO:blockTravelAnchor, Travel Anchor
EnderIO:blockTelePad, Telepad Block
EnderIO:blockSliceAndSplice, Slice'N'Splice
EnderIO:blockSoulBinder, Soul Binder
EnderIO:blockPoweredSpawner, Powered Spawner
EnderIO:blockKillerJoe, Killer Joe
EnderIO:blockAttractor, Attractor Obelisk
EnderIO:blockSpawnGuard, Aversion Obelisk
EnderIO:blockExperienceObelisk, Experience Obelisk
EnderIO:blockWeatherObelisk, Weather Obelisk
EnderIO:blockInhibitorObelisk, tile.blockInhibitorObelisk.name
EnderIO:blockEnchanter, Enchanter
EnderIO:blockDarkSteelPressurePlate:0, Dark Pressure Plate
EnderIO:blockDarkSteelPressurePlate:1, Dark Pressure Plate
EnderIO:blockDarkSteelAnvil:0, Dark Steel Anvil
EnderIO:blockDarkSteelAnvil:1, Slightly Damaged Dark Steel Anvil
EnderIO:blockDarkSteelAnvil:2, Very Damaged Dark Steel Anvil
EnderIO:blockDarkSteelLadder, Dark Steel Ladder
EnderIO:blockElectricLight:0, Powered Light
EnderIO:blockElectricLight:1, Powered Light (Inverted)
EnderIO:blockElectricLight:2, Light
EnderIO:blockElectricLight:3, Light (Inverted)
EnderIO:blockElectricLight:4, Wireless Powered Light
EnderIO:blockElectricLight:5, Wireless Powered Light (Inverted)
EnderIO:blockLightNode, tile.blockLightNode.name
EnderIO:blockReinforcedObsidian, Reinforced Obsidian
EnderIO:blockFusedQuartz:0, Fused Quartz
EnderIO:blockFusedQuartz:1, Quite Clear Glass
EnderIO:blockFusedQuartz:2, Enlightened Fused Quartz
EnderIO:blockFusedQuartz:3, Enlightened Clear Glass
EnderIO:blockFusedQuartz:4, Dark Fused Quartz
EnderIO:blockFusedQuartz:5, Dark Clear Glass
EnderIO:blockEnderRail, Ender Rail
EnderIO:blockConduitBundle, Conduit Connector
EnderIO:blockConduitFacade, tile.blockConduitFacade.name
EnderIO:blockEndermanSkull:0, Enderman Head
EnderIO:blockEndermanSkull:2, Tormented Enderman Head
EnderIO:blockNutrient_distillation, Nutrient Distillation
EnderIO:blockHootch, Hootch
EnderIO:blockRocket_fuel, Rocket Fuel
EnderIO:blockFire_water, Fire Water
EnderIO:blockLiquid_sunshine, Liquid Sunshine
EnderIO:blockCloud_seed, Cloud Seed
EnderIO:blockCloud_seed_concentrated, Concentrated Cloud Seed
EnderIO:blockEnder_distillation, Dew of the Void
EnderIO:blockVapor_of_levity, Vapor of Levity
EnderIO:blockIngotStorage:0, Electrical Steel Block
EnderIO:blockIngotStorage:1, Energetic Alloy Block
EnderIO:blockIngotStorage:2, Vibrant Alloy Block
EnderIO:blockIngotStorage:3, Redstone Alloy Block
EnderIO:blockIngotStorage:4, Conductive Iron Block
EnderIO:blockIngotStorage:5, Pulsating Iron Block
EnderIO:blockIngotStorage:6, Dark Steel Block
EnderIO:blockIngotStorage:7, Soularium Block
EnderIO:blockIngotStorage:8, End Steel Block
EnderIO:blockIngotStorageEndergy:0, Clay Compound Block
EnderIO:blockIngotStorageEndergy:1, Crystalline Alloy Block
EnderIO:blockIngotStorageEndergy:2, Melodic Alloy Block
EnderIO:blockIngotStorageEndergy:3, Stellar Alloy Block
EnderIO:blockIngotStorageEndergy:4, Crystalline Pink Slime Block
EnderIO:blockIngotStorageEndergy:5, Energetic Silver Block
EnderIO:blockIngotStorageEndergy:6, Vivid Alloy Block
EnderIO:blockDarkIronBars, Dark Iron Bars
EnderIO:blockSoulariumBars, Soularium Bars
EnderIO:blockEndSteelBars, End Steel Bars
openmodularturrets:baseTierWood, Turret Base (Tier 1) 
openmodularturrets:baseTierOneBlock, Turret Base (Tier 2) 
openmodularturrets:baseTierTwoBlock, Turret Base (Tier 3) 
openmodularturrets:baseTierThreeBlock, Turret Base (Tier 4) 
openmodularturrets:baseTierFourBlock, Turret Base (Tier 5) 
openmodularturrets:expanderPowerTierOne, Base Power Expander (Tier 1)
openmodularturrets:expanderPowerTierTwo, Base Power Expander (Tier 2)
openmodularturrets:expanderPowerTierThree, Base Power Expander (Tier 3)
openmodularturrets:expanderPowerTierFour, Base Power Expander (Tier 4)
openmodularturrets:expanderPowerTierFive, Base Power Expander (Tier 5)
openmodularturrets:expanderInvTierOne, Base Inventory Expander (Tier 1)
openmodularturrets:expanderInvTierTwo, Base Inventory Expander (Tier 2)
openmodularturrets:expanderInvTierThree, Base Inventory Expander (Tier 3)
openmodularturrets:expanderInvTierFour, Base Inventory Expander (Tier 4)
openmodularturrets:expanderInvTierFive, Base Inventory Expander (Tier 5)
openmodularturrets:hardWallTierOne, Hard Wall (Tier 1)
openmodularturrets:hardWallTierTwo, Hard Wall (Tier 2)
openmodularturrets:hardWallTierThree, Hard Wall (Tier 3)
openmodularturrets:hardWallTierFour, Hard Wall (Tier 4)
openmodularturrets:hardWallTierFive, Hard Wall (Tier 5)
openmodularturrets:fenceTierOne, Fence (Tier 1)
openmodularturrets:fenceTierTwo, Fence (Tier 2)
openmodularturrets:fenceTierThree, Fence (Tier 3)
openmodularturrets:fenceTierFour, Fence (Tier 4)
openmodularturrets:fenceTierFive, Fence (Tier 5)
openmodularturrets:disposeItemTurret, Disposable Item Turret
openmodularturrets:potatoCannonTurret, Potato Cannon Turret
openmodularturrets:machineGunTurret, Gun Turret
openmodularturrets:incendiaryTurret, Incendiary Turret
openmodularturrets:grenadeTurret, Grenade Launcher Turret
openmodularturrets:relativisticTurret, Relativistic Turret
openmodularturrets:rocketTurret, Rocket Launcher Turret
openmodularturrets:teleporterTurret, Teleporter Turret
openmodularturrets:laserTurret, Laser Turret
openmodularturrets:railGunTurret, Rail Gun Turret
openmodularturrets:leverBlock, Basic Turret Base Crank
combatplus:EnergyCreator, Redstone Energy Producer
combatplus:infiniteTile, Creative Wireless Turret Charger
combatplus:CardHackTerminal, Turret Hacking Station
combatplus:wirelessEnergy, Wireless Turret Charger
combatplus:interceptor, Hack Interceptor
compacter:Compacter, Compacter
compacter:Cobbler, Creative Cobble Generator
compactstorage:compactChest, Compact Chest
compactstorage:chestBuilder, Builder
bmacomputerlandmark:ComputerLandMark, Computer LandMark
ControlCraft:ControlCenter, Control Center
ControlCraft:WirelessReceiver, Wireless Receiver
CraftHeraldry:blockHeraldry, tile.blockHeraldry.name
cpc:laptop, Laptop
cubicvillager:villager_block_n, Vacant Villager Block
cubicvillager:villager_block_trade, Villager Block
cubicvillager:villager_block_slab, Villager Block Slab
cuttingedge:tap, Tree Tapping Kit
cuttingedge:evap, Evaporator
DarkWorld:peculiarStone, Peculiar Stone
DarkWorld:peculiarCobbleStone, Peculiar CobbleStone
DarkWorld:peculiarDustBlock, Peculiar Dust
DarkWorld:compressedPeculiarDust, Compressed Peculiar Dust
DarkWorld:darkworldPortal, Dark World Portal
DarkWorld:darkGrass, tile.darkworld:darkgrass.name
DarkWorld:darkDirt, Dark Dirt
DarkWorld:darkStone, Dark Stone
DarkWorld:darkCobbleStone, Dark CobbleStone
DarkWorld:darkPlanks:0, Dark Oak Wood Planks
DarkWorld:darkPlanks:1, Dark Spruce Wood Planks
DarkWorld:darkPlanks:2, Dark Birch Wood Planks
DarkWorld:darkPlanks:3, Dark Jungle Wood Planks
DarkWorld:darkPlanks:4, Dark Acacia Wood Planks
DarkWorld:darkPlanks:5, Darkest Oak Wood Planks
DarkWorld:darkSapling, tile.darkworld:darksapling.name
DarkWorld:darkSand:0, Dark Sand
DarkWorld:darkSand:1, Dark Red Sand
DarkWorld:darkGravel, Dark Gravel
DarkWorld:darkTallGrass, tile.darkworld:darktallgrass.name
DarkWorld:darkGoldOre, Dark Gold Ore
DarkWorld:darkIronOre, Dark Iron Ore
DarkWorld:darkCoalOre, Dark Coal Ore
DarkWorld:darkLog:0, Dark Oak Wood
DarkWorld:darkLog:1, Dark Spruce Wood
DarkWorld:darkLog:2, Dark Birch Wood
DarkWorld:darkLog:3, Dark Jungle Wood
DarkWorld:darkLog2:0, Dark Acacia Wood
DarkWorld:darkLog2:1, Darkest Oak Wood
DarkWorld:darkLeaves, tile.darkworld:darkleaves.name
DarkWorld:darkSponge, Dark Sponge
DarkWorld:darkSandStone:0, Dark SandStone
DarkWorld:darkSandStone:1, Dark Chiseled SandStone
DarkWorld:darkSandStone:2, Dark Smooth SandStone
DarkWorld:darkLapisOre, Dark Lapis Lazuli Ore
DarkWorld:darkBrick, Dark Brick
DarkWorld:darkMossyCobble, Dark Moss Stone
DarkWorld:darkObsidian, Dark Obsidian
DarkWorld:darkDiamondOre, Dark Diamond Ore
DarkWorld:darkRedstoneOre, Dark Redstone Ore
DarkWorld:darkLitRedstoneOre, Dark Redstone Ore
DarkWorld:darkCactus, tile.darkworld:darkcactus.name
DarkWorld:darkEmeraldOre, Dark Emerald Ore
DarkWorld:darkFire, Dark Fire
DarkWorld:darkWaterBlock, fluid.darkworld:darkwater.name
DarkWorld:darkLavaBlock, fluid.darkworld:darklava.name
props:blockProps, tile.null.name
props:blockFake, tile.null.name
dimensionalcake:blockEndCake, End Cake
DisenchanterMod:BlockDisenchantmentTable:0, Disenchantment Table
doggytalents:dog_bed, Dog Bed
doggytalents:dog_bath, Dog Bath
doggytalents:food_bowl, Food Bowl
DraconicEvolution:xRayBlock, Distortion Flame
DraconicEvolution:weatherController, Weather Controller
DraconicEvolution:sunDial, Sun Dial
DraconicEvolution:draconiumOre, Draconium Ore
DraconicEvolution:grinder, Mob Grinder
DraconicEvolution:potentiometer, Potentiometer
DraconicEvolution:rainSensor, Rain Sensor
DraconicEvolution:particleGenerator, Particle Generator
DraconicEvolution:playerDetector, Player Detector
DraconicEvolution:playerDetectorAdvanced, Advanced Player Detector
DraconicEvolution:energyInfuser, Energy Infuser
DraconicEvolution:customSpawner, Stabilized Mob Spawner
DraconicEvolution:generator, Generator
DraconicEvolution:energyStorageCore, Energy Core
DraconicEvolution:earth, Earth
DraconicEvolution:draconium:0, Draconium Block
DraconicEvolution:draconium:1, Resurrection Stone
DraconicEvolution:draconium:2, Charged Draconium Block
DraconicEvolution:invisibleMultiblock, Energy Core
DraconicEvolution:energyPylon, Energy Pylon
DraconicEvolution:placedItem, tile.draconicevolution:placedItem.name
DraconicEvolution:safetyFlame, tile.draconicevolution:safetyFlame.name
DraconicEvolution:cKeyStone:0, Creative Key Stone
DraconicEvolution:cKeyStone:1, Creative Key Stone
DraconicEvolution:cKeyStone:2, Creative Key Stone
DraconicEvolution:cKeyStone:3, Creative Key Stone
DraconicEvolution:dissEnchanter, Disenchanter
DraconicEvolution:teleporterStand, Dislocator Pedestal
DraconicEvolution:draconiumChest, Draconic Chest
DraconicEvolution:draconicBlock, Awakened Draconium Block
DraconicEvolution:energyCrystal:0, Energy Relay
DraconicEvolution:energyCrystal:1, Advanced Energy Relay
DraconicEvolution:energyCrystal:2, Energy Transceiver
DraconicEvolution:energyCrystal:3, Advanced Energy Transceiver
DraconicEvolution:energyCrystal:4, Wireless Energy Transceiver
DraconicEvolution:energyCrystal:5, Advanced Wireless Transceiver
DraconicEvolution:infusedObsidian, Draconium Infused Obsidian
DraconicEvolution:dislocatorReceptacle, Dislocator Receptacle
DraconicEvolution:portal, Portal
DraconicEvolution:reactorCore, Draconic Reactor Core
DraconicEvolution:flowGate:0, Flux Gate
DraconicEvolution:flowGate:6, Fluid Gate
DraconicEvolution:reactorStabilizer, Reactor Stabilizer
DraconicEvolution:reactorEnergyInjector, Reactor Energy Injector
DraconicEvolution:chaosCrystal, Chaos Crystal
DraconicEvolution:upgradeModifier, Upgrade Modifier
DraconicEvolution:longRangeDislocator:1, Admin Dislocator
DraconicEvolution:chaosShardAtmos, tile.draconicevolution:chaosShardAtmos.name
draconicplus:fusionCraftingCore, Fusion Crafting Core
draconicplus:craftingInjector:0, Basic Fusion Crafting Injector
draconicplus:craftingInjector:1, Wyvern Fusion Crafting Injector
draconicplus:craftingInjector:2, Draconic Fusion Crafting Injector
draconicplus:craftingInjector:3, Chaotic Fusion Crafting Injector
dyetopia:blockDyeRed, Red Liquid Dye
dyetopia:blockDyeYellow, Yellow Liquid Dye
dyetopia:blockDyeBlue, Blue Liquid Dye
dyetopia:blockDyeWhite, White Liquid Dye
dyetopia:blockDyePure, Pure Liquid Dye
dyetopia:saplingDyeTree:0, Red Dye Sapling
dyetopia:saplingDyeTree:1, Yellow Dye Sapling
dyetopia:saplingDyeTree:2, Blue Dye Sapling
dyetopia:saplingDyeTree:3, Pure Dye Sapling
dyetopia:leavesDyeTree:0, Red Dye Leaves
dyetopia:leavesDyeTree:1, Yellow Dye Leaves
dyetopia:leavesDyeTree:2, Blue Dye Leaves
dyetopia:leavesDyeTree:3, Pure Dye Leaves
dyetopia:logDyeTree:0, Red Dye Log
dyetopia:logDyeTree:1, Yellow Dye Log
dyetopia:logDyeTree:2, Blue Dye Log
dyetopia:logDyeTree:3, Pure Dye Log
dyetopia:heartDyeTree:0, Red Dye Heart
dyetopia:heartDyeTree:1, Yellow Dye Heart
dyetopia:heartDyeTree:2, Blue Dye Heart
dyetopia:rootDyeTree, Dye Tree Root
dyetopia:machineCasing, Casing
dyetopia:machineController, Controller
dyetopia:machineSqueezer, Squeezer
dyetopia:machineMixer, Mixer
dyetopia:machineValve, Valve
dyetopia:machinePainter, Painter
dyetopia:machineStamper, Stamper
dyetopia:machineFiller, Filler
dyetopia:podDyeRed, Red Dye Pod
dyetopia:podDyeYellow, Yellow Dye Pod
dyetopia:podDyeBlue, Blue Dye Pod
DynamicCraft:tile.blockInfusionAltar, Infusion Altar
DynamicCraft:tile.oreDynamic, Dynamic Ore
DynamicCraft:tile.blockDynamic, Dynamic Block
Eln:Eln.ghostBlock, tile.null.name
Eln:Eln.lightBlock, tile.null.name
Eln:Eln.SixNode:128, Ground Cable
Eln:Eln.SixNode:136, Hub
Eln:Eln.SixNode:192, Voltage Source
Eln:Eln.SixNode:193, Signal Source
Eln:Eln.SixNode:194, Current Source
Eln:Eln.SixNode:2048, Signal Cable
Eln:Eln.SixNode:2052, Low Voltage Cable
Eln:Eln.SixNode:2056, Medium Voltage Cable
Eln:Eln.SixNode:2060, High Voltage Cable
Eln:Eln.SixNode:2064, Very High Voltage Cable
Eln:Eln.SixNode:2072, Creative Cable
Eln:Eln.SixNode:2068, Signal Bus Cable
Eln:Eln.SixNode:2112, Low Current Cable
Eln:Eln.SixNode:2113, Medium Current Cable
Eln:Eln.SixNode:2114, High Current Cable
Eln:Eln.SixNode:3073, Copper Thermal Cable
Eln:Eln.SixNode:4096, Lamp Socket A
Eln:Eln.SixNode:4097, Lamp Socket B Projector
Eln:Eln.SixNode:4100, Robust Lamp Socket
Eln:Eln.SixNode:4101, Flat Lamp Socket
Eln:Eln.SixNode:4102, Simple Lamp Socket
Eln:Eln.SixNode:4103, Fluorescent Lamp Socket
Eln:Eln.SixNode:4104, Streetlight
Eln:Eln.SixNode:4105, Sconce Lamp Socket
Eln:Eln.SixNode:4108, Suspended Lamp Socket
Eln:Eln.SixNode:4109, Long Suspended Lamp Socket
Eln:Eln.SixNode:4111, 50V Emergency Lamp
Eln:Eln.SixNode:4112, 200V Emergency Lamp
Eln:Eln.SixNode:4113, Suspended Lamp Socket (No Swing)
Eln:Eln.SixNode:4114, Long Suspended Lamp Socket (No Swing)
Eln:Eln.SixNode:4160, Lamp Supply
Eln:Eln.SixNode:4224, Weak 50V Battery Charger
Eln:Eln.SixNode:4225, 50V Battery Charger
Eln:Eln.SixNode:4228, 200V Battery Charger
Eln:Eln.SixNode:4289, 50V Power Socket
Eln:Eln.SixNode:4290, 200V Power Socket
Eln:Eln.SixNode:5888, Wireless Signal Receiver
Eln:Eln.SixNode:5896, Wireless Signal Transmitter
Eln:Eln.SixNode:5904, Wireless Signal Repeater
Eln:Eln.SixNode:5952, Data Logger
Eln:Eln.SixNode:5953, Modern Data Logger
Eln:Eln.SixNode:5954, Industrial Data Logger
Eln:Eln.SixNode:6016, Low Voltage Relay
Eln:Eln.SixNode:6017, Medium Voltage Relay
Eln:Eln.SixNode:6018, High Voltage Relay
Eln:Eln.SixNode:6019, Very High Voltage Relay
Eln:Eln.SixNode:6020, Signal Relay
Eln:Eln.SixNode:6080, Signal Trimmer
Eln:Eln.SixNode:6081, Signal Switch
Eln:Eln.SixNode:6088, Signal Button
Eln:Eln.SixNode:6092, Wireless Button
Eln:Eln.SixNode:6096, Wireless Switch
Eln:Eln.SixNode:6144, 10A Diode
Eln:Eln.SixNode:6145, 25A Diode
Eln:Eln.SixNode:6152, Signal Diode
Eln:Eln.SixNode:6176, Power Capacitor
Eln:Eln.SixNode:6178, Power Inductor
Eln:Eln.SixNode:6180, Power Resistor
Eln:Eln.SixNode:6181, Rheostat
Eln:Eln.SixNode:6182, Thermistor
Eln:Eln.SixNode:6212, Very High Voltage Switch
Eln:Eln.SixNode:6208, High Voltage Switch
Eln:Eln.SixNode:6209, Low Voltage Switch
Eln:Eln.SixNode:6210, Medium Voltage Switch
Eln:Eln.SixNode:6272, Electrical Breaker
Eln:Eln.SixNode:6276, Energy Meter
Eln:Eln.SixNode:6277, Advanced Energy Meter
Eln:Eln.SixNode:6278, Electrical Fuse Holder
Eln:Eln.SixNode:6400, Electrical Probe
Eln:Eln.SixNode:6401, Voltage Probe
Eln:Eln.SixNode:6464, Thermal Probe
Eln:Eln.SixNode:6465, Temperature Probe
Eln:Eln.SixNode:6528, Analog Gauge
Eln:Eln.SixNode:6536, LED vuMeter
Eln:Eln.SixNode:6537, Multicolor LED vuMeter
Eln:Eln.SixNode:6592, Nuclear Alarm
Eln:Eln.SixNode:6593, Standard Alarm
Eln:Eln.SixNode:6656, Electrical Daylight Sensor
Eln:Eln.SixNode:6657, Electrical Light Sensor
Eln:Eln.SixNode:6660, Electrical Weather Sensor
Eln:Eln.SixNode:6664, Electrical Anemometer Sensor
Eln:Eln.SixNode:6668, Electrical Entity Sensor
Eln:Eln.SixNode:6669, Electrical Fire Detector
Eln:Eln.SixNode:6670, Electrical Fire Buzzer
Eln:Eln.SixNode:6671, Scanner
Eln:Eln.SixNode:6912, Redstone-to-Voltage Converter
Eln:Eln.SixNode:6913, Voltage-to-Redstone Converter
Eln:Eln.SixNode:6976, Electrical Timer
Eln:Eln.SixNode:6980, Signal Processor
Eln:Eln.SixNode:7424, Tree Resin Collector
Eln:Eln.SixNode:7492, Analog Watch
Eln:Eln.SixNode:7493, Digital Watch
Eln:Eln.SixNode:7494, Digital Display
Eln:Eln.SixNode:7496, Tutorial Sign
Eln:Eln.SixNode:7552, NOT Chip
Eln:Eln.SixNode:7553, AND Chip
Eln:Eln.SixNode:7554, NAND Chip
Eln:Eln.SixNode:7555, OR Chip
Eln:Eln.SixNode:7556, NOR Chip
Eln:Eln.SixNode:7557, XOR Chip
Eln:Eln.SixNode:7558, XNOR Chip
Eln:Eln.SixNode:7559, PAL Chip
Eln:Eln.SixNode:7560, Schmitt Trigger Chip
Eln:Eln.SixNode:7561, D Flip Flop Chip
Eln:Eln.SixNode:7562, Oscillator Chip
Eln:Eln.SixNode:7563, JK Flip Flop Chip
Eln:Eln.SixNode:7936, OpAmp
Eln:Eln.SixNode:7937, PID Regulator
Eln:Eln.SixNode:7938, Voltage controlled sawtooth oscillator
Eln:Eln.SixNode:7939, Voltage controlled sine oscillator
Eln:Eln.SixNode:7940, Amplifier
Eln:Eln.SixNode:7941, Voltage controlled amplifier
Eln:Eln.SixNode:7942, Configurable summing unit
Eln:Eln.SixNode:7943, Sample and hold
Eln:Eln.SixNode:7944, Lowpass filter
Eln:Eln.SixNode:8000, Portable NaN (DEV ITEM)
Eln:Eln.TransparentNode:6183, Large Rheostat
Eln:Eln.TransparentNode:7495, Nixie Tube
Eln:Eln.TransparentNode:129, Variable DC-DC Converter
Eln:Eln.TransparentNode:130, DC-DC Converter
Eln:Eln.TransparentNode:192, Stone Heat Furnace
Eln:Eln.TransparentNode:193, Fuel Heat Furnace
Eln:Eln.TransparentNode:257, 50V Turbine
Eln:Eln.TransparentNode:264, 200V Turbine
Eln:Eln.TransparentNode:265, Steam Turbine
Eln:Eln.TransparentNode:266, Generator
Eln:Eln.TransparentNode:267, Gas Turbine
Eln:Eln.TransparentNode:268, Joint
Eln:Eln.TransparentNode:269, Joint hub
Eln:Eln.TransparentNode:270, Flywheel
Eln:Eln.TransparentNode:271, Tachometer
Eln:Eln.TransparentNode:272, Shaft Motor
Eln:Eln.TransparentNode:273, Clutch
Eln:Eln.TransparentNode:274, Fixed Shaft
Eln:Eln.TransparentNode:275, Rotary Motor
Eln:Eln.TransparentNode:276, Crank Shaft
Eln:Eln.TransparentNode:277, Rolling Shaft Machine
Eln:Eln.TransparentNode:448, Low Power Transmitter Antenna
Eln:Eln.TransparentNode:449, Low Power Receiver Antenna
Eln:Eln.TransparentNode:450, Medium Power Transmitter Antenna
Eln:Eln.TransparentNode:451, Medium Power Receiver Antenna
Eln:Eln.TransparentNode:452, High Power Transmitter Antenna
Eln:Eln.TransparentNode:453, High Power Receiver Antenna
Eln:Eln.TransparentNode:1024, Cost Oriented Battery
Eln:Eln.TransparentNode:1025, Capacity Oriented Battery
Eln:Eln.TransparentNode:1026, Voltage Oriented Battery
Eln:Eln.TransparentNode:1027, Current Oriented Battery
Eln:Eln.TransparentNode:1028, Life Oriented Battery
Eln:Eln.TransparentNode:1029, Single-use Battery
Eln:Eln.TransparentNode:1030, Experimental Battery
Eln:Eln.TransparentNode:2048, Electrical Furnace
Eln:Eln.TransparentNode:2112, 50V Macerator
Eln:Eln.TransparentNode:2116, 200V Macerator
Eln:Eln.TransparentNode:2176, 800V Arc Furnace
Eln:Eln.TransparentNode:2240, 50V Compressor
Eln:Eln.TransparentNode:2244, 200V Compressor
Eln:Eln.TransparentNode:2304, 50V Magnetizer
Eln:Eln.TransparentNode:2308, 200V Magnetizer
Eln:Eln.TransparentNode:2368, 50V Plate Machine
Eln:Eln.TransparentNode:2372, 200V Plate Machine
Eln:Eln.TransparentNode:2624, 50V Egg Incubator
Eln:Eln.TransparentNode:2688, Auto Miner
Eln:Eln.TransparentNode:3073, Small Solar Panel
Eln:Eln.TransparentNode:3074, Small Rotating Solar Panel
Eln:Eln.TransparentNode:3075, 2x3 Solar Panel
Eln:Eln.TransparentNode:3076, 2x3 Rotating Solar Panel
Eln:Eln.TransparentNode:3136, Wind Turbine
Eln:Eln.TransparentNode:3152, Water Turbine
Eln:Eln.TransparentNode:4096, Small Passive Thermal Dissipator
Eln:Eln.TransparentNode:4128, Small Active Thermal Dissipator
Eln:Eln.TransparentNode:4130, 200V Active Thermal Dissipator
Eln:Eln.TransparentNode:4160, Experimental Transporter
Eln:Eln.TransparentNode:4162, Thermal Heat Exchanger
Eln:Eln.TransparentNode:4224, 800V Defence Turret
Eln:Eln.TransparentNode:4289, 50V Fuel Generator
Eln:Eln.TransparentNode:4290, 200V Fuel Generator
Eln:Eln.TransparentNode:7875, Grid Transformer
Eln:Eln.TransparentNode:7876, T1 Utility Pole
Eln:Eln.TransparentNode:7877, T1 Utility Pole with Transformer
Eln:Eln.TransparentNode:7878, T2 Transmission Tower
Eln:Eln.TransparentNode:7879, Direct Utility Pole
Eln:Eln.TransparentNode:7880, Grid Switch
Eln:Eln.TransparentNode:4416, Christmas Tree
Eln:Eln.TransparentNode:4417, Holiday Candle
Eln:Eln.TransparentNode:4418, String Lights
Eln:Eln.TransparentNode:4480, Fabricator
Eln:Eln.Ore:1, Copper Ore
Eln:Eln.Ore:4, Lead Ore
Eln:Eln.Ore:5, Tungsten Ore
Eln:Eln.Ore:6, Cinnabar Ore
Eln:Eln.arc_clay_block, Arc Clay Block
Eln:Eln.arc_metal_block, Arc Metal Block
Eln:eln.EnergyConverter, Energy Exporter
Eln:eln.ElnProbe, Eln Computer Probe
chocolatemod:tile.ChocoBlock, Chocolate Block
elytra_mining:falling_torch, Falling Torch
enderlicious:EndSand:0, White Sand
enderlicious:EndSand:1, Black Sand
enderlicious:EndSandstone:0, White Sandstone
enderlicious:EndSandstone:1, Cut White Sandstone
enderlicious:EndSandstone:2, Chiseled White Sandstone
enderlicious:EndSandstone:3, Smooth White Sandstone
enderlicious:EndSandstone:4, Black Sandstone
enderlicious:EndSandstone:5, Cut Black Sandstone
enderlicious:EndSandstone:6, Chiseled Black Sandstone
enderlicious:EndSandstone:7, Smooth Black Sandstone
enderlicious:EndRock:0, Nullite
enderlicious:EndRock:1, Eternite
enderlicious:EndCobble:0, Cobbled Nullite
enderlicious:EndCobble:1, Polished Nullite
enderlicious:EndCobble:2, Cobbled Eternite
enderlicious:EndCobble:3, Polished Eternite
enderlicious:EndRockBrick:0, Nullite Bricks
enderlicious:EndRockBrick:1, Cracked Nullite Bricks
enderlicious:EndRockBrick:2, Nullite Tiles
enderlicious:EndRockBrick:3, Cracked Nullite Tiles
enderlicious:EndRockBrick:4, Eternite Bricks
enderlicious:EndRockBrick:5, Cracked Eternite Bricks
enderlicious:EndRockBrick:6, Eternite Tiles
enderlicious:EndRockBrick:7, Cracked Eternite Tiles
enderlicious:BlockMaterial:0, Sugilite Block
enderlicious:OreSugilite, Sugilite Ore
enderlicious:WhiteEndSandstoneStairs, White Sandstone Stairs
enderlicious:SmoothWhiteEndSandstoneStairs, Smooth White Sandstone Stairs
enderlicious:BlackEndSandstoneStairs, Black Sandstone Stairs
enderlicious:SmoothBlackEndSandstoneStairs, Smooth Black Sandstone Stairs
enderlicious:CobbledPurpleEndRockStairs, Cobbled Nullite Stairs
enderlicious:PolishedPurpleEndRockStairs, Polished Nullite Stairs
enderlicious:PurpleEndRockBrickStairs, Nullite Brick Stairs
enderlicious:PurpleEndRockTileStairs, Nullite Tile Stairs
enderlicious:CobbledGreenEndRockStairs, Cobbled Eternite Stairs
enderlicious:PolishedGreenEndRockStairs, Polished Eternite Stairs
enderlicious:GreenEndRockBrickStairs, Eternite Brick Stairs
enderlicious:GreenEndRockTileStairs, Eternite Tile Stairs
enderlicious:EndSandstoneSingleSlab:0, White Sandstone Slab
enderlicious:EndSandstoneSingleSlab:1, Smooth White Sandstone Slab
enderlicious:EndSandstoneSingleSlab:2, Black Sandstone Slab
enderlicious:EndSandstoneSingleSlab:3, Smooth Black Sandstone Slab
enderlicious:EndSandstoneDoubleSlab:0, White Double Sandstone Slab
enderlicious:EndSandstoneDoubleSlab:1, Smooth White Double Sandstone Slab
enderlicious:EndSandstoneDoubleSlab:2, Black Double Sandstone Slab
enderlicious:EndSandstoneDoubleSlab:3, Smooth Black Double Sandstone Slab
enderlicious:EndCobbleSingleSlab:0, Cobbled Nullite Slab
enderlicious:EndCobbleSingleSlab:1, Polished Nullite Slab
enderlicious:EndCobbleSingleSlab:2, Cobbled Eternite Slab
enderlicious:EndCobbleSingleSlab:3, Polished Eternite Slab
enderlicious:EndCobbleDoubleSlab:0, Cobbled Double Nullite Slab
enderlicious:EndCobbleDoubleSlab:1, Polished Double Nullite Slab
enderlicious:EndCobbleDoubleSlab:2, Cobbled Double Eternite Slab
enderlicious:EndCobbleDoubleSlab:3, Polished Double Eternite Slab
enderlicious:EndRockBrickSingleSlab:0, Nullite Brick Slab
enderlicious:EndRockBrickSingleSlab:1, Nullite Tile Slab
enderlicious:EndRockBrickSingleSlab:2, Eternite Brick Slab
enderlicious:EndRockBrickSingleSlab:3, Eternite Tile Slab
enderlicious:EndRockBrickDoubleSlab:0, Double Nullite Brick Slab
enderlicious:EndRockBrickDoubleSlab:1, Double Nullite Tile Slab
enderlicious:EndRockBrickDoubleSlab:2, Double Eternite Brick Slab
enderlicious:EndRockBrickDoubleSlab:3, Double Eternite Tile Slab
enderlicious:EndSandstoneWall:0, White Sandstone Wall
enderlicious:EndSandstoneWall:1, Smooth White Sandstone Wall
enderlicious:EndSandstoneWall:2, Black Sandstone Wall
enderlicious:EndSandstoneWall:3, Smooth Black Sandstone Wall
enderlicious:EndCobbleWall:0, Cobbled Nullite Wall
enderlicious:EndCobbleWall:1, Polished Nullite Wall
enderlicious:EndCobbleWall:2, Cobbled Eternite Wall
enderlicious:EndCobbleWall:3, Polished Eternite Wall
enderlicious:EndRockBrickWall:0, tile.EndRockBrickWall_bricks_purple.name
enderlicious:EndRockBrickWall:1, tile.EndRockBrickWall_tiles_purple.name
enderlicious:EndRockBrickWall:2, tile.EndRockBrickWall_bricks_green.name
enderlicious:EndRockBrickWall:3, tile.EndRockBrickWall_tiles_green.name
enderRift:blockEnderRift, Ender-Rift Core
enderRift:blockStructureInvisible, Ender-Rift Structure
enderRift:blockStructureCorner, Ender-Rift Structure (Corner)
EnderTech:endertech.enderTankPart:0, Ender Tank Frame
EnderTech:endertech.enderTankPart:6, Ender Tank Valve
EnderTech:endertech.enderTankPart:7, Ender Tank Energy Input
EnderTech:endertech.multiblockGlass:0, Ender Tank Glass
EnderTech:endertech.enderTankController:0, Ender Tank Controller
EnderTech:chargePad:0, Creative Charge Pad
EnderTech:chargePad:2, Resonant Charge Pad
EnderTech:chargePad:1, Redstone Charge Pad
EnderTech:healthPad:0, Creative Health Pad
EnderTech:healthPad:2, Resonant Health Pad
EnderTech:healthPad:1, Redstone Health Pad
enderutilities:enderfurnace:0, Ender Furnace
enderutilities:enderfurnace:1, Ender Tool Workstation
enderutilities:enderfurnace:2, Ender Infuser
enderutilities:enderfurnace:3, Creation Station
enderutilities:machine.1:0, Energy Bridge Transmitter
enderutilities:machine.1:1, Energy Bridge Receiver
enderutilities:machine.1:2, Energy Bridge Resonator
enderutilities:storage.0:0, Small Memory Chest
enderutilities:storage.0:1, Memory Chest
enderutilities:storage.0:2, Large Memory Chest
enderutilities:storage.0:3, Handy Chest
enderutilities:storage.0:4, Large Handy Chest
enderutilities:storage.0:5, Extended Handy Chest
epm:diamond_powder_block, Diamond Powder Block
epm:emerald_powder_block, Emerald Powder Block
epm:gold_powder_block, Gold Powder Block
epm:lapis_lazuli_powder_block, Lapis Lazuli Powder Block
epm:iron_powder_block, Iron Powder Block
epm:coal_powder_block, Coal Powder Block
epm:redstone_powder_block, Redstone Powder Block
epm:nether_quartz_powder_block, Nether Quartz Powder Block
epm:nether_brick_powder_block, Nether Brick Powder Block
epm:glowstone_powder_block, Glowstone Powder Block
epm:leather_powder_block, Leather Powder Block
ewysworkshop:WorkshopTable, Workshop Table
golems:tile.golem_head, Golem Head
golems:tile.movinglightsource, Dynamic Light (Full)
golems:tile.movinglightsource2, Dynamic Light (Half)
golems:tile.movingpowerprovider, Dynamic Power Source
extrabuttons:extrabuttonscapacitive_touch_block, Capacitive Touch Block
extrabuttons:extrabuttonsstone_panel_button, Stone Panel Button
extrabuttons:extrabuttonswood_panel_button, Wood Panel Button
extrabuttons:extrabuttonsplayer_detector_rail, Player Detector Rail
extrabuttons:extrabuttonsplayer_powered_rail, Player Powered Rail
extrabuttons:extrabuttonsdelay_button, Delay Button
extrabuttons:extrabuttonsilluminated_button:0, White Illuminated Toggle Button
extrabuttons:extrabuttonsilluminated_button:1, Orange Illuminated Toggle Button
extrabuttons:extrabuttonsilluminated_button:2, Magenta Illuminated Toggle Button
extrabuttons:extrabuttonsilluminated_button:3, Light Blue Illuminated Toggle Button
extrabuttons:extrabuttonsilluminated_button:4, Yellow Illuminated Toggle Button
extrabuttons:extrabuttonsilluminated_button:5, Lime Illuminated Toggle Button
extrabuttons:extrabuttonsilluminated_button:6, Pink Illuminated Toggle Button
extrabuttons:extrabuttonsilluminated_button:7, Gray Illuminated Toggle Button
extrabuttons:extrabuttonsilluminated_button:8, Light Gray Illuminated Toggle Button
extrabuttons:extrabuttonsilluminated_button:9, Cyan Illuminated Toggle Button
extrabuttons:extrabuttonsilluminated_button:10, Purple Illuminated Toggle Button
extrabuttons:extrabuttonsilluminated_button:11, Blue Illuminated Toggle Button
extrabuttons:extrabuttonsilluminated_button:12, Brown Illuminated Toggle Button
extrabuttons:extrabuttonsilluminated_button:13, Green Illuminated Toggle Button
extrabuttons:extrabuttonsilluminated_button:14, Red Illuminated Toggle Button
extrabuttons:extrabuttonsilluminated_button:15, Black Illuminated Toggle Button
extracells:certustank, extracells.block.certustank.name
extracells:walrus, Walrus
extracells:fluidcrafter, ME Fluid Assembler
extracells:ecbaseblock:0, ME Fluid Interface
extracells:ecbaseblock:1, ME Fluid Auto Filler
extracells:hardmedrive, Blast resistant ME Drive [WIP]
extracells:vibrantchamberfluid, Fluid Vibration Chamber
extracells:craftingstorage:0, 256k Crafting Storage
extracells:craftingstorage:1, 1024k Crafting Storage
extracells:craftingstorage:2, 4096k Crafting Storage
extracells:craftingstorage:3, 16384k Crafting Storage
extracoal:charcoal_block, Block of Charcoal
extracoal:cactus_charcoal_block, Block of Cactus Charcoal
extracoal:sugar_charcoal_block, Block of Sugar Charcoal
extracoal:cactus_coke_block, Block of Cactus Coke
extracoal:sugar_coke_block, Block of Sugar Coke
extracoal:coke_oven, Coke Oven
extracoal:coke_oven_on, Coke Oven
golems_addon_metals:tile.redstone_power_provider, tile.redstone_power_provider.name
Metallurgy:machine.frame, Machine Frame
Metallurgy:crusher, Crusher
Metallurgy:alloyer, Alloyer
Metallurgy:forge, Forge
Metallurgy:abstractor, Abstractor
Metallurgy:base.ore:0, Copper Ore
Metallurgy:base.ore:1, Tin Ore
Metallurgy:base.ore:2, Manganese Ore
Metallurgy:base.block:0, Copper Block
Metallurgy:base.block:1, Tin Block
Metallurgy:base.block:2, Manganese Block
Metallurgy:base.block:3, Bronze Block
Metallurgy:base.block:4, Hepatizon Block
Metallurgy:base.block:5, Damascus Steel Block
Metallurgy:base.block:6, Angmallen Block
Metallurgy:base.block:7, Steel Block
Metallurgy:base.brick:0, Copper Brick
Metallurgy:base.brick:1, Tin Brick
Metallurgy:base.brick:2, Manganese Brick
Metallurgy:base.brick:3, Bronze Brick
Metallurgy:base.brick:4, Hepatizon Brick
Metallurgy:base.brick:5, Damascus Steel Brick
Metallurgy:base.brick:6, Angmallen Brick
Metallurgy:base.brick:7, Steel Brick
Metallurgy:copper.molten, Molten Copper
Metallurgy:tin.molten, Molten Tin
Metallurgy:manganese.molten, Molten Manganese
Metallurgy:bronze.molten, Molten Bronze
Metallurgy:hepatizon.molten, Molten Hepatizon
Metallurgy:damascus.steel.molten, Molten Damascus Steel
Metallurgy:angmallen.molten, Molten Angmallen
Metallurgy:steel.molten, Molten Steel
Metallurgy:ender.ore:0, Eximite Ore
Metallurgy:ender.ore:1, Meutoite Ore
Metallurgy:ender.block:0, Eximite Block
Metallurgy:ender.block:1, Meutoite Block
Metallurgy:ender.block:2, Desichalkos Block
Metallurgy:ender.brick:0, Eximite Brick
Metallurgy:ender.brick:1, Meutoite Brick
Metallurgy:ender.brick:2, Desichalkos Brick
Metallurgy:eximite.molten, Molten Eximite
Metallurgy:meutoite.molten, Molten Meutoite
Metallurgy:desichalkos.molten, Molten Desichalkos
Metallurgy:fantasy.ore:0, Prometheum Ore
Metallurgy:fantasy.ore:1, Deep Iron Ore
Metallurgy:fantasy.ore:2, Infuscolium Ore
Metallurgy:fantasy.ore:4, Oureclase Ore
Metallurgy:fantasy.ore:5, Astral Silver Ore
Metallurgy:fantasy.ore:6, Carmot Ore
Metallurgy:fantasy.ore:7, Mithril Ore
Metallurgy:fantasy.ore:8, Rubracium Ore
Metallurgy:fantasy.ore:11, Orichalcum Ore
Metallurgy:fantasy.ore:13, Adamantine Ore
Metallurgy:fantasy.ore:14, Atlarus Ore
Metallurgy:fantasy.block:0, Prometheum Block
Metallurgy:fantasy.block:1, Deep Iron Block
Metallurgy:fantasy.block:2, Infuscolium Block
Metallurgy:fantasy.block:3, Black Steel Block
Metallurgy:fantasy.block:4, Oureclase Block
Metallurgy:fantasy.block:5, Astral Silver Block
Metallurgy:fantasy.block:6, Carmot Block
Metallurgy:fantasy.block:7, Mithril Block
Metallurgy:fantasy.block:8, Rubracium Block
Metallurgy:fantasy.block:9, Quicksilver Block
Metallurgy:fantasy.block:10, Haderoth Block
Metallurgy:fantasy.block:11, Orichalcum Block
Metallurgy:fantasy.block:12, Celenegil Block
Metallurgy:fantasy.block:13, Adamantine Block
Metallurgy:fantasy.block:14, Atlarus Block
Metallurgy:fantasy.block:15, Tartarite Block
Metallurgy:fantasy.brick:0, Prometheum Brick
Metallurgy:fantasy.brick:1, Deep Iron Brick
Metallurgy:fantasy.brick:2, Infuscolium Brick
Metallurgy:fantasy.brick:3, Black Steel Brick
Metallurgy:fantasy.brick:4, Oureclase Brick
Metallurgy:fantasy.brick:5, Astral Silver Brick
Metallurgy:fantasy.brick:6, Carmot Brick
Metallurgy:fantasy.brick:7, Mithril Brick
Metallurgy:fantasy.brick:8, Rubracium Brick
Metallurgy:fantasy.brick:9, Quicksilver Brick
Metallurgy:fantasy.brick:10, Haderoth Brick
Metallurgy:fantasy.brick:11, Orichalcum Brick
Metallurgy:fantasy.brick:12, Celenegil Brick
Metallurgy:fantasy.brick:13, Adamantine Brick
Metallurgy:fantasy.brick:14, Atlarus Brick
Metallurgy:fantasy.brick:15, Tartarite Brick
Metallurgy:prometheum.molten, Molten Prometheum
Metallurgy:deep.iron.molten, Molten Deep Iron
Metallurgy:infuscolium.molten, Molten Infuscolium
Metallurgy:black.steel.molten, Molten Black Steel
Metallurgy:oureclase.molten, Molten Oureclase
Metallurgy:astral.silver.molten, Molten Astral Silver
Metallurgy:carmot.molten, Molten Carmot
Metallurgy:mithril.molten, Molten Mithril
Metallurgy:rubracium.molten, Molten Rubracium
Metallurgy:quicksilver.molten, Molten Quicksilver
Metallurgy:haderoth.molten, Molten Haderoth
Metallurgy:orichalcum.molten, Molten Orichalcum
Metallurgy:celenegil.molten, Molten Celenegil
Metallurgy:adamantine.molten, Molten Adamantine
Metallurgy:atlarus.molten, Molten Atlarus
Metallurgy:tartarite.molten, Molten Tartarite
Metallurgy:nether.ore:0, Ignatius Ore
Metallurgy:nether.ore:1, Shadow Iron Ore
Metallurgy:nether.ore:2, Lemurite Ore
Metallurgy:nether.ore:3, Midasium Ore
Metallurgy:nether.ore:4, Vyroxeres Ore
Metallurgy:nether.ore:5, Ceruclase Ore
Metallurgy:nether.ore:6, Alduorite Ore
Metallurgy:nether.ore:7, Kalendrite Ore
Metallurgy:nether.ore:8, Vulcanite Ore
Metallurgy:nether.ore:9, Sanguinite Ore
Metallurgy:nether.block:0, Ignatius Block
Metallurgy:nether.block:1, Shadow Iron Block
Metallurgy:nether.block:2, Lemurite Block
Metallurgy:nether.block:3, Midasium Block
Metallurgy:nether.block:4, Vyroxeres Block
Metallurgy:nether.block:5, Ceruclase Block
Metallurgy:nether.block:6, Alduorite Block
Metallurgy:nether.block:7, Kalendrite Block
Metallurgy:nether.block:8, Vulcanite Block
Metallurgy:nether.block:9, Sanguinite Block
Metallurgy:nether.block:10, Shadow Steel Block
Metallurgy:nether.block:11, Inolashite Block
Metallurgy:nether.block:12, Amordrine Block
Metallurgy:nether.brick:0, Ignatius Brick
Metallurgy:nether.brick:1, Shadow Iron Brick
Metallurgy:nether.brick:2, Lemurite Brick
Metallurgy:nether.brick:3, Midasium Brick
Metallurgy:nether.brick:4, Vyroxeres Brick
Metallurgy:nether.brick:5, Ceruclase Brick
Metallurgy:nether.brick:6, Alduorite Brick
Metallurgy:nether.brick:7, Kalendrite Brick
Metallurgy:nether.brick:8, Vulcanite Brick
Metallurgy:nether.brick:9, Sanguinite Brick
Metallurgy:nether.brick:10, Shadow Steel Brick
Metallurgy:nether.brick:11, Inolashite Brick
Metallurgy:nether.brick:12, Amordrine Brick
Metallurgy:ignatius.molten, Molten Ignatius
Metallurgy:shadow.iron.molten, Molten Shadow Iron
Metallurgy:lemurite.molten, Molten Lemurite
Metallurgy:midasium.molten, Molten Midasium
Metallurgy:vyroxeres.molten, Molten Vyroxeres
Metallurgy:ceruclase.molten, Molten Ceruclase
Metallurgy:alduorite.molten, Molten Alduorite
Metallurgy:kalendrite.molten, Molten Kalendrite
Metallurgy:vulcanite.molten, Molten Vulcanite
Metallurgy:sanguinite.molten, Molten Sanguinite
Metallurgy:shadow.steel.molten, Molten Shadow Steel
Metallurgy:inolashite.molten, Molten Inolashite
Metallurgy:amordrine.molten, Molten Amordrine
Metallurgy:precious.ore:0, Zinc Ore
Metallurgy:precious.ore:1, Silver Ore
Metallurgy:precious.ore:2, Platinum Ore
Metallurgy:precious.block:0, Zinc Block
Metallurgy:precious.block:1, Silver Block
Metallurgy:precious.block:2, Platinum Block
Metallurgy:precious.block:3, Brass Block
Metallurgy:precious.block:4, Electrum Block
Metallurgy:precious.brick:0, Zinc Brick
Metallurgy:precious.brick:1, Silver Brick
Metallurgy:precious.brick:2, Platinum Brick
Metallurgy:precious.brick:3, Brass Brick
Metallurgy:precious.brick:4, Electrum Brick
Metallurgy:zinc.molten, Molten Zinc
Metallurgy:silver.molten, Molten Silver
Metallurgy:platinum.molten, Molten Platinum
Metallurgy:brass.molten, Molten Brass
Metallurgy:electrum.molten, Molten Electrum
Metallurgy:utility.ore:0, Sulfur Ore
Metallurgy:utility.ore:1, Phosphorite Ore
Metallurgy:utility.ore:2, Saltpeter Ore
Metallurgy:utility.ore:3, Magnesium Ore
Metallurgy:utility.ore:4, Bitumen Ore
Metallurgy:utility.ore:5, Potash Ore
Metallurgy:utility.block:0, Sulfur Block
Metallurgy:utility.block:1, Phosphorite Block
Metallurgy:utility.block:2, Saltpeter Block
Metallurgy:utility.block:3, Magnesium Block
Metallurgy:utility.block:4, Bitumen Block
Metallurgy:utility.block:5, Potash Block
Metallurgy:vanilla.brick:0, Gold Brick
Metallurgy:vanilla.brick:1, Iron Brick
Metallurgy:extra.storage.block:0, Block of Charcoal
Metallurgy:explosive:0, High Explosives
Metallurgy:explosive:1, Light Explosives
Metallurgy:explosive:2, Miners Explosives
Metallurgy:explosive:3, Death Explosives
Metallurgy:explosive:4, Precision Explosives
Metallurgy:tab.block:0, tile.metallurgy.tab2.block.name
ExtraTiC:moltenRefinedGlowstone, Molten Refined Glowstone
ExtraTiC:moltenOsmium, Molten Osmium
ExtraTiC:moltenPokefennium, Molten Pokefennium
ExtraTiC:moltenFairy, Molten Fairy
ExtraTiC:moltenRedAurum, Molten RedAurum
ExtraTiC:moltenDarkSteel, Molten Dark Steel
ExtraTiC:moltenZinc, Molten Zinc
ExtraTiC:moltenBrass, Molten Brass
ExtraTiC:moltenAdamantine., Molten Adamantine
ExtraTiC:moltenConductiveIron, Molten Conductive Iron
ExtraTiC:moltenElectricalSteel, Molten Electrical Steel
ExtraTiC:moltenEnergeticAlloy, Molten Energetic Alloy
ExtraTiC:moltenPhasedGold, Molten Phased Gold
ExtraTiC:moltenPhasedIron, Molten Phased Iron
ExtraTiC:moltenRedstoneAlloy, Molten Redstone Alloy
ExtraTiC:liquidSilicon, Liquid Silicon
ExtraTiC:moltenSoularium, Molten Soularium
ExtraTiC:moltenManasteel, Molten Manasteel
ExtraTiC:moltenTerrasteel, Molten Terrasteel
ExtraTiC:moltenElementium, Molten Elementium
ExtraTiC:moltenblutonium, Molten Blutonium
ExtraTiC:moltenLudicrite, Molten Ludicrite
ExtraTiC:moltenBedrockium, Molten Bedrockium
ExtraTiC:blockFunStuff:0, Fairy Block
ExtraTiC:blockFunStuff:1, Pokefennium Block
ExtraTiC:blockFunStuff:2, RedAurum Block
extremefoodmod:cropTomato, tile.cropTomato.name
fabricator:blockFabricator, Fabricator
FFS:blockValve, Tank Valve
FFS:blockTankFrame, tile.null.name
farlanders:Endumium Ore, Endumium Ore
farlanders:Block of Endumium, Block of Endumium
FCTweaks:camoSmoker:0, Smoker
FCTweaks:playerStatue, Player Statue
FlatSigns:blockFlatSign, Sign
ftfloocraft:blockfloosign, Floo Sign
ftfloocraft:flootorch, Floo Torch
ftfloocraft:greenflamesbusylower, Green Flames
ftfloocraft:greenflamesidle, Green Flames
ftfloocraft:greenflamesidletemp, Green Flames
ftfloocraft:floowerpot, Floower Pot
fluxedtrinkets:Soldering_Station, Soldering Station
fluxedtrinkets:Trinket_Assembler, Trinket Assembler
fluxedtrinkets:Kinetic_Generator, Kinetic Generator
fluxedtrinkets:Machine_Cube, Machine Cube
fluxedtrinkets:Heat_Generator, Heat Generator
kitsumedievalcraft:testBlock, tile.testBlock.name
kitsumedievalcraft:kitsumedievalcraft_blockSmoke, Smoke
kitsumedievalcraft:kitsumedievalcraft_blockFilteredWater, Filtered Water
kitsumedievalcraft:kitsumedievalcraft_blockTannin, Tannin
kitsumedievalcraft:kitsumedievalcraft_blockSlackedLime, Slacked Lime
kitsumedievalcraft:limestoneRaw, Raw Limestone
kitsumedievalcraft:shitBlock, Shit Block
kitsumedievalcraft:eggWashedWall, Egg Washed Wall
kitsumedievalcraft:eggWashedBrick, Egg Washed Brick
kitsumedievalcraft:wootzOre, Wootz Ore
kitsumedievalcraft:formTable, Form Table
kitsumedievalcraft:forgeAnvil, Forge Anvil
kitsumedievalcraft:waterFilter, WaterFilter
kitsumedievalcraft:solidFilter, Filter Stand
kitsumedievalcraft:shelfFour, Shelf
kitsumedievalcraft:firebox, Clay Firebox
kitsumedievalcraft:forge, Forge
kitsumedievalcraft:cannon_28, Cannon 28lb
kitsumedievalcraft:cannonBallBlock_28, Cannon Ball 28lb
kitsumedievalcraft:cleanOak, Stripped Oak Log
kitsumedievalcraft:cleanAcacia, Stripped Acacia Log
kitsumedievalcraft:cleanJungle, Stripped Jungle Log
kitsumedievalcraft:cleanDarkOak, Stripped Dark Oak Log
kitsumedievalcraft:cleanBirch, Stripped Birch Log
kitsumedievalcraft:cleanSpruce, Stripped Spruce Log
kitsumedievalcraft:acaciaSplitLog, Acacia Split Log
kitsumedievalcraft:birchSplitLog, Birch Split Log
kitsumedievalcraft:darkSplitLog, Dark Oak Split Log
kitsumedievalcraft:jungleSplitLog, Jungle Split Log
kitsumedievalcraft:oakSplitLog, Oak Split Log
kitsumedievalcraft:spruceSplitLog,  Spruce Split Log
kitsumedievalcraft:smallBarrelLid, Small Barrel Lid
kitsumedievalcraft:smallBarrel, Small Barrel
kitsumedievalcraft:emptySoftCrucible, Empty Soft Crucible
kitsumedievalcraft:emptyCookedCrucible, Empty Crucible
kitsumedievalcraft:filledWaterCrucible, Water Crucible
kitsumedievalcraft:boilingWaterCrucible, Boiling Water Crucible
kitsumedievalcraft:tanWaterCrucible, Tannin Crucible
kitsumedievalcraft:slackWaterCrucible, Slacked Lime Crucible
kitsumedievalcraft:crucibleIronOre, Iron Ore Crucible
kitsumedievalcraft:crucibleIronIngot, Iron Ore Crucible
kitsumedievalcraft:crucibleWootz, Wootz Ore Crucible
kitsumedievalcraft:crucibleLapis, Lapis Crucible
kitsumedievalcraft:crucibleRedstone, Redstone Crucible
kitsumedievalcraft:refinedIron, Refined Iron Ingot
kitsumedievalcraft:damascus, Damascus Steel Ingot
kitsumedievalcraft:ironPlate, Iron Plate
kitsumedievalcraft:redstoneIngot, Redstone Ingot
kitsumedievalcraft:lapisIngot, Lapis Ingot
kitsumedievalcraft:myDiamond, Diamond
kitsumedievalcraft:myEmerald, Emerald
foundry:refractoryCasing, Refractory Casing
foundry:foundryMachine:0, Induction Crucible Furnace
foundry:foundryMachine:1, Metal Caster
foundry:foundryMachine:2, Alloy Mixer
foundry:foundryMachine:3, Metal Infuser
foundry:foundryMachine:4, Material Router
foundry:foundryMachine:5, Metal Atomizer
foundry:blockFoundryMetal:0, Block of Copper
foundry:blockFoundryMetal:1, Block of Tin
foundry:blockFoundryMetal:2, Block of Bronze
foundry:blockFoundryMetal:3, Block of Electrum
foundry:blockFoundryMetal:4, Block of Invar
foundry:blockFoundryMetal:5, Block of Nickel
foundry:blockFoundryMetal:6, Block of Zinc
foundry:blockFoundryMetal:7, Block of Brass
foundry:blockFoundryMetal:8, Block of Silver
foundry:blockFoundryMetal:9, Block of Steel
foundry:blockFoundryMetal:10, Block of Lead
foundry:blockFoundryMetal:11, Block of Aluminum
foundry:blockFoundryMetal:12, Block of Chromium
foundry:blockFoundryMetal:13, Block of Platinum
foundry:blockFoundryMetal:14, Block of Manganese
foundry:blockFoundryMetal:15, Block of Titanium
foundry:blockFoundryMetal2:0, Block of Cupronickel
foundry:blockFoundryOre:0, Copper Ore
foundry:blockFoundryOre:1, Tin Ore
foundry:blockFoundryOre:2, Nickel Ore
foundry:blockFoundryOre:3, Zinc Ore
foundry:blockFoundryOre:4, Silver Ore
foundry:blockFoundryOre:5, Lead Ore
foundry:alloyFurnace, Alloy Furnace
foundry:refractoryHopper, Refractory Hopper
foundry:slab1:0, Iron Slab
foundry:slab1:1, Gold Slab
foundry:slab1:2, Copper Slab
foundry:slab1:3, Tin Slab
foundry:slab1:4, Bronze Slab
foundry:slab1:5, Electrum Slab
foundry:slab1:6, Invar Slab
foundry:slab1:7, Nickel Slab
foundry:slab2:0, Zinc Slab
foundry:slab2:1, Brass Slab
foundry:slab2:2, Silver Slab
foundry:slab2:3, Steel Slab
foundry:slab2:4, Lead Slab
foundry:slab2:5, Aluminum Slab
foundry:slab2:6, Chromium Slab
foundry:slab2:7, Platinum Slab
foundry:slab3:0, Manganese Slab
foundry:slab3:1, Titanium Slab
foundry:slab3:2, Cupronickel Slab
foundry:stairsIron, Iron Stairs
foundry:stairsGold, Gold Stairs
foundry:stairsCopper, Copper Stairs
foundry:stairsTin, Tin Stairs
foundry:stairsBronze, Bronze Stairs
foundry:stairsElectrum, Electrum Stairs
foundry:stairsInvar, Invar Stairs
foundry:stairsNickel, Nickel Stairs
foundry:stairsZinc, Zinc Stairs
foundry:stairsBrass, Brass Stairs
foundry:stairsSilver, Silver Stairs
foundry:stairsSteel, Steel Stairs
foundry:stairsLead, Lead Stairs
foundry:stairsAluminum, Aluminum Stairs
foundry:stairsChromium, Chromium Stairs
foundry:stairsPlatinum, Platinum Stairs
foundry:stairsManganese, Manganese Stairs
foundry:stairsTitanium, Titanium Stairs
foundry:stairsCupronickel, Cupronickel Stairs
foundry:liquidIron, Liquid Iron
foundry:liquidGold, Liquid Gold
foundry:liquidCopper, Liquid Copper
foundry:liquidTin, Liquid Tin
foundry:liquidBronze, Liquid Bronze
foundry:liquidElectrum, Liquid Electrum
foundry:liquidInvar, Liquid Invar
foundry:liquidNickel, Liquid Nickel
foundry:liquidZinc, Liquid Zinc
foundry:liquidBrass, Liquid Brass
foundry:liquidSilver, Liquid Silver
foundry:liquidSteel, Liquid Steel
foundry:liquidCupronickel, Liquid Cupronickel
foundry:liquidLead, Liquid Lead
foundry:liquidAluminum, Liquid Aluminum
foundry:liquidChromium, Liquid Chromium
foundry:liquidPlatinum, Liquid Platinum
foundry:liquidManganese, Liquid Manganese
foundry:liquidTitanium, Liquid Titanium
foundry:liquidRubber, Liquid Rubber
foundry:liquidStainlessSteel, Liquid Stainless Steel
foundry:liquidKanthal, Liquid Kanthal
foundry:liquidNichrome, Liquid Nichrome
foundry:liquidMithril, Liquid Mithril
foundry:liquidRedstone, Liquid Redstone
foundry:liquidRedAlloy, Liquid Red Alloy
foundry:liquidGlass, Liquid Glass
foundry:liquidGlass.black, Liquid Glass (Black)
foundry:liquidGlass.red, Liquid Glass (Red)
foundry:liquidGlass.green, Liquid Glass (Green)
foundry:liquidGlass.brown, Liquid Glass (Brown)
foundry:liquidGlass.blue, Liquid Glass (Blue)
foundry:liquidGlass.purple, Liquid Glass (Purple)
foundry:liquidGlass.cyan, Liquid Glass (Cyan)
foundry:liquidGlass.silver, Liquid Glass (Light Gray)
foundry:liquidGlass.gray, Liquid Glass (Gray)
foundry:liquidGlass.pink, Liquid Glass (Pink)
foundry:liquidGlass.lime, Liquid Glass (Lime)
foundry:liquidGlass.yellow, Liquid Glass (Yellow)
foundry:liquidGlass.light_blue, Liquid Glass (Light Blue)
foundry:liquidGlass.magenta, Liquid Glass (Magenta)
foundry:liquidGlass.orange, Liquid Glass (Orange)
foundry:liquidGlass.white, Liquid Glass (White)
foundry:liquidIronwood, Liquid Ironwood
foundry:liquidSteeleaf, Liquid Steeleaf
foundry:liquidKnightmetal, Liquid Knightmetal
foundry:liquidAdamantine, Liquid Adamantine
foundry:liquidAtlarus, Liquid Atlarus
foundry:liquidRubracium, Liquid Rubracium
foundry:liquidHaderoth, Liquid Haderoth
foundry:liquidTartarite, Liquid Tartarite
foundry:liquidMidasium, Liquid Midasium
foundry:liquidDamascusSteel, Liquid Damascus Steel
foundry:liquidAngmallen, Liquid Angmallen
foundry:liquidQuicksilver, Liquid Quicksilver
foundry:liquidOrichalcum, Liquid Orichalcum
foundry:liquidCelenegil, Liquid Celenegil
foundry:liquidVyroxeres, Liquid Vyroxeres
foundry:liquidSanguinite, Liquid Sanguinite
foundry:liquidCarmot, Liquid Carmot
foundry:liquidInfuscolium, Liquid Infuscolium
foundry:liquidMeutoite, Liquid Meutoite
foundry:liquidHepatizon, Liquid Hepatizon
foundry:liquidEximite, Liquid Eximite
foundry:liquidDesichalkos, Liquid Desichalkos
foundry:liquidDeepIron, Liquid Deep Iron
foundry:liquidCeruclase, Liquid Ceruclase
foundry:liquidBlackSteel, Liquid BlackSteel
foundry:liquidAstralSilver, Liquid Astral Silver
foundry:liquidAmordrine, Liquid Amordrine
foundry:liquidAlduorite, Liquid Alduorite
foundry:liquidKalendrite, Liquid Kalendrite
foundry:liquidLemurite, Liquid Lemurite
foundry:liquidInolashite, Liquid Inolashite
foundry:liquidShadowIron, Liquid Shadow Iron
foundry:liquidShadowSteel, Liquid Shadow Steel
foundry:liquidOureclase, Liquid Oureclase
foundry:liquidIgnatius, Liquid Ignatius
foundry:liquidVulcanite, Liquid Vulcanite
foundry:liquidPrometheum, Liquid Prometheum
foundry:liquidTritanium, Liquid Tritanium
foundry:liquidManasteel, Liquid Manasteel
foundry:liquidTerrasteel, Liquid Terrasteel
foundry:liquidElementium, Liquid Elementium
foundry:liquidSignalum, Liquid Signalum
foundry:liquidLumium, Liquid Lumium
foundry:liquidEnderium, Liquid Enderium
foundry:liquidOsmium, Liquid Osmium
foundry:liquidRefinedGlowstone, Liquid Refined Glowstone
foundry:liquidRedstoneAlloy, Liquid Redstone Alloy
foundry:liquidEnergeticAlloy, Liquid Energetic Alloy
foundry:liquidVibrantAlloy, Liquid Vibrant Alloy
foundry:liquidDarkSteel, Liquid Dark Steel
foundry:liquidElectricalSteel, Liquid Electrical Steel
foundry:liquidPhasedIron, Liquid Pulsating Iron
foundry:liquidSoularium, Liquid Soularium
foundry:liquidElectrumFlux, tile.liquidElectrumFlux.name
Steamcraft:steamcraftOre:0, Copper Ore
Steamcraft:steamcraftOre:1, Zinc Ore
Steamcraft:blockBrass, Block of Brass
Steamcraft:blockZinc, Block of Zinc
Steamcraft:blockCopper, Block of Copper
Steamcraft:crucible, Crucible
Steamcraft:hellCrucible, Nether Crucible
Steamcraft:mold, Mold
Steamcraft:carving, Carving Table
Steamcraft:boiler, Boiler
Steamcraft:boilerOn, Boiler
Steamcraft:flashBoiler, Flash Boiler Component
Steamcraft:pipe, Pipe
Steamcraft:valvePipe, Valve Pipe
Steamcraft:steamTank:0, Steam Tank
Steamcraft:steamTank:1, Creative Steam Tank
Steamcraft:meter, Steam Gauge
Steamcraft:ruptureDisc:0, Rupture Disc
Steamcraft:horn, Steam Whistle
Steamcraft:fluidSteamConverter, Pressure Converter
Steamcraft:pump, Archimedes Screw
Steamcraft:smasher, Rock Smasher
Steamcraft:dummy, tile.steamcraft:dummy.name
Steamcraft:heater, Steam Heater
Steamcraft:chargingPad, Filling Pad
Steamcraft:charger, Steam Filler
Steamcraft:hammer, Steam Hammer
Steamcraft:itemMortar, Item Mortar
Steamcraft:thumper, Thumper
Steamcraft:thumperDummy, tile.steamcraft:thumperDummy.name
Steamcraft:fan, Fan
Steamcraft:vacuum, Vacuum
Steamcraft:engineering, Engineering Table
Futucytakun:Energyextractor, EnergyExtractor
Futucytakun:Energystorer, EnergyStorer
Futucytakun:Energytransformer, tile.Energytransformer.name
advgenerators:TurbineController, Gas Turbine Controller
advgenerators:HeatExchangerController, Heat Exchanger Controller
advgenerators:SteamTurbineController, Steam Turbine Controller
advgenerators:SyngasController, Syngas Producer Controller
advgenerators:EuOutputLV, LV Emitter
advgenerators:EuOutputMV, MV Emitter
advgenerators:EuOutputHV, HV Emitter
advgenerators:EuOutputEV, EV Emitter
advgenerators:RFOutput, Flux Generator
advgenerators:FluidInput, Fluid Intake Valve
advgenerators:FluidOutputSelect, Fluid Output Valve
advgenerators:ItemInput, Item Input Port
advgenerators:ItemOutput, Item Output Port
advgenerators:FuelTank, Fuel Tank
advgenerators:HeatingChamber, Heating Chamber
advgenerators:MixingChamber, Mixing Chamber
advgenerators:HeatExchanger, Heat Exchanger
advgenerators:Sensor, Sensor Module
advgenerators:Control, Redstone Control Module
advgenerators:EfficiencyUpgradeTier1, Fuel/Air Mixer
advgenerators:EfficiencyUpgradeTier2, Gas Mix Compressor
advgenerators:GasInput, Gas Intake Valve
advgenerators:syngas_flaming, tile.advgenerators.syngas_flaming.name
advgenerators:syngas, Syngas
minst:bossspawner, Musical Altar
MagicBees:magicbees.enchantedEarth, Enchanted Earth
MagicBees:hive:0, Curious Hive
MagicBees:hive:1, Unusual Hive
MagicBees:hive:2, Resonating Hive
MagicBees:effectJar, Bee Collector's Jar
MagicBees:magicApiary, Magic Apiary
MagicBees:manaAuraProvider, Mana Apiary Booster
magnanimoustools:MagLog, Magnaninous Log
magnanimoustools:MagSapling, tile.MagSapling.name
magnanimoustools:MagLeaves, Magnanimous Leaf
magnanimoustools:MagPlank, Magnanimous Planks
magnanimoustools:MagStairs, Magnanimous Stairs
magnanimoustools:MagSlabSingle:0, Magnanimous Slab
magnanimoustools:MagSlabDouble:0, Magnanimous Slab
majora:tile.GossipStone, Gossip Stone
MaterialsPlus:Block of Charm alloy, Block of Charm Alloy
MaterialsPlus:Block of Nether alloy, Block of Nether Alloy
MaterialsPlus:Block of Ender alloy, Block of Ender Alloy
MaterialsPlus:Block of Ancient alloy, Block of Ancient Alloy
mazemod:Light, tile.Light.name
mazemod:SunLight, tile.SunLight.name
mazemod:SunLight_Lit, tile.SunLight.name
mazemod:TNTchest, tile.TNT Chest.name
mm:BluestoneBlock, Mega Bluestone Block
MekanismGenerators:Generator:0, Heat Generator
MekanismGenerators:Generator:1, Solar Generator
MekanismGenerators:Generator:3, Gas-Burning Generator
MekanismGenerators:Generator:4, Bio-Generator
MekanismGenerators:Generator:5, Advanced Solar Generator
MekanismGenerators:Generator:6, Wind Generator
MekanismGenerators:Generator:7, Turbine Rotor
MekanismGenerators:Generator:8, Rotational Complex
MekanismGenerators:Generator:9, Electromagnetic Coil
MekanismGenerators:Generator:10, Turbine Casing
MekanismGenerators:Generator:11, Turbine Valve
MekanismGenerators:Generator:12, Turbine Vent
MekanismGenerators:Generator:13, Saturating Condenser
MekanismGenerators:Reactor:0, Reactor Controller
MekanismGenerators:Reactor:1, Reactor Frame
MekanismGenerators:Reactor:3, Reactor Port
MekanismGenerators:Reactor:4, Reactor Logic Adapter
MekanismGenerators:ReactorGlass:0, Reactor Glass
MekanismGenerators:ReactorGlass:1, Laser Focus Matrix
crystalic_void:crystallium_ore, Crystallium Ore
crystalic_void:hellfire_ore, Hellfire Ore
metallurgychisel:base_bar_storage:0, Copper Bar Storage
metallurgychisel:base_bar_storage:1, Tin Bar Storage
metallurgychisel:base_bar_storage:2, Manganese Bar Storage
metallurgychisel:base_bar_storage:3, Bronze Bar Storage
metallurgychisel:base_bar_storage:4, Hepatizon Bar Storage
metallurgychisel:base_bar_storage:5, Damascus Steel Bar Storage
metallurgychisel:base_bar_storage:6, Angmallen Bar Storage
metallurgychisel:base_bar_storage:7, Steel Bar Storage
metallurgychisel:base_blank_plate:0, Copper Blank Plate
metallurgychisel:base_blank_plate:1, Tin Blank Plate
metallurgychisel:base_blank_plate:2, Manganese Blank Plate
metallurgychisel:base_blank_plate:3, Bronze Blank Plate
metallurgychisel:base_blank_plate:4, Hepatizon Blank Plate
metallurgychisel:base_blank_plate:5, Damascus Steel Blank Plate
metallurgychisel:base_blank_plate:6, Angmallen Blank Plate
metallurgychisel:base_blank_plate:7, Steel Blank Plate
metallurgychisel:base_circle_plate:0, Copper Circle Plate
metallurgychisel:base_circle_plate:1, Tin Circle Plate
metallurgychisel:base_circle_plate:2, Manganese Circle Plate
metallurgychisel:base_circle_plate:3, Bronze Circle Plate
metallurgychisel:base_circle_plate:4, Hepatizon Circle Plate
metallurgychisel:base_circle_plate:5, Damascus Steel Circle Plate
metallurgychisel:base_circle_plate:6, Angmallen Circle Plate
metallurgychisel:base_circle_plate:7, Steel Circle Plate
metallurgychisel:base_horizontal_pipes:0, Copper Horizontal Pipes
metallurgychisel:base_horizontal_pipes:1, Tin Horizontal Pipes
metallurgychisel:base_horizontal_pipes:2, Manganese Horizontal Pipes
metallurgychisel:base_horizontal_pipes:3, Bronze Horizontal Pipes
metallurgychisel:base_horizontal_pipes:4, Hepatizon Horizontal Pipes
metallurgychisel:base_horizontal_pipes:5, Damascus Steel Horizontal Pipes
metallurgychisel:base_horizontal_pipes:6, Angmallen Horizontal Pipes
metallurgychisel:base_horizontal_pipes:7, Steel Horizontal Pipes
metallurgychisel:base_horizontal_plate:0, Copper Horizontal Plate
metallurgychisel:base_horizontal_plate:1, Tin Horizontal Plate
metallurgychisel:base_horizontal_plate:2, Manganese Horizontal Plate
metallurgychisel:base_horizontal_plate:3, Bronze Horizontal Plate
metallurgychisel:base_horizontal_plate:4, Hepatizon Horizontal Plate
metallurgychisel:base_horizontal_plate:5, Damascus Steel Horizontal Plate
metallurgychisel:base_horizontal_plate:6, Angmallen Horizontal Plate
metallurgychisel:base_horizontal_plate:7, Steel Horizontal Plate
metallurgychisel:base_large_bricks:0, Copper Large Bricks
metallurgychisel:base_large_bricks:1, Tin Large Bricks
metallurgychisel:base_large_bricks:2, Manganese Large Bricks
metallurgychisel:base_large_bricks:3, Bronze Large Bricks
metallurgychisel:base_large_bricks:4, Hepatizon Large Bricks
metallurgychisel:base_large_bricks:5, Damascus Steel Large Bricks
metallurgychisel:base_large_bricks:6, Angmallen Large Bricks
metallurgychisel:base_large_bricks:7, Steel Large Bricks
metallurgychisel:base_ornate:0, Copper Ornate
metallurgychisel:base_ornate:1, Tin Ornate
metallurgychisel:base_ornate:2, Manganese Ornate
metallurgychisel:base_ornate:3, Bronze Ornate
metallurgychisel:base_ornate:4, Hepatizon Ornate
metallurgychisel:base_ornate:5, Damascus Steel Ornate
metallurgychisel:base_ornate:6, Angmallen Ornate
metallurgychisel:base_ornate:7, Steel Ornate
metallurgychisel:base_plate:0, Copper Plate
metallurgychisel:base_plate:1, Tin Plate
metallurgychisel:base_plate:2, Manganese Plate
metallurgychisel:base_plate:3, Bronze Plate
metallurgychisel:base_plate:4, Hepatizon Plate
metallurgychisel:base_plate:5, Damascus Steel Plate
metallurgychisel:base_plate:6, Angmallen Plate
metallurgychisel:base_plate:7, Steel Plate
metallurgychisel:base_quarter_plate:0, Copper Quarter Plate
metallurgychisel:base_quarter_plate:1, Tin Quarter Plate
metallurgychisel:base_quarter_plate:2, Manganese Quarter Plate
metallurgychisel:base_quarter_plate:3, Bronze Quarter Plate
metallurgychisel:base_quarter_plate:4, Hepatizon Quarter Plate
metallurgychisel:base_quarter_plate:5, Damascus Steel Quarter Plate
metallurgychisel:base_quarter_plate:6, Angmallen Quarter Plate
metallurgychisel:base_quarter_plate:7, Steel Quarter Plate
metallurgychisel:base_rune:0, Copper Rune
metallurgychisel:base_rune:1, Tin Rune
metallurgychisel:base_rune:2, Manganese Rune
metallurgychisel:base_rune:3, Bronze Rune
metallurgychisel:base_rune:4, Hepatizon Rune
metallurgychisel:base_rune:5, Damascus Steel Rune
metallurgychisel:base_rune:6, Angmallen Rune
metallurgychisel:base_rune:7, Steel Rune
metallurgychisel:base_small_bricks:0, Copper Small Bricks
metallurgychisel:base_small_bricks:1, Tin Small Bricks
metallurgychisel:base_small_bricks:2, Manganese Small Bricks
metallurgychisel:base_small_bricks:3, Bronze Small Bricks
metallurgychisel:base_small_bricks:4, Hepatizon Small Bricks
metallurgychisel:base_small_bricks:5, Damascus Steel Small Bricks
metallurgychisel:base_small_bricks:6, Angmallen Small Bricks
metallurgychisel:base_small_bricks:7, Steel Small Bricks
metallurgychisel:base_spiral:0, Copper Spiral
metallurgychisel:base_spiral:1, Tin Spiral
metallurgychisel:base_spiral:2, Manganese Spiral
metallurgychisel:base_spiral:3, Bronze Spiral
metallurgychisel:base_spiral:4, Hepatizon Spiral
metallurgychisel:base_spiral:5, Damascus Steel Spiral
metallurgychisel:base_spiral:6, Angmallen Spiral
metallurgychisel:base_spiral:7, Steel Spiral
metallurgychisel:base_vertical_pipes:0, Copper Vertical Pipes
metallurgychisel:base_vertical_pipes:1, Tin Vertical Pipes
metallurgychisel:base_vertical_pipes:2, Manganese Vertical Pipes
metallurgychisel:base_vertical_pipes:3, Bronze Vertical Pipes
metallurgychisel:base_vertical_pipes:4, Hepatizon Vertical Pipes
metallurgychisel:base_vertical_pipes:5, Damascus Steel Vertical Pipes
metallurgychisel:base_vertical_pipes:6, Angmallen Vertical Pipes
metallurgychisel:base_vertical_pipes:7, Steel Vertical Pipes
metallurgychisel:base_vertical_plate:0, Copper Vertical Plate
metallurgychisel:base_vertical_plate:1, Tin Vertical Plate
metallurgychisel:base_vertical_plate:2, Manganese Vertical Plate
metallurgychisel:base_vertical_plate:3, Bronze Vertical Plate
metallurgychisel:base_vertical_plate:4, Hepatizon Vertical Plate
metallurgychisel:base_vertical_plate:5, Damascus Steel Vertical Plate
metallurgychisel:base_vertical_plate:6, Angmallen Vertical Plate
metallurgychisel:base_vertical_plate:7, Steel Vertical Plate
metallurgychisel:base_warning:0, Copper Warning
metallurgychisel:base_warning:1, Tin Warning
metallurgychisel:base_warning:2, Manganese Warning
metallurgychisel:base_warning:3, Bronze Warning
metallurgychisel:base_warning:4, Hepatizon Warning
metallurgychisel:base_warning:5, Damascus Steel Warning
metallurgychisel:base_warning:6, Angmallen Warning
metallurgychisel:base_warning:7, Steel Warning
metallurgychisel:ender_bar_storage:0, Eximite Bar Storage
metallurgychisel:ender_bar_storage:1, Meutoite Bar Storage
metallurgychisel:ender_bar_storage:2, Desichalkos Bar Storage
metallurgychisel:ender_blank_plate:0, Eximite Blank Plate
metallurgychisel:ender_blank_plate:1, Meutoite Blank Plate
metallurgychisel:ender_blank_plate:2, Desichalkos Blank Plate
metallurgychisel:ender_circle_plate:0, Eximite Circle Plate
metallurgychisel:ender_circle_plate:1, Meutoite Circle Plate
metallurgychisel:ender_circle_plate:2, Desichalkos Circle Plate
metallurgychisel:ender_horizontal_pipes:0, Eximite Horizontal Pipes
metallurgychisel:ender_horizontal_pipes:1, Meutoite Horizontal Pipes
metallurgychisel:ender_horizontal_pipes:2, Desichalkos Horizontal Pipes
metallurgychisel:ender_horizontal_plate:0, Eximite Horizontal Plate
metallurgychisel:ender_horizontal_plate:1, Meutoite Horizontal Plate
metallurgychisel:ender_horizontal_plate:2, Desichalkos Horizontal Plate
metallurgychisel:ender_large_bricks:0, Eximite Large Bricks
metallurgychisel:ender_large_bricks:1, Meutoite Large Bricks
metallurgychisel:ender_large_bricks:2, Desichalkos Large Bricks
metallurgychisel:ender_ornate:0, Eximite Ornate
metallurgychisel:ender_ornate:1, Meutoite Ornate
metallurgychisel:ender_ornate:2, Desichalkos Ornate
metallurgychisel:ender_plate:0, Eximite Plate
metallurgychisel:ender_plate:1, Meutoite Plate
metallurgychisel:ender_plate:2, Desichalkos Plate
metallurgychisel:ender_quarter_plate:0, Eximite Quarter Plate
metallurgychisel:ender_quarter_plate:1, Meutoite Quarter Plate
metallurgychisel:ender_quarter_plate:2, Desichalkos Quarter Plate
metallurgychisel:ender_rune:0, Eximite Rune
metallurgychisel:ender_rune:1, Meutoite Rune
metallurgychisel:ender_rune:2, Desichalkos Rune
metallurgychisel:ender_small_bricks:0, Eximite Small Bricks
metallurgychisel:ender_small_bricks:1, Meutoite Small Bricks
metallurgychisel:ender_small_bricks:2, Desichalkos Small Bricks
metallurgychisel:ender_spiral:0, Eximite Spiral
metallurgychisel:ender_spiral:1, Meutoite Spiral
metallurgychisel:ender_spiral:2, Desichalkos Spiral
metallurgychisel:ender_vertical_pipes:0, Eximite Vertical Pipes
metallurgychisel:ender_vertical_pipes:1, Meutoite Vertical Pipes
metallurgychisel:ender_vertical_pipes:2, Desichalkos Vertical Pipes
metallurgychisel:ender_vertical_plate:0, Eximite Vertical Plate
metallurgychisel:ender_vertical_plate:1, Meutoite Vertical Plate
metallurgychisel:ender_vertical_plate:2, Desichalkos Vertical Plate
metallurgychisel:ender_warning:0, Eximite Warning
metallurgychisel:ender_warning:1, Meutoite Warning
metallurgychisel:ender_warning:2, Desichalkos Warning
metallurgychisel:fantasy_bar_storage:0, Prometheum Bar Storage
metallurgychisel:fantasy_bar_storage:1, Deep Iron Bar Storage
metallurgychisel:fantasy_bar_storage:2, Infuscolium Bar Storage
metallurgychisel:fantasy_bar_storage:3, Black Steel Bar Storage
metallurgychisel:fantasy_bar_storage:4, Oureclase Bar Storage
metallurgychisel:fantasy_bar_storage:5, Astral Silver Bar Storage
metallurgychisel:fantasy_bar_storage:6, Carmot Bar Storage
metallurgychisel:fantasy_bar_storage:7, Mithril Bar Storage
metallurgychisel:fantasy_bar_storage:8, Rubracium Bar Storage
metallurgychisel:fantasy_bar_storage:9, Quicksilver Bar Storage
metallurgychisel:fantasy_bar_storage:10, Haderoth Bar Storage
metallurgychisel:fantasy_bar_storage:11, Orichalcum Bar Storage
metallurgychisel:fantasy_bar_storage:12, Celenegil Bar Storage
metallurgychisel:fantasy_bar_storage:13, Adamantine Bar Storage
metallurgychisel:fantasy_bar_storage:14, Atlarus Bar Storage
metallurgychisel:fantasy_bar_storage:15, Tartarite Bar Storage
metallurgychisel:fantasy_blank_plate:0, Prometheum Blank Plate
metallurgychisel:fantasy_blank_plate:1, Deep Iron Blank Plate
metallurgychisel:fantasy_blank_plate:2, Infuscolium Blank Plate
metallurgychisel:fantasy_blank_plate:3, Black Steel Blank Plate
metallurgychisel:fantasy_blank_plate:4, Oureclase Blank Plate
metallurgychisel:fantasy_blank_plate:5, Astral Silver Blank Plate
metallurgychisel:fantasy_blank_plate:6, Carmot Blank Plate
metallurgychisel:fantasy_blank_plate:7, Mithril Blank Plate
metallurgychisel:fantasy_blank_plate:8, Rubracium Blank Plate
metallurgychisel:fantasy_blank_plate:9, Quicksilver Blank Plate
metallurgychisel:fantasy_blank_plate:10, Haderoth Blank Plate
metallurgychisel:fantasy_blank_plate:11, Orichalcum Blank Plate
metallurgychisel:fantasy_blank_plate:12, Celenegil Blank Plate
metallurgychisel:fantasy_blank_plate:13, Adamantine Blank Plate
metallurgychisel:fantasy_blank_plate:14, Atlarus Blank Plate
metallurgychisel:fantasy_blank_plate:15, Tartarite Blank Plate
metallurgychisel:fantasy_circle_plate:0, Prometheum Circle Plate
metallurgychisel:fantasy_circle_plate:1, Deep Iron Circle Plate
metallurgychisel:fantasy_circle_plate:2, Infuscolium Circle Plate
metallurgychisel:fantasy_circle_plate:3, Black Steel Circle Plate
metallurgychisel:fantasy_circle_plate:4, Oureclase Circle Plate
metallurgychisel:fantasy_circle_plate:5, Astral Silver Circle Plate
metallurgychisel:fantasy_circle_plate:6, Carmot Circle Plate
metallurgychisel:fantasy_circle_plate:7, Mithril Circle Plate
metallurgychisel:fantasy_circle_plate:8, Rubracium Circle Plate
metallurgychisel:fantasy_circle_plate:9, Quicksilver Circle Plate
metallurgychisel:fantasy_circle_plate:10, Haderoth Circle Plate
metallurgychisel:fantasy_circle_plate:11, Orichalcum Circle Plate
metallurgychisel:fantasy_circle_plate:12, Celenegil Circle Plate
metallurgychisel:fantasy_circle_plate:13, Adamantine Circle Plate
metallurgychisel:fantasy_circle_plate:14, Atlarus Circle Plate
metallurgychisel:fantasy_circle_plate:15, Tartarite Circle Plate
metallurgychisel:fantasy_horizontal_pipes:0, Prometheum Horizontal Pipes
metallurgychisel:fantasy_horizontal_pipes:1, Deep Iron Horizontal Pipes
metallurgychisel:fantasy_horizontal_pipes:2, Infuscolium Horizontal Pipes
metallurgychisel:fantasy_horizontal_pipes:3, Black Steel Horizontal Pipes
metallurgychisel:fantasy_horizontal_pipes:4, Oureclase Horizontal Pipes
metallurgychisel:fantasy_horizontal_pipes:5, Astral Silver Horizontal Pipes
metallurgychisel:fantasy_horizontal_pipes:6, Carmot Horizontal Pipes
metallurgychisel:fantasy_horizontal_pipes:7, Mithril Horizontal Pipes
metallurgychisel:fantasy_horizontal_pipes:8, Rubracium Horizontal Pipes
metallurgychisel:fantasy_horizontal_pipes:9, Quicksilver Horizontal Pipes
metallurgychisel:fantasy_horizontal_pipes:10, Haderoth Horizontal Pipes
metallurgychisel:fantasy_horizontal_pipes:11, Orichalcum Horizontal Pipes
metallurgychisel:fantasy_horizontal_pipes:12, Celenegil Horizontal Pipes
metallurgychisel:fantasy_horizontal_pipes:13, Adamantine Horizontal Pipes
metallurgychisel:fantasy_horizontal_pipes:14, Atlarus Horizontal Pipes
metallurgychisel:fantasy_horizontal_pipes:15, Tartarite Horizontal Pipes
metallurgychisel:fantasy_horizontal_plate:0, Prometheum Horizontal Plate
metallurgychisel:fantasy_horizontal_plate:1, Deep Iron Horizontal Plate
metallurgychisel:fantasy_horizontal_plate:2, Infuscolium Horizontal Plate
metallurgychisel:fantasy_horizontal_plate:3, Black Steel Horizontal Plate
metallurgychisel:fantasy_horizontal_plate:4, Oureclase Horizontal Plate
metallurgychisel:fantasy_horizontal_plate:5, Astral Silver Horizontal Plate
metallurgychisel:fantasy_horizontal_plate:6, Carmot Horizontal Plate
metallurgychisel:fantasy_horizontal_plate:7, Mithril Horizontal Plate
metallurgychisel:fantasy_horizontal_plate:8, Rubracium Horizontal Plate
metallurgychisel:fantasy_horizontal_plate:9, Quicksilver Horizontal Plate
metallurgychisel:fantasy_horizontal_plate:10, Haderoth Horizontal Plate
metallurgychisel:fantasy_horizontal_plate:11, Orichalcum Horizontal Plate
metallurgychisel:fantasy_horizontal_plate:12, Celenegil Horizontal Plate
metallurgychisel:fantasy_horizontal_plate:13, Adamantine Horizontal Plate
metallurgychisel:fantasy_horizontal_plate:14, Atlarus Horizontal Plate
metallurgychisel:fantasy_horizontal_plate:15, Tartarite Horizontal Plate
metallurgychisel:fantasy_large_bricks:0, Prometheum Large Bricks
metallurgychisel:fantasy_large_bricks:1, Deep Iron Large Bricks
metallurgychisel:fantasy_large_bricks:2, Infuscolium Large Bricks
metallurgychisel:fantasy_large_bricks:3, Black Steel Large Bricks
metallurgychisel:fantasy_large_bricks:4, Oureclase Large Bricks
metallurgychisel:fantasy_large_bricks:5, Astral Silver Large Bricks
metallurgychisel:fantasy_large_bricks:6, Carmot Large Bricks
metallurgychisel:fantasy_large_bricks:7, Mithril Large Bricks
metallurgychisel:fantasy_large_bricks:8, Rubracium Large Bricks
metallurgychisel:fantasy_large_bricks:9, Quicksilver Large Bricks
metallurgychisel:fantasy_large_bricks:10, Haderoth Large Bricks
metallurgychisel:fantasy_large_bricks:11, Orichalcum Large Bricks
metallurgychisel:fantasy_large_bricks:12, Celenegil Large Bricks
metallurgychisel:fantasy_large_bricks:13, Adamantine Large Bricks
metallurgychisel:fantasy_large_bricks:14, Atlarus Large Bricks
metallurgychisel:fantasy_large_bricks:15, Tartarite Large Bricks
metallurgychisel:fantasy_ornate:0, Prometheum Ornate
metallurgychisel:fantasy_ornate:1, Deep Iron Ornate
metallurgychisel:fantasy_ornate:2, Infuscolium Ornate
metallurgychisel:fantasy_ornate:3, Black Steel Ornate
metallurgychisel:fantasy_ornate:4, Oureclase Ornate
metallurgychisel:fantasy_ornate:5, Astral Silver Ornate
metallurgychisel:fantasy_ornate:6, Carmot Ornate
metallurgychisel:fantasy_ornate:7, Mithril Ornate
metallurgychisel:fantasy_ornate:8, Rubracium Ornate
metallurgychisel:fantasy_ornate:9, Quicksilver Ornate
metallurgychisel:fantasy_ornate:10, Haderoth Ornate
metallurgychisel:fantasy_ornate:11, Orichalcum Ornate
metallurgychisel:fantasy_ornate:12, Celenegil Ornate
metallurgychisel:fantasy_ornate:13, Adamantine Ornate
metallurgychisel:fantasy_ornate:14, Atlarus Ornate
metallurgychisel:fantasy_ornate:15, Tartarite Ornate
metallurgychisel:fantasy_plate:0, Prometheum Plate
metallurgychisel:fantasy_plate:1, Deep Iron Plate
metallurgychisel:fantasy_plate:2, Infuscolium Plate
metallurgychisel:fantasy_plate:3, Black Steel Plate
metallurgychisel:fantasy_plate:4, Oureclase Plate
metallurgychisel:fantasy_plate:5, Astral Silver Plate
metallurgychisel:fantasy_plate:6, Carmot Plate
metallurgychisel:fantasy_plate:7, Mithril Plate
metallurgychisel:fantasy_plate:8, Rubracium Plate
metallurgychisel:fantasy_plate:9, Quicksilver Plate
metallurgychisel:fantasy_plate:10, Haderoth Plate
metallurgychisel:fantasy_plate:11, Orichalcum Plate
metallurgychisel:fantasy_plate:12, Celenegil Plate
metallurgychisel:fantasy_plate:13, Adamantine Plate
metallurgychisel:fantasy_plate:14, Atlarus Plate
metallurgychisel:fantasy_plate:15, Tartarite Plate
metallurgychisel:fantasy_quarter_plate:0, Prometheum Quarter Plate
metallurgychisel:fantasy_quarter_plate:1, Deep Iron Quarter Plate
metallurgychisel:fantasy_quarter_plate:2, Infuscolium Quarter Plate
metallurgychisel:fantasy_quarter_plate:3, Black Steel Quarter Plate
metallurgychisel:fantasy_quarter_plate:4, Oureclase Quarter Plate
metallurgychisel:fantasy_quarter_plate:5, Astral Silver Quarter Plate
metallurgychisel:fantasy_quarter_plate:6, Carmot Quarter Plate
metallurgychisel:fantasy_quarter_plate:7, Mithril Quarter Plate
metallurgychisel:fantasy_quarter_plate:8, Rubracium Quarter Plate
metallurgychisel:fantasy_quarter_plate:9, Quicksilver Quarter Plate
metallurgychisel:fantasy_quarter_plate:10, Haderoth Quarter Plate
metallurgychisel:fantasy_quarter_plate:11, Orichalcum Quarter Plate
metallurgychisel:fantasy_quarter_plate:12, Celenegil Quarter Plate
metallurgychisel:fantasy_quarter_plate:13, Adamantine Quarter Plate
metallurgychisel:fantasy_quarter_plate:14, Atlarus Quarter Plate
metallurgychisel:fantasy_quarter_plate:15, Tartarite Quarter Plate
metallurgychisel:fantasy_rune:0, Prometheum Rune
metallurgychisel:fantasy_rune:1, Deep Iron Rune
metallurgychisel:fantasy_rune:2, Infuscolium Rune
metallurgychisel:fantasy_rune:3, Black Steel Rune
metallurgychisel:fantasy_rune:4, Oureclase Rune
metallurgychisel:fantasy_rune:5, Astral Silver Rune
metallurgychisel:fantasy_rune:6, Carmot Rune
metallurgychisel:fantasy_rune:7, Mithril Rune
metallurgychisel:fantasy_rune:8, Rubracium Rune
metallurgychisel:fantasy_rune:9, Quicksilver Rune
metallurgychisel:fantasy_rune:10, Haderoth Rune
metallurgychisel:fantasy_rune:11, Orichalcum Rune
metallurgychisel:fantasy_rune:12, Celenegil Rune
metallurgychisel:fantasy_rune:13, Adamantine Rune
metallurgychisel:fantasy_rune:14, Atlarus Rune
metallurgychisel:fantasy_rune:15, Tartarite Rune
metallurgychisel:fantasy_small_bricks:0, Prometheum Small Bricks
metallurgychisel:fantasy_small_bricks:1, Deep Iron Small Bricks
metallurgychisel:fantasy_small_bricks:2, Infuscolium Small Bricks
metallurgychisel:fantasy_small_bricks:3, Black Steel Small Bricks
metallurgychisel:fantasy_small_bricks:4, Oureclase Small Bricks
metallurgychisel:fantasy_small_bricks:5, Astral Silver Small Bricks
metallurgychisel:fantasy_small_bricks:6, Carmot Small Bricks
metallurgychisel:fantasy_small_bricks:7, Mithril Small Bricks
metallurgychisel:fantasy_small_bricks:8, Rubracium Small Bricks
metallurgychisel:fantasy_small_bricks:9, Quicksilver Small Bricks
metallurgychisel:fantasy_small_bricks:10, Haderoth Small Bricks
metallurgychisel:fantasy_small_bricks:11, Orichalcum Small Bricks
metallurgychisel:fantasy_small_bricks:12, Celenegil Small Bricks
metallurgychisel:fantasy_small_bricks:13, Adamantine Small Bricks
metallurgychisel:fantasy_small_bricks:14, Atlarus Small Bricks
metallurgychisel:fantasy_small_bricks:15, Tartarite Small Bricks
metallurgychisel:fantasy_spiral:0, Prometheum Spiral
metallurgychisel:fantasy_spiral:1, Deep Iron Spiral
metallurgychisel:fantasy_spiral:2, Infuscolium Spiral
metallurgychisel:fantasy_spiral:3, Black Steel Spiral
metallurgychisel:fantasy_spiral:4, Oureclase Spiral
metallurgychisel:fantasy_spiral:5, Astral Silver Spiral
metallurgychisel:fantasy_spiral:6, Carmot Spiral
metallurgychisel:fantasy_spiral:7, Mithril Spiral
metallurgychisel:fantasy_spiral:8, Rubracium Spiral
metallurgychisel:fantasy_spiral:9, Quicksilver Spiral
metallurgychisel:fantasy_spiral:10, Haderoth Spiral
metallurgychisel:fantasy_spiral:11, Orichalcum Spiral
metallurgychisel:fantasy_spiral:12, Celenegil Spiral
metallurgychisel:fantasy_spiral:13, Adamantine Spiral
metallurgychisel:fantasy_spiral:14, Atlarus Spiral
metallurgychisel:fantasy_spiral:15, Tartarite Spiral
metallurgychisel:fantasy_vertical_pipes:0, Prometheum Vertical Pipes
metallurgychisel:fantasy_vertical_pipes:1, Deep Iron Vertical Pipes
metallurgychisel:fantasy_vertical_pipes:2, Infuscolium Vertical Pipes
metallurgychisel:fantasy_vertical_pipes:3, Black Steel Vertical Pipes
metallurgychisel:fantasy_vertical_pipes:4, Oureclase Vertical Pipes
metallurgychisel:fantasy_vertical_pipes:5, Astral Silver Vertical Pipes
metallurgychisel:fantasy_vertical_pipes:6, Carmot Vertical Pipes
metallurgychisel:fantasy_vertical_pipes:7, Mithril Vertical Pipes
metallurgychisel:fantasy_vertical_pipes:8, Rubracium Vertical Pipes
metallurgychisel:fantasy_vertical_pipes:9, Quicksilver Vertical Pipes
metallurgychisel:fantasy_vertical_pipes:10, Haderoth Vertical Pipes
metallurgychisel:fantasy_vertical_pipes:11, Orichalcum Vertical Pipes
metallurgychisel:fantasy_vertical_pipes:12, Celenegil Vertical Pipes
metallurgychisel:fantasy_vertical_pipes:13, Adamantine Vertical Pipes
metallurgychisel:fantasy_vertical_pipes:14, Atlarus Vertical Pipes
metallurgychisel:fantasy_vertical_pipes:15, Tartarite Vertical Pipes
metallurgychisel:fantasy_vertical_plate:0, Prometheum Vertical Plate
metallurgychisel:fantasy_vertical_plate:1, Deep Iron Vertical Plate
metallurgychisel:fantasy_vertical_plate:2, Infuscolium Vertical Plate
metallurgychisel:fantasy_vertical_plate:3, Black Steel Vertical Plate
metallurgychisel:fantasy_vertical_plate:4, Oureclase Vertical Plate
metallurgychisel:fantasy_vertical_plate:5, Astral Silver Vertical Plate
metallurgychisel:fantasy_vertical_plate:6, Carmot Vertical Plate
metallurgychisel:fantasy_vertical_plate:7, Mithril Vertical Plate
metallurgychisel:fantasy_vertical_plate:8, Rubracium Vertical Plate
metallurgychisel:fantasy_vertical_plate:9, Quicksilver Vertical Plate
metallurgychisel:fantasy_vertical_plate:10, Haderoth Vertical Plate
metallurgychisel:fantasy_vertical_plate:11, Orichalcum Vertical Plate
metallurgychisel:fantasy_vertical_plate:12, Celenegil Vertical Plate
metallurgychisel:fantasy_vertical_plate:13, Adamantine Vertical Plate
metallurgychisel:fantasy_vertical_plate:14, Atlarus Vertical Plate
metallurgychisel:fantasy_vertical_plate:15, Tartarite Vertical Plate
metallurgychisel:fantasy_warning:0, Prometheum Warning
metallurgychisel:fantasy_warning:1, Deep Iron Warning
metallurgychisel:fantasy_warning:2, Infuscolium Warning
metallurgychisel:fantasy_warning:3, Black Steel Warning
metallurgychisel:fantasy_warning:4, Oureclase Warning
metallurgychisel:fantasy_warning:5, Astral Silver Warning
metallurgychisel:fantasy_warning:6, Carmot Warning
metallurgychisel:fantasy_warning:7, Mithril Warning
metallurgychisel:fantasy_warning:8, Rubracium Warning
metallurgychisel:fantasy_warning:9, Quicksilver Warning
metallurgychisel:fantasy_warning:10, Haderoth Warning
metallurgychisel:fantasy_warning:11, Orichalcum Warning
metallurgychisel:fantasy_warning:12, Celenegil Warning
metallurgychisel:fantasy_warning:13, Adamantine Warning
metallurgychisel:fantasy_warning:14, Atlarus Warning
metallurgychisel:fantasy_warning:15, Tartarite Warning
metallurgychisel:nether_bar_storage:0, Ignatius Bar Storage
metallurgychisel:nether_bar_storage:1, Shadow Iron Bar Storage
metallurgychisel:nether_bar_storage:2, Lemurite Bar Storage
metallurgychisel:nether_bar_storage:3, Midasium Bar Storage
metallurgychisel:nether_bar_storage:4, Vyroxeres Bar Storage
metallurgychisel:nether_bar_storage:5, Ceruclase Bar Storage
metallurgychisel:nether_bar_storage:6, Alduorite Bar Storage
metallurgychisel:nether_bar_storage:7, Kalendrite Bar Storage
metallurgychisel:nether_bar_storage:8, Vulcanite Bar Storage
metallurgychisel:nether_bar_storage:9, Sanguinite Bar Storage
metallurgychisel:nether_bar_storage:10, Shadow Steel Bar Storage
metallurgychisel:nether_bar_storage:11, Inolashite Bar Storage
metallurgychisel:nether_bar_storage:12, Amordrine Bar Storage
metallurgychisel:nether_blank_plate:0, Ignatius Blank Plate
metallurgychisel:nether_blank_plate:1, Shadow Iron Blank Plate
metallurgychisel:nether_blank_plate:2, Lemurite Blank Plate
metallurgychisel:nether_blank_plate:3, Midasium Blank Plate
metallurgychisel:nether_blank_plate:4, Vyroxeres Blank Plate
metallurgychisel:nether_blank_plate:5, Ceruclase Blank Plate
metallurgychisel:nether_blank_plate:6, Alduorite Blank Plate
metallurgychisel:nether_blank_plate:7, Kalendrite Blank Plate
metallurgychisel:nether_blank_plate:8, Vulcanite Blank Plate
metallurgychisel:nether_blank_plate:9, Sanguinite Blank Plate
metallurgychisel:nether_blank_plate:10, Shadow Steel Blank Plate
metallurgychisel:nether_blank_plate:11, Inolashite Blank Plate
metallurgychisel:nether_blank_plate:12, Amordrine Blank Plate
metallurgychisel:nether_circle_plate:0, Ignatius Circle Plate
metallurgychisel:nether_circle_plate:1, Shadow Iron Circle Plate
metallurgychisel:nether_circle_plate:2, Lemurite Circle Plate
metallurgychisel:nether_circle_plate:3, Midasium Circle Plate
metallurgychisel:nether_circle_plate:4, Vyroxeres Circle Plate
metallurgychisel:nether_circle_plate:5, Ceruclase Circle Plate
metallurgychisel:nether_circle_plate:6, Alduorite Circle Plate
metallurgychisel:nether_circle_plate:7, Kalendrite Circle Plate
metallurgychisel:nether_circle_plate:8, Vulcanite Circle Plate
metallurgychisel:nether_circle_plate:9, Sanguinite Circle Plate
metallurgychisel:nether_circle_plate:10, Shadow Steel Circle Plate
metallurgychisel:nether_circle_plate:11, Inolashite Circle Plate
metallurgychisel:nether_circle_plate:12, Amordrine Circle Plate
metallurgychisel:nether_horizontal_pipes:0, Ignatius Horizontal Pipes
metallurgychisel:nether_horizontal_pipes:1, Shadow Iron Horizontal Pipes
metallurgychisel:nether_horizontal_pipes:2, Lemurite Horizontal Pipes
metallurgychisel:nether_horizontal_pipes:3, Midasium Horizontal Pipes
metallurgychisel:nether_horizontal_pipes:4, Vyroxeres Horizontal Pipes
metallurgychisel:nether_horizontal_pipes:5, Ceruclase Horizontal Pipes
metallurgychisel:nether_horizontal_pipes:6, Alduorite Horizontal Pipes
metallurgychisel:nether_horizontal_pipes:7, Kalendrite Horizontal Pipes
metallurgychisel:nether_horizontal_pipes:8, Vulcanite Horizontal Pipes
metallurgychisel:nether_horizontal_pipes:9, Sanguinite Horizontal Pipes
metallurgychisel:nether_horizontal_pipes:10, Shadow Steel Horizontal Pipes
metallurgychisel:nether_horizontal_pipes:11, Inolashite Horizontal Pipes
metallurgychisel:nether_horizontal_pipes:12, Amordrine Horizontal Pipes
metallurgychisel:nether_horizontal_plate:0, Ignatius Horizontal Plate
metallurgychisel:nether_horizontal_plate:1, Shadow Iron Horizontal Plate
metallurgychisel:nether_horizontal_plate:2, Lemurite Horizontal Plate
metallurgychisel:nether_horizontal_plate:3, Midasium Horizontal Plate
metallurgychisel:nether_horizontal_plate:4, Vyroxeres Horizontal Plate
metallurgychisel:nether_horizontal_plate:5, Ceruclase Horizontal Plate
metallurgychisel:nether_horizontal_plate:6, Alduorite Horizontal Plate
metallurgychisel:nether_horizontal_plate:7, Kalendrite Horizontal Plate
metallurgychisel:nether_horizontal_plate:8, Vulcanite Horizontal Plate
metallurgychisel:nether_horizontal_plate:9, Sanguinite Horizontal Plate
metallurgychisel:nether_horizontal_plate:10, Shadow Steel Horizontal Plate
metallurgychisel:nether_horizontal_plate:11, Inolashite Horizontal Plate
metallurgychisel:nether_horizontal_plate:12, Amordrine Horizontal Plate
metallurgychisel:nether_large_bricks:0, Ignatius Large Bricks
metallurgychisel:nether_large_bricks:1, Shadow Iron Large Bricks
metallurgychisel:nether_large_bricks:2, Lemurite Large Bricks
metallurgychisel:nether_large_bricks:3, Midasium Large Bricks
metallurgychisel:nether_large_bricks:4, Vyroxeres Large Bricks
metallurgychisel:nether_large_bricks:5, Ceruclase Large Bricks
metallurgychisel:nether_large_bricks:6, Alduorite Large Bricks
metallurgychisel:nether_large_bricks:7, Kalendrite Large Bricks
metallurgychisel:nether_large_bricks:8, Vulcanite Large Bricks
metallurgychisel:nether_large_bricks:9, Sanguinite Large Bricks
metallurgychisel:nether_large_bricks:10, Shadow Steel Large Bricks
metallurgychisel:nether_large_bricks:11, Inolashite Large Bricks
metallurgychisel:nether_large_bricks:12, Amordrine Large Bricks
metallurgychisel:nether_ornate:0, Ignatius Ornate
metallurgychisel:nether_ornate:1, Shadow Iron Ornate
metallurgychisel:nether_ornate:2, Lemurite Ornate
metallurgychisel:nether_ornate:3, Midasium Ornate
metallurgychisel:nether_ornate:4, Vyroxeres Ornate
metallurgychisel:nether_ornate:5, Ceruclase Ornate
metallurgychisel:nether_ornate:6, Alduorite Ornate
metallurgychisel:nether_ornate:7, Kalendrite Ornate
metallurgychisel:nether_ornate:8, Vulcanite Ornate
metallurgychisel:nether_ornate:9, Sanguinite Ornate
metallurgychisel:nether_ornate:10, Shadow Steel Ornate
metallurgychisel:nether_ornate:11, Inolashite Ornate
metallurgychisel:nether_ornate:12, Amordrine Ornate
metallurgychisel:nether_plate:0, Ignatius Plate
metallurgychisel:nether_plate:1, Shadow Iron Plate
metallurgychisel:nether_plate:2, Lemurite Plate
metallurgychisel:nether_plate:3, Midasium Plate
metallurgychisel:nether_plate:4, Vyroxeres Plate
metallurgychisel:nether_plate:5, Ceruclase Plate
metallurgychisel:nether_plate:6, Alduorite Plate
metallurgychisel:nether_plate:7, Kalendrite Plate
metallurgychisel:nether_plate:8, Vulcanite Plate
metallurgychisel:nether_plate:9, Sanguinite Plate
metallurgychisel:nether_plate:10, Shadow Steel Plate
metallurgychisel:nether_plate:11, Inolashite Plate
metallurgychisel:nether_plate:12, Amordrine Plate
metallurgychisel:nether_quarter_plate:0, Ignatius Quarter Plate
metallurgychisel:nether_quarter_plate:1, Shadow Iron Quarter Plate
metallurgychisel:nether_quarter_plate:2, Lemurite Quarter Plate
metallurgychisel:nether_quarter_plate:3, Midasium Quarter Plate
metallurgychisel:nether_quarter_plate:4, Vyroxeres Quarter Plate
metallurgychisel:nether_quarter_plate:5, Ceruclase Quarter Plate
metallurgychisel:nether_quarter_plate:6, Alduorite Quarter Plate
metallurgychisel:nether_quarter_plate:7, Kalendrite Quarter Plate
metallurgychisel:nether_quarter_plate:8, Vulcanite Quarter Plate
metallurgychisel:nether_quarter_plate:9, Sanguinite Quarter Plate
metallurgychisel:nether_quarter_plate:10, Shadow Steel Quarter Plate
metallurgychisel:nether_quarter_plate:11, Inolashite Quarter Plate
metallurgychisel:nether_quarter_plate:12, Amordrine Quarter Plate
metallurgychisel:nether_rune:0, Ignatius Rune
metallurgychisel:nether_rune:1, Shadow Iron Rune
metallurgychisel:nether_rune:2, Lemurite Rune
metallurgychisel:nether_rune:3, Midasium Rune
metallurgychisel:nether_rune:4, Vyroxeres Rune
metallurgychisel:nether_rune:5, Ceruclase Rune
metallurgychisel:nether_rune:6, Alduorite Rune
metallurgychisel:nether_rune:7, Kalendrite Rune
metallurgychisel:nether_rune:8, Vulcanite Rune
metallurgychisel:nether_rune:9, Sanguinite Rune
metallurgychisel:nether_rune:10, Shadow Steel Rune
metallurgychisel:nether_rune:11, Inolashite Rune
metallurgychisel:nether_rune:12, Amordrine Rune
metallurgychisel:nether_small_bricks:0, Ignatius Small Bricks
metallurgychisel:nether_small_bricks:1, Shadow Iron Small Bricks
metallurgychisel:nether_small_bricks:2, Lemurite Small Bricks
metallurgychisel:nether_small_bricks:3, Midasium Small Bricks
metallurgychisel:nether_small_bricks:4, Vyroxeres Small Bricks
metallurgychisel:nether_small_bricks:5, Ceruclase Small Bricks
metallurgychisel:nether_small_bricks:6, Alduorite Small Bricks
metallurgychisel:nether_small_bricks:7, Kalendrite Small Bricks
metallurgychisel:nether_small_bricks:8, Vulcanite Small Bricks
metallurgychisel:nether_small_bricks:9, Sanguinite Small Bricks
metallurgychisel:nether_small_bricks:10, Shadow Steel Small Bricks
metallurgychisel:nether_small_bricks:11, Inolashite Small Bricks
metallurgychisel:nether_small_bricks:12, Amordrine Small Bricks
metallurgychisel:nether_spiral:0, Ignatius Spiral
metallurgychisel:nether_spiral:1, Shadow Iron Spiral
metallurgychisel:nether_spiral:2, Lemurite Spiral
metallurgychisel:nether_spiral:3, Midasium Spiral
metallurgychisel:nether_spiral:4, Vyroxeres Spiral
metallurgychisel:nether_spiral:5, Ceruclase Spiral
metallurgychisel:nether_spiral:6, Alduorite Spiral
metallurgychisel:nether_spiral:7, Kalendrite Spiral
metallurgychisel:nether_spiral:8, Vulcanite Spiral
metallurgychisel:nether_spiral:9, Sanguinite Spiral
metallurgychisel:nether_spiral:10, Shadow Steel Spiral
metallurgychisel:nether_spiral:11, Inolashite Spiral
metallurgychisel:nether_spiral:12, Amordrine Spiral
metallurgychisel:nether_vertical_pipes:0, Ignatius Vertical Pipes
metallurgychisel:nether_vertical_pipes:1, Shadow Iron Vertical Pipes
metallurgychisel:nether_vertical_pipes:2, Lemurite Vertical Pipes
metallurgychisel:nether_vertical_pipes:3, Midasium Vertical Pipes
metallurgychisel:nether_vertical_pipes:4, Vyroxeres Vertical Pipes
metallurgychisel:nether_vertical_pipes:5, Ceruclase Vertical Pipes
metallurgychisel:nether_vertical_pipes:6, Alduorite Vertical Pipes
metallurgychisel:nether_vertical_pipes:7, Kalendrite Vertical Pipes
metallurgychisel:nether_vertical_pipes:8, Vulcanite Vertical Pipes
metallurgychisel:nether_vertical_pipes:9, Sanguinite Vertical Pipes
metallurgychisel:nether_vertical_pipes:10, Shadow Steel Vertical Pipes
metallurgychisel:nether_vertical_pipes:11, Inolashite Vertical Pipes
metallurgychisel:nether_vertical_pipes:12, Amordrine Vertical Pipes
metallurgychisel:nether_vertical_plate:0, Ignatius Vertical Plate
metallurgychisel:nether_vertical_plate:1, Shadow Iron Vertical Plate
metallurgychisel:nether_vertical_plate:2, Lemurite Vertical Plate
metallurgychisel:nether_vertical_plate:3, Midasium Vertical Plate
metallurgychisel:nether_vertical_plate:4, Vyroxeres Vertical Plate
metallurgychisel:nether_vertical_plate:5, Ceruclase Vertical Plate
metallurgychisel:nether_vertical_plate:6, Alduorite Vertical Plate
metallurgychisel:nether_vertical_plate:7, Kalendrite Vertical Plate
metallurgychisel:nether_vertical_plate:8, Vulcanite Vertical Plate
metallurgychisel:nether_vertical_plate:9, Sanguinite Vertical Plate
metallurgychisel:nether_vertical_plate:10, Shadow Steel Vertical Plate
metallurgychisel:nether_vertical_plate:11, Inolashite Vertical Plate
metallurgychisel:nether_vertical_plate:12, Amordrine Vertical Plate
metallurgychisel:nether_warning:0, Ignatius Warning
metallurgychisel:nether_warning:1, Shadow Iron Warning
metallurgychisel:nether_warning:2, Lemurite Warning
metallurgychisel:nether_warning:3, Midasium Warning
metallurgychisel:nether_warning:4, Vyroxeres Warning
metallurgychisel:nether_warning:5, Ceruclase Warning
metallurgychisel:nether_warning:6, Alduorite Warning
metallurgychisel:nether_warning:7, Kalendrite Warning
metallurgychisel:nether_warning:8, Vulcanite Warning
metallurgychisel:nether_warning:9, Sanguinite Warning
metallurgychisel:nether_warning:10, Shadow Steel Warning
metallurgychisel:nether_warning:11, Inolashite Warning
metallurgychisel:nether_warning:12, Amordrine Warning
metallurgychisel:precious_bar_storage:0, Zinc Bar Storage
metallurgychisel:precious_bar_storage:1, Silver Bar Storage
metallurgychisel:precious_bar_storage:2, Platinum Bar Storage
metallurgychisel:precious_bar_storage:3, Brass Bar Storage
metallurgychisel:precious_bar_storage:4, Electrum Bar Storage
metallurgychisel:precious_blank_plate:0, Zinc Blank Plate
metallurgychisel:precious_blank_plate:1, Silver Blank Plate
metallurgychisel:precious_blank_plate:2, Platinum Blank Plate
metallurgychisel:precious_blank_plate:3, Brass Blank Plate
metallurgychisel:precious_blank_plate:4, Electrum Blank Plate
metallurgychisel:precious_circle_plate:0, Zinc Circle Plate
metallurgychisel:precious_circle_plate:1, Silver Circle Plate
metallurgychisel:precious_circle_plate:2, Platinum Circle Plate
metallurgychisel:precious_circle_plate:3, Brass Circle Plate
metallurgychisel:precious_circle_plate:4, Electrum Circle Plate
metallurgychisel:precious_horizontal_pipes:0, Zinc Horizontal Pipes
metallurgychisel:precious_horizontal_pipes:1, Silver Horizontal Pipes
metallurgychisel:precious_horizontal_pipes:2, Platinum Horizontal Pipes
metallurgychisel:precious_horizontal_pipes:3, Brass Horizontal Pipes
metallurgychisel:precious_horizontal_pipes:4, Electrum Horizontal Pipes
metallurgychisel:precious_horizontal_plate:0, Zinc Horizontal Plate
metallurgychisel:precious_horizontal_plate:1, Silver Horizontal Plate
metallurgychisel:precious_horizontal_plate:2, Platinum Horizontal Plate
metallurgychisel:precious_horizontal_plate:3, Brass Horizontal Plate
metallurgychisel:precious_horizontal_plate:4, Electrum Horizontal Plate
metallurgychisel:precious_large_bricks:0, Zinc Large Bricks
metallurgychisel:precious_large_bricks:1, Silver Large Bricks
metallurgychisel:precious_large_bricks:2, Platinum Large Bricks
metallurgychisel:precious_large_bricks:3, Brass Large Bricks
metallurgychisel:precious_large_bricks:4, Electrum Large Bricks
metallurgychisel:precious_ornate:0, Zinc Ornate
metallurgychisel:precious_ornate:1, Silver Ornate
metallurgychisel:precious_ornate:2, Platinum Ornate
metallurgychisel:precious_ornate:3, Brass Ornate
metallurgychisel:precious_ornate:4, Electrum Ornate
metallurgychisel:precious_plate:0, Zinc Plate
metallurgychisel:precious_plate:1, Silver Plate
metallurgychisel:precious_plate:2, Platinum Plate
metallurgychisel:precious_plate:3, Brass Plate
metallurgychisel:precious_plate:4, Electrum Plate
metallurgychisel:precious_quarter_plate:0, Zinc Quarter Plate
metallurgychisel:precious_quarter_plate:1, Silver Quarter Plate
metallurgychisel:precious_quarter_plate:2, Platinum Quarter Plate
metallurgychisel:precious_quarter_plate:3, Brass Quarter Plate
metallurgychisel:precious_quarter_plate:4, Electrum Quarter Plate
metallurgychisel:precious_rune:0, Zinc Rune
metallurgychisel:precious_rune:1, Silver Rune
metallurgychisel:precious_rune:2, Platinum Rune
metallurgychisel:precious_rune:3, Brass Rune
metallurgychisel:precious_rune:4, Electrum Rune
metallurgychisel:precious_small_bricks:0, Zinc Small Bricks
metallurgychisel:precious_small_bricks:1, Silver Small Bricks
metallurgychisel:precious_small_bricks:2, Platinum Small Bricks
metallurgychisel:precious_small_bricks:3, Brass Small Bricks
metallurgychisel:precious_small_bricks:4, Electrum Small Bricks
metallurgychisel:precious_spiral:0, Zinc Spiral
metallurgychisel:precious_spiral:1, Silver Spiral
metallurgychisel:precious_spiral:2, Platinum Spiral
metallurgychisel:precious_spiral:3, Brass Spiral
metallurgychisel:precious_spiral:4, Electrum Spiral
metallurgychisel:precious_vertical_pipes:0, Zinc Vertical Pipes
metallurgychisel:precious_vertical_pipes:1, Silver Vertical Pipes
metallurgychisel:precious_vertical_pipes:2, Platinum Vertical Pipes
metallurgychisel:precious_vertical_pipes:3, Brass Vertical Pipes
metallurgychisel:precious_vertical_pipes:4, Electrum Vertical Pipes
metallurgychisel:precious_vertical_plate:0, Zinc Vertical Plate
metallurgychisel:precious_vertical_plate:1, Silver Vertical Plate
metallurgychisel:precious_vertical_plate:2, Platinum Vertical Plate
metallurgychisel:precious_vertical_plate:3, Brass Vertical Plate
metallurgychisel:precious_vertical_plate:4, Electrum Vertical Plate
metallurgychisel:precious_warning:0, Zinc Warning
metallurgychisel:precious_warning:1, Silver Warning
metallurgychisel:precious_warning:2, Platinum Warning
metallurgychisel:precious_warning:3, Brass Warning
metallurgychisel:precious_warning:4, Electrum Warning
metallurgychisel:base_frame:0, Copper Frame
metallurgychisel:base_frame:1, Tin Frame
metallurgychisel:base_frame:2, Manganese Frame
metallurgychisel:base_frame:3, Bronze Frame
metallurgychisel:base_frame:4, Hepatizon Frame
metallurgychisel:base_frame:5, Damascus Steel Frame
metallurgychisel:base_frame:6, Angmallen Frame
metallurgychisel:base_frame:7, Steel Frame
metallurgychisel:base_frame_crossed:0, Copper Frame Crossed
metallurgychisel:base_frame_crossed:1, Tin Frame Crossed
metallurgychisel:base_frame_crossed:2, Manganese Frame Crossed
metallurgychisel:base_frame_crossed:3, Bronze Frame Crossed
metallurgychisel:base_frame_crossed:4, Hepatizon Frame Crossed
metallurgychisel:base_frame_crossed:5, Damascus Steel Frame Crossed
metallurgychisel:base_frame_crossed:6, Angmallen Frame Crossed
metallurgychisel:base_frame_crossed:7, Steel Frame Crossed
metallurgychisel:base_grate:0, Copper Grate
metallurgychisel:base_grate:1, Tin Grate
metallurgychisel:base_grate:2, Manganese Grate
metallurgychisel:base_grate:3, Bronze Grate
metallurgychisel:base_grate:4, Hepatizon Grate
metallurgychisel:base_grate:5, Damascus Steel Grate
metallurgychisel:base_grate:6, Angmallen Grate
metallurgychisel:base_grate:7, Steel Grate
metallurgychisel:base_mesh:0, Copper Mesh
metallurgychisel:base_mesh:1, Tin Mesh
metallurgychisel:base_mesh:2, Manganese Mesh
metallurgychisel:base_mesh:3, Bronze Mesh
metallurgychisel:base_mesh:4, Hepatizon Mesh
metallurgychisel:base_mesh:5, Damascus Steel Mesh
metallurgychisel:base_mesh:6, Angmallen Mesh
metallurgychisel:base_mesh:7, Steel Mesh
metallurgychisel:base_window:0, Copper Window
metallurgychisel:base_window:1, Tin Window
metallurgychisel:base_window:2, Manganese Window
metallurgychisel:base_window:3, Bronze Window
metallurgychisel:base_window:4, Hepatizon Window
metallurgychisel:base_window:5, Damascus Steel Window
metallurgychisel:base_window:6, Angmallen Window
metallurgychisel:base_window:7, Steel Window
metallurgychisel:ender_frame:0, Eximite Frame
metallurgychisel:ender_frame:1, Meutoite Frame
metallurgychisel:ender_frame:2, Desichalkos Frame
metallurgychisel:ender_frame_crossed:0, Eximite Frame Crossed
metallurgychisel:ender_frame_crossed:1, Meutoite Frame Crossed
metallurgychisel:ender_frame_crossed:2, Desichalkos Frame Crossed
metallurgychisel:ender_grate:0, Eximite Grate
metallurgychisel:ender_grate:1, Meutoite Grate
metallurgychisel:ender_grate:2, Desichalkos Grate
metallurgychisel:ender_mesh:0, Eximite Mesh
metallurgychisel:ender_mesh:1, Meutoite Mesh
metallurgychisel:ender_mesh:2, Desichalkos Mesh
metallurgychisel:ender_window:0, Eximite Window
metallurgychisel:ender_window:1, Meutoite Window
metallurgychisel:ender_window:2, Desichalkos Window
metallurgychisel:fantasy_frame:0, Prometheum Frame
metallurgychisel:fantasy_frame:1, Deep Iron Frame
metallurgychisel:fantasy_frame:2, Infuscolium Frame
metallurgychisel:fantasy_frame:3, Black Steel Frame
metallurgychisel:fantasy_frame:4, Oureclase Frame
metallurgychisel:fantasy_frame:5, Astral Silver Frame
metallurgychisel:fantasy_frame:6, Carmot Frame
metallurgychisel:fantasy_frame:7, Mithril Frame
metallurgychisel:fantasy_frame:8, Rubracium Frame
metallurgychisel:fantasy_frame:9, Quicksilver Frame
metallurgychisel:fantasy_frame:10, Haderoth Frame
metallurgychisel:fantasy_frame:11, Orichalcum Frame
metallurgychisel:fantasy_frame:12, Celenegil Frame
metallurgychisel:fantasy_frame:13, Adamantine Frame
metallurgychisel:fantasy_frame:14, Atlarus Frame
metallurgychisel:fantasy_frame:15, Tartarite Frame
metallurgychisel:fantasy_frame_crossed:0, Prometheum Frame Crossed
metallurgychisel:fantasy_frame_crossed:1, Deep Iron Frame Crossed
metallurgychisel:fantasy_frame_crossed:2, Infuscolium Frame Crossed
metallurgychisel:fantasy_frame_crossed:3, Black Steel Frame Crossed
metallurgychisel:fantasy_frame_crossed:4, Oureclase Frame Crossed
metallurgychisel:fantasy_frame_crossed:5, Astral Silver Frame Crossed
metallurgychisel:fantasy_frame_crossed:6, Carmot Frame Crossed
metallurgychisel:fantasy_frame_crossed:7, Mithril Frame Crossed
metallurgychisel:fantasy_frame_crossed:8, Rubracium Frame Crossed
metallurgychisel:fantasy_frame_crossed:9, Quicksilver Frame Crossed
metallurgychisel:fantasy_frame_crossed:10, Haderoth Frame Crossed
metallurgychisel:fantasy_frame_crossed:11, Orichalcum Frame Crossed
metallurgychisel:fantasy_frame_crossed:12, Celenegil Frame Crossed
metallurgychisel:fantasy_frame_crossed:13, Adamantine Frame Crossed
metallurgychisel:fantasy_frame_crossed:14, Atlarus Frame Crossed
metallurgychisel:fantasy_frame_crossed:15, Tartarite Frame Crossed
metallurgychisel:fantasy_grate:0, Prometheum Grate
metallurgychisel:fantasy_grate:1, Deep Iron Grate
metallurgychisel:fantasy_grate:2, Infuscolium Grate
metallurgychisel:fantasy_grate:3, Black Steel Grate
metallurgychisel:fantasy_grate:4, Oureclase Grate
metallurgychisel:fantasy_grate:5, Astral Silver Grate
metallurgychisel:fantasy_grate:6, Carmot Grate
metallurgychisel:fantasy_grate:7, Mithril Grate
metallurgychisel:fantasy_grate:8, Rubracium Grate
metallurgychisel:fantasy_grate:9, Quicksilver Grate
metallurgychisel:fantasy_grate:10, Haderoth Grate
metallurgychisel:fantasy_grate:11, Orichalcum Grate
metallurgychisel:fantasy_grate:12, Celenegil Grate
metallurgychisel:fantasy_grate:13, Adamantine Grate
metallurgychisel:fantasy_grate:14, Atlarus Grate
metallurgychisel:fantasy_grate:15, Tartarite Grate
metallurgychisel:fantasy_mesh:0, Prometheum Mesh
metallurgychisel:fantasy_mesh:1, Deep Iron Mesh
metallurgychisel:fantasy_mesh:2, Infuscolium Mesh
metallurgychisel:fantasy_mesh:3, Black Steel Mesh
metallurgychisel:fantasy_mesh:4, Oureclase Mesh
metallurgychisel:fantasy_mesh:5, Astral Silver Mesh
metallurgychisel:fantasy_mesh:6, Carmot Mesh
metallurgychisel:fantasy_mesh:7, Mithril Mesh
metallurgychisel:fantasy_mesh:8, Rubracium Mesh
metallurgychisel:fantasy_mesh:9, Quicksilver Mesh
metallurgychisel:fantasy_mesh:10, Haderoth Mesh
metallurgychisel:fantasy_mesh:11, Orichalcum Mesh
metallurgychisel:fantasy_mesh:12, Celenegil Mesh
metallurgychisel:fantasy_mesh:13, Adamantine Mesh
metallurgychisel:fantasy_mesh:14, Atlarus Mesh
metallurgychisel:fantasy_mesh:15, Tartarite Mesh
metallurgychisel:fantasy_window:0, Prometheum Window
metallurgychisel:fantasy_window:1, Deep Iron Window
metallurgychisel:fantasy_window:2, Infuscolium Window
metallurgychisel:fantasy_window:3, Black Steel Window
metallurgychisel:fantasy_window:4, Oureclase Window
metallurgychisel:fantasy_window:5, Astral Silver Window
metallurgychisel:fantasy_window:6, Carmot Window
metallurgychisel:fantasy_window:7, Mithril Window
metallurgychisel:fantasy_window:8, Rubracium Window
metallurgychisel:fantasy_window:9, Quicksilver Window
metallurgychisel:fantasy_window:10, Haderoth Window
metallurgychisel:fantasy_window:11, Orichalcum Window
metallurgychisel:fantasy_window:12, Celenegil Window
metallurgychisel:fantasy_window:13, Adamantine Window
metallurgychisel:fantasy_window:14, Atlarus Window
metallurgychisel:fantasy_window:15, Tartarite Window
metallurgychisel:nether_frame:0, Ignatius Frame
metallurgychisel:nether_frame:1, Shadow Iron Frame
metallurgychisel:nether_frame:2, Lemurite Frame
metallurgychisel:nether_frame:3, Midasium Frame
metallurgychisel:nether_frame:4, Vyroxeres Frame
metallurgychisel:nether_frame:5, Ceruclase Frame
metallurgychisel:nether_frame:6, Alduorite Frame
metallurgychisel:nether_frame:7, Kalendrite Frame
metallurgychisel:nether_frame:8, Vulcanite Frame
metallurgychisel:nether_frame:9, Sanguinite Frame
metallurgychisel:nether_frame:10, Shadow Steel Frame
metallurgychisel:nether_frame:11, Inolashite Frame
metallurgychisel:nether_frame:12, Amordrine Frame
metallurgychisel:nether_frame_crossed:0, Ignatius Frame Crossed
metallurgychisel:nether_frame_crossed:1, Shadow Iron Frame Crossed
metallurgychisel:nether_frame_crossed:2, Lemurite Frame Crossed
metallurgychisel:nether_frame_crossed:3, Midasium Frame Crossed
metallurgychisel:nether_frame_crossed:4, Vyroxeres Frame Crossed
metallurgychisel:nether_frame_crossed:5, Ceruclase Frame Crossed
metallurgychisel:nether_frame_crossed:6, Alduorite Frame Crossed
metallurgychisel:nether_frame_crossed:7, Kalendrite Frame Crossed
metallurgychisel:nether_frame_crossed:8, Vulcanite Frame Crossed
metallurgychisel:nether_frame_crossed:9, Sanguinite Frame Crossed
metallurgychisel:nether_frame_crossed:10, Shadow Steel Frame Crossed
metallurgychisel:nether_frame_crossed:11, Inolashite Frame Crossed
metallurgychisel:nether_frame_crossed:12, Amordrine Frame Crossed
metallurgychisel:nether_grate:0, Ignatius Grate
metallurgychisel:nether_grate:1, Shadow Iron Grate
metallurgychisel:nether_grate:2, Lemurite Grate
metallurgychisel:nether_grate:3, Midasium Grate
metallurgychisel:nether_grate:4, Vyroxeres Grate
metallurgychisel:nether_grate:5, Ceruclase Grate
metallurgychisel:nether_grate:6, Alduorite Grate
metallurgychisel:nether_grate:7, Kalendrite Grate
metallurgychisel:nether_grate:8, Vulcanite Grate
metallurgychisel:nether_grate:9, Sanguinite Grate
metallurgychisel:nether_grate:10, Shadow Steel Grate
metallurgychisel:nether_grate:11, Inolashite Grate
metallurgychisel:nether_grate:12, Amordrine Grate
metallurgychisel:nether_mesh:0, Ignatius Mesh
metallurgychisel:nether_mesh:1, Shadow Iron Mesh
metallurgychisel:nether_mesh:2, Lemurite Mesh
metallurgychisel:nether_mesh:3, Midasium Mesh
metallurgychisel:nether_mesh:4, Vyroxeres Mesh
metallurgychisel:nether_mesh:5, Ceruclase Mesh
metallurgychisel:nether_mesh:6, Alduorite Mesh
metallurgychisel:nether_mesh:7, Kalendrite Mesh
metallurgychisel:nether_mesh:8, Vulcanite Mesh
metallurgychisel:nether_mesh:9, Sanguinite Mesh
metallurgychisel:nether_mesh:10, Shadow Steel Mesh
metallurgychisel:nether_mesh:11, Inolashite Mesh
metallurgychisel:nether_mesh:12, Amordrine Mesh
metallurgychisel:nether_window:0, Ignatius Window
metallurgychisel:nether_window:1, Shadow Iron Window
metallurgychisel:nether_window:2, Lemurite Window
metallurgychisel:nether_window:3, Midasium Window
metallurgychisel:nether_window:4, Vyroxeres Window
metallurgychisel:nether_window:5, Ceruclase Window
metallurgychisel:nether_window:6, Alduorite Window
metallurgychisel:nether_window:7, Kalendrite Window
metallurgychisel:nether_window:8, Vulcanite Window
metallurgychisel:nether_window:9, Sanguinite Window
metallurgychisel:nether_window:10, Shadow Steel Window
metallurgychisel:nether_window:11, Inolashite Window
metallurgychisel:nether_window:12, Amordrine Window
metallurgychisel:precious_frame:0, Zinc Frame
metallurgychisel:precious_frame:1, Silver Frame
metallurgychisel:precious_frame:2, Platinum Frame
metallurgychisel:precious_frame:3, Brass Frame
metallurgychisel:precious_frame:4, Electrum Frame
metallurgychisel:precious_frame_crossed:0, Zinc Frame Crossed
metallurgychisel:precious_frame_crossed:1, Silver Frame Crossed
metallurgychisel:precious_frame_crossed:2, Platinum Frame Crossed
metallurgychisel:precious_frame_crossed:3, Brass Frame Crossed
metallurgychisel:precious_frame_crossed:4, Electrum Frame Crossed
metallurgychisel:precious_grate:0, Zinc Grate
metallurgychisel:precious_grate:1, Silver Grate
metallurgychisel:precious_grate:2, Platinum Grate
metallurgychisel:precious_grate:3, Brass Grate
metallurgychisel:precious_grate:4, Electrum Grate
metallurgychisel:precious_mesh:0, Zinc Mesh
metallurgychisel:precious_mesh:1, Silver Mesh
metallurgychisel:precious_mesh:2, Platinum Mesh
metallurgychisel:precious_mesh:3, Brass Mesh
metallurgychisel:precious_mesh:4, Electrum Mesh
metallurgychisel:precious_window:0, Zinc Window
metallurgychisel:precious_window:1, Silver Window
metallurgychisel:precious_window:2, Platinum Window
metallurgychisel:precious_window:3, Brass Window
metallurgychisel:precious_window:4, Electrum Window
metallurgycm:abstractor:0, Prometheum Abstractor
metallurgycm:abstractor:1, Deep Iron Abstractor
metallurgycm:abstractor:2, Black Steel Abstractor
metallurgycm:abstractor:3, Oureclase Abstractor
metallurgycm:abstractor:4, Mithril Abstractor
metallurgycm:abstractor:5, Haderoth Abstractor
metallurgycm:abstractor:6, Orichalcum Abstractor
metallurgycm:abstractor:7, Adamantine Abstractor
metallurgycm:abstractor:8, Atlarus Abstractor
metallurgycm:abstractor:9, Tartarite Abstractor
metallurgycm:crusher:0, Stone Crusher
metallurgycm:crusher:1, Copper Crusher
metallurgycm:crusher:2, Bronze Crusher
metallurgycm:crusher:3, Iron Crusher
metallurgycm:crusher:4, Steel Crusher
metallurgycm:metal_chest:0, Brass Chest
metallurgycm:metal_chest:1, Silver Chest
metallurgycm:metal_chest:2, Gold Chest
metallurgycm:metal_chest:3, Electrum Chest
metallurgycm:metal_chest:4, Platinum Chest
metallurgycm:metal_furnace:0, Copper Furnace
metallurgycm:metal_furnace:1, Bronze Furnace
metallurgycm:metal_furnace:2, Iron Furnace
metallurgycm:metal_furnace:3, Steel Furnace
metallurgycm:smelter:0, Ignatius Smelter
metallurgycm:smelter:1, Shadow Iron Smelter
metallurgycm:smelter:2, Shadow Steel Smelter
metallurgycm:smelter:3, Vyroxeres Smelter
metallurgycm:smelter:4, Inolashite Smelter
metallurgycm:smelter:5, Kalendrite Smelter
metallurgycm:smelter:6, Vulcanite Smelter
metallurgycm:smelter:7, Sanguinite Smelter
mineralogy:andesite, Andesite
mineralogy:andesite_smooth, Polished Andesite
mineralogy:basalt, Vesicular Basalt
mineralogy:basalt_smooth, Polished Basalt
mineralogy:diorite, Diorite
mineralogy:diorite_smooth, Polished Diorite
mineralogy:granite, Granite
mineralogy:granite_smooth, Polished Granite
mineralogy:pumice, Pumice
mineralogy:pumice_smooth, Pumice Block
mineralogy:rhyolite, Rhyolite
mineralogy:rhyolite_smooth, Polished Rhyolite
mineralogy:pegmatite, Pegmatite
mineralogy:pegmatite_smooth, Polished Pegmatite
mineralogy:shale, Shale
mineralogy:shale_smooth, Polished Shale
mineralogy:shale_brick, Shale Brick
mineralogy:conglomerate, Conglomerate Stone
mineralogy:conglomerate_smooth, Polished Conglomerate Block
mineralogy:dolomite, Dolomite
mineralogy:dolomite_smooth, Polished Dolomite
mineralogy:limestone, Limestone
mineralogy:limestone_smooth, Polished Limestone
mineralogy:limestone_brick, Limestone Brick
mineralogy:gypsum, Gypsum
mineralogy:chert, Chert
mineralogy:slate, Slate
mineralogy:slate_smooth, Polished Slate
mineralogy:slate_brick, Slate Brick
mineralogy:schist, Schist
mineralogy:schist_smooth, Polished Schist
mineralogy:gneiss, Gneiss
mineralogy:gneiss_smooth, Polished Gneiss
mineralogy:sulfur_ore, Sulfur
mineralogy:phosphorous_ore, Phosphorite
mineralogy:nitrate_ore, Saltpeter
mineralogy:drywall_black, Black Drywall
mineralogy:drywall_red, Red Drywall
mineralogy:drywall_green, Green Drywall
mineralogy:drywall_brown, Brown Drywall
mineralogy:drywall_blue, Blue Drywall
mineralogy:drywall_purple, Purple Drywall
mineralogy:drywall_cyan, Cyan Drywall
mineralogy:drywall_silver, Light Gray Drywall
mineralogy:drywall_gray, Dark Gray Drywall
mineralogy:drywall_pink, Pink Drywall
mineralogy:drywall_lime, Bright Green Drywall
mineralogy:drywall_yellow, Yellow Drywall
mineralogy:drywall_light_blue, Light Blue Drywall
mineralogy:drywall_magenta, Magenta Drywall
mineralogy:drywall_orange, Orange Drywall
mineralogy:drywall_white, White Drywall
minestones:msTableCenterBlock, Minestones Table Core
minestones:msTableFrameBlock, Minestones Table Frame
miniwheats:block_wheat_shredded, Block of Shredded Wheat
miniwheats:block_wheat_frosted,  Block of Frosted Shredded Wheat
miniwheats:block_sugar, Block of Sugar
miniwheats:wheat_workbench, Mini-Wheat Workbench (I can't get it to work)
moarswords:IconBlock, Creative Tab Icon Block
moarswords:ElectricOre, Electric Ore
moarswords:DarkEndstone, Dark Endstone
moarswords:SteelBlock, Block of Steel
mobcages:cageblock, Cage
mobstacker.integration:StackDrum, Drum of the Gathering S
mrplankmfm:blockSalmonBerries, Salmon Crop
mrplankmfm:block1000Cake, 1000 Downloads Yayy!!
com.MineDrow.MoreRealGlass:Framed Glass, Framed Glass
com.MineDrow.MoreRealGlass:Framed Glass Slab, Framed Glass Slab
com.MineDrow.MoreRealGlass:Small Shard Glass, Glass Shards
com.MineDrow.MoreRealGlass:Spike Glass, Glass Spikes
cfm:lampon, tile.lampon.name
cfm:lampoff, tile.lampoff.name
cfm:coffetablewood, tile.coffetablewood.name
cfm:coffetablestone, tile.coffetablestone.name
cfm:tablewood, tile.tablewood.name
cfm:tablestone, tile.tablestone.name
cfm:chairwood, tile.chairwood.name
cfm:chairstone, tile.chairstone.name
cfm:freezer, Freezer
cfm:fridge, tile.fridge.name
cfm:cabinet, tile.cabinet.name
cfm:couch, tile.couch.name
cfm:blindon, tile.blindon.name
cfm:blindoff, tile.blindoff.name
cfm:curtainon, tile.curtainon.name
cfm:curtainoff, tile.curtainoff.name
cfm:bedsidecabinet, tile.bedsidecabinet.name
cfm:oven, tile.oven.name
cfm:ovenoverhead, tile.ovenoverhead.name
cfm:hedge, tile.hedge.name
cfm:birdbath, tile.birdbath.name
cfm:stonepath, tile.stonepath.name
cfm:whitefence, tile.whitefence.name
cfm:tap, tile.tap.name
cfm:mailbox, tile.mailbox.name
cfm:tv, tile.tv.name
cfm:computer, tile.computer.name
cfm:printer, tile.printer.name
cfm:electricfence, tile.electricfence.name
cfm:doorbell, tile.doorbell.name
cfm:firealarmoff, tile.firealarmoff.name
cfm:firealarmon, tile.firealarmon.name
cfm:ceilinglightoff, tile.ceilinglightoff.name
cfm:ceilinglighton, tile.ceilinglighton.name
cfm:stereo, tile.stereo.name
cfm:toilet, tile.toilet.name
cfm:basin, tile.basin.name
cfm:wallcabinet, tile.wallcabinet.name
cfm:bath1, tile.bath1.name
cfm:bath2, tile.bath2.name
cfm:showerbottom, tile.showerbottom.name
cfm:showertop, tile.showertop.name
cfm:showerheadoff, tile.showerheadoff.name
cfm:showerheadon, tile.showerheadon.name
cfm:bin, tile.bin.name
cfm:present, Present
cfm:tree, tile.tree.name
cfm:toaster, tile.toaster.name
cfm:microwave, tile.microwave.name
cfm:washingmachine, tile.washingmachine.name
cfm:cookiejar, tile.cookiejar.name
cfm:blender, tile.blender.name
cfm:plate, tile.plate.name
cfm:cup, tile.cup.name
cfm:counterdoored, tile.counterdoored.name
cfm:countersink, tile.countersink.name
cfm:dishwasher, tile.dishwasher.name
cfm:kitchencabinet, tile.kitchencabinet.name
cfm:choppingboard, tile.choppingboard.name
cfm:barstool, tile.barstool.name
cfm:hey, tile.hey.name
cfm:nyan, tile.nyan.name
cfm:pattern, tile.pattern.name
cfm:yellowGlow, tile.yellowGlow.name
cfm:whiteGlass, tile.whiteGlass.name
mstm:RWPMK1, Reinforced Wooden Planks MK1
mstm:RWPMK2, Reinforced Wooden Planks MK2
mstm:RWPMK3, Reinforced Wooden Planks MK3
mstm:RCSMK1, Reinforced Cobblestone MK1
mstm:RCSMK2, Reinforced Cobblestone MK2
mstm:RCSMK3, Reinforced Cobblestone MK3
mstm:RIBMK1, Reinforced Iron Block MK1
mstm:RIBMK2, Reinforced Iron Block MK2
mstm:RIBMK3, Reinforced Iron Block MK3
mstm:RGBMK1, Reinforced Gold Block MK1
mstm:RGBMK2, Reinforced Gold Block MK2
mstm:RGBMK3, Reinforced Gold Block MK3
mstm:RDBMK1, Reinforced Diamond Block MK1
mstm:RDBMK2, Reinforced Diamond Block MK2
mstm:RDBMK3, Reinforced Diamond Block MK3
mukastructuremod:eki, Eki
mukastructuremod:eki_slab, Eki Slab
mukastructuremod:tenji, Tenji Block
mukastructuremod:chair, Chair
mukastructuremod:emergency_exit, Emergency Exit
mukastructuremod:panel:0, White Panel
mukastructuremod:panel:1, Orange Panel
mukastructuremod:panel:2, Magenta Panel
mukastructuremod:panel:3, Light Blue Panel
mukastructuremod:panel:4, Yellow Panel
mukastructuremod:panel:5, Lime Panel
mukastructuremod:panel:6, Pink Panel
mukastructuremod:panel:7, Gray Panel
mukastructuremod:panel:8, Silver Panel
mukastructuremod:panel:9, Cyan Panel
mukastructuremod:panel:10, Purple Panel
mukastructuremod:panel:11, Blue Panel
mukastructuremod:panel:12, Brown Panel
mukastructuremod:panel:13, Green Panel
mukastructuremod:panel:14, Red Panel
mukastructuremod:panel:15, Black Panel
mukastructuremod:stripe_panel:0, White Stripe Panel
mukastructuremod:stripe_panel:1, Orange Stripe Panel
mukastructuremod:stripe_panel:2, Magenta Stripe Panel
mukastructuremod:stripe_panel:3, Light Blue Stripe Panel
mukastructuremod:stripe_panel:4, Yellow Stripe Panel
mukastructuremod:stripe_panel:5, Lime Stripe Panel
mukastructuremod:stripe_panel:6, Pink Stripe Panel
mukastructuremod:stripe_panel:7, Gray Stripe Panel
mukastructuremod:stripe_panel:8, Silver Stripe Panel
mukastructuremod:stripe_panel:9, Cyan Stripe Panel
mukastructuremod:stripe_panel:10, Purple Stripe Panel
mukastructuremod:stripe_panel:11, Blue Stripe Panel
mukastructuremod:stripe_panel:12, Brown Stripe Panel
mukastructuremod:stripe_panel:13, Green Stripe Panel
mukastructuremod:stripe_panel:14, Red Stripe Panel
mukastructuremod:stripe_panel:15, Black Stripe Panel
mukastructuremod:spiral_tile:0, White Spiral Tile
mukastructuremod:spiral_tile:1, Orange Spiral Tile
mukastructuremod:spiral_tile:2, Yellow Spiral Tile
mukastructuremod:spiral_tile:3, Gray Spiral Tile
mukastructuremod:spiral_tile:4, Silver Spiral Tile
mukastructuremod:spiral_tile:5, Cyan Spiral Tile
mukastructuremod:spiral_tile:6, Blue Spiral Tile
mukastructuremod:spiral_tile:7, Brown Spiral Tile
mukastructuremod:spiral_tile:8, Green Spiral Tile
mukastructuremod:spiral_tile:9, Red Spiral Tile
mukastructuremod:spiral_tile:10, Black Spiral Tile
mukastructuremod:spiral_tile:11, Light Color Mix Spiral Tile
mukastructuremod:spiral_tile:12, Dark Color Mix Spiral Tile
mukastructuremod:spiral_tile:13, Red Mix Spiral Tile
mukastructuremod:spiral_tile:14, Green Mix Spiral Tile
mukastructuremod:spiral_tile:15, Blue Mix Spiral Tile
mukastructuremod:grid_tile:0, White Grid Tile
mukastructuremod:grid_tile:1, Orange Grid Tile
mukastructuremod:grid_tile:2, Yellow Grid Tile
mukastructuremod:grid_tile:3, Gray Grid Tile
mukastructuremod:grid_tile:4, Silver Grid Tile
mukastructuremod:grid_tile:5, Cyan Grid Tile
mukastructuremod:grid_tile:6, Blue Grid Tile
mukastructuremod:grid_tile:7, Brown Grid Tile
mukastructuremod:grid_tile:8, Green Grid Tile
mukastructuremod:grid_tile:9, Red Grid Tile
mukastructuremod:grid_tile:10, Black Grid Tile
mukastructuremod:grid_tile:11, Light Color Mix Grid Tile
mukastructuremod:grid_tile:12, Dark Color Mix Grid Tile
mukastructuremod:grid_tile:13, Red Mix Grid Tile
mukastructuremod:grid_tile:14, Green Mix Grid Tile
mukastructuremod:grid_tile:15, Blue Mix Grid Tile
mukastructuremod:square_tile:0, White Square Tile
mukastructuremod:square_tile:1, Orange Square Tile
mukastructuremod:square_tile:2, Yellow Square Tile
mukastructuremod:square_tile:3, Gray Square Tile
mukastructuremod:square_tile:4, Silver Square Tile
mukastructuremod:square_tile:5, Cyan Square Tile
mukastructuremod:square_tile:6, Blue Square Tile
mukastructuremod:square_tile:7, Brown Square Tile
mukastructuremod:square_tile:8, Green Square Tile
mukastructuremod:square_tile:9, Red Square Tile
mukastructuremod:square_tile:10, Black Square Tile
mukastructuremod:square_tile:11, Light Color Mix Square Tile
mukastructuremod:square_tile:12, Dark Color Mix Square Tile
mukastructuremod:square_tile:13, Red Mix Square Tile
mukastructuremod:square_tile:14, Green Mix Square Tile
mukastructuremod:square_tile:15, Blue Mix Square Tile
mukastructuremod:random_tile:0, White Random Tile
mukastructuremod:random_tile:1, Orange Random Tile
mukastructuremod:random_tile:2, Yellow Random Tile
mukastructuremod:random_tile:3, Gray Random Tile
mukastructuremod:random_tile:4, Silver Random Tile
mukastructuremod:random_tile:5, Cyan Random Tile
mukastructuremod:random_tile:6, Blue Random Tile
mukastructuremod:random_tile:7, Brown Random Tile
mukastructuremod:random_tile:8, Green Random Tile
mukastructuremod:random_tile:9, Red Random Tile
mukastructuremod:random_tile:10, Black Random Tile
mukastructuremod:random_tile:11, Light Color Mix Random Tile
mukastructuremod:random_tile:12, Dark Color Mix Random Tile
mukastructuremod:random_tile:13, Red Mix Random Tile
mukastructuremod:random_tile:14, Green Mix Random Tile
mukastructuremod:random_tile:15, Blue Mix Random Tile
mukastructuremod:spiral_tile_slab:0, White Spiral Tile Slab
mukastructuremod:spiral_tile_slab:1, Orange Spiral Tile Slab
mukastructuremod:spiral_tile_slab:2, Yellow Spiral Tile Slab
mukastructuremod:spiral_tile_slab:3, Gray Spiral Tile Slab
mukastructuremod:spiral_tile_slab:4, Silver Spiral Tile Slab
mukastructuremod:spiral_tile_slab:5, Cyan Spiral Tile Slab
mukastructuremod:spiral_tile_slab:6, Blue Spiral Tile Slab
mukastructuremod:spiral_tile_slab:7, Brown Spiral Tile Slab
mukastructuremod:spiral_tile_slab:8, Green Spiral Tile Slab
mukastructuremod:spiral_tile_slab:9, Red Spiral Tile Slab
mukastructuremod:spiral_tile_slab:10, Black Spiral Tile Slab
mukastructuremod:spiral_tile_slab:11, Light Color Mix Spiral Tile Slab
mukastructuremod:spiral_tile_slab:12, Dark Color Mix Spiral Tile Slab
mukastructuremod:spiral_tile_slab:13, Red Mix Spiral Tile Slab
mukastructuremod:spiral_tile_slab:14, Green Mix Spiral Tile Slab
mukastructuremod:spiral_tile_slab:15, Blue Mix Spiral Tile Slab
mukastructuremod:grid_tile_slab:0, White Grid Tile Slab
mukastructuremod:grid_tile_slab:1, Orange Grid Tile Slab
mukastructuremod:grid_tile_slab:2, Yellow Grid Tile Slab
mukastructuremod:grid_tile_slab:3, Gray Grid Tile Slab
mukastructuremod:grid_tile_slab:4, Silver Grid Tile Slab
mukastructuremod:grid_tile_slab:5, Cyan Grid Tile Slab
mukastructuremod:grid_tile_slab:6, Blue Grid Tile Slab
mukastructuremod:grid_tile_slab:7, Brown Grid Tile Slab
mukastructuremod:grid_tile_slab:8, Green Grid Tile Slab
mukastructuremod:grid_tile_slab:9, Red Grid Tile Slab
mukastructuremod:grid_tile_slab:10, Black Grid  Slab
mukastructuremod:grid_tile_slab:11, Light Color Mix Grid Tile Slab
mukastructuremod:grid_tile_slab:12, Dark Color Mix Grid Tile Slab
mukastructuremod:grid_tile_slab:13, Red Mix Grid Tile Slab
mukastructuremod:grid_tile_slab:14, Green Mix Grid Tile Slab
mukastructuremod:grid_tile_slab:15, Blue Mix Grid Tile Slab
mukastructuremod:square_tile_slab:0, White Square Tile Slab
mukastructuremod:square_tile_slab:1, Orange Square Tile Slab
mukastructuremod:square_tile_slab:2, Yellow Square Tile Slab
mukastructuremod:square_tile_slab:3, Gray Square Tile Slab
mukastructuremod:square_tile_slab:4, Silver Square Tile Slab
mukastructuremod:square_tile_slab:5, Cyan Square Tile Slab
mukastructuremod:square_tile_slab:6, Blue Square Tile Slab
mukastructuremod:square_tile_slab:7, Brown Square Tile Slab
mukastructuremod:square_tile_slab:8, Green Square Tile Slab
mukastructuremod:square_tile_slab:9, Red Square Tile Slab
mukastructuremod:square_tile_slab:10, Black Square Tile Slab
mukastructuremod:square_tile_slab:11, Light Color Mix Square Tile Slab
mukastructuremod:square_tile_slab:12, Dark Color Mix Square Tile Slab
mukastructuremod:square_tile_slab:13, Red Mix Square Tile Slab
mukastructuremod:square_tile_slab:14, Green Mix Square Tile Slab
mukastructuremod:square_tile_slab:15, Blue Mix Square Tile Slab
mukastructuremod:random_tile_slab:0, White Random Tile Slab
mukastructuremod:random_tile_slab:1, Orange Random Tile Slab
mukastructuremod:random_tile_slab:2, Yellow Random Tile Slab
mukastructuremod:random_tile_slab:3, Gray Random Tile Slab
mukastructuremod:random_tile_slab:4, Silver Random Tile Slab
mukastructuremod:random_tile_slab:5, Cyan Random Tile Slab
mukastructuremod:random_tile_slab:6, Blue Random Tile Slab
mukastructuremod:random_tile_slab:7, Brown Random Tile Slab
mukastructuremod:random_tile_slab:8, Green Random Tile Slab
mukastructuremod:random_tile_slab:9, Red Random Tile Slab
mukastructuremod:random_tile_slab:10, Black Random Tile Slab
mukastructuremod:random_tile_slab:11, Light Color Mix Random Tile Slab
mukastructuremod:random_tile_slab:12, Dark Color Mix Random Tile Slab
mukastructuremod:random_tile_slab:13, Red Mix Random Tile Slab
mukastructuremod:random_tile_slab:14, Green Mix Random Tile Slab
mukastructuremod:random_tile_slab:15, Blue Mix Random Tile Slab
mukastructuremod:spiral_tile_slab_top:0, tile.spiral_tile_slab_top.white.name
mukastructuremod:spiral_tile_slab_top:1, tile.spiral_tile_slab_top.orange.name
mukastructuremod:spiral_tile_slab_top:2, tile.spiral_tile_slab_top.yellow.name
mukastructuremod:spiral_tile_slab_top:3, tile.spiral_tile_slab_top.gray.name
mukastructuremod:spiral_tile_slab_top:4, tile.spiral_tile_slab_top.silver.name
mukastructuremod:spiral_tile_slab_top:5, tile.spiral_tile_slab_top.cyan.name
mukastructuremod:spiral_tile_slab_top:6, tile.spiral_tile_slab_top.blue.name
mukastructuremod:spiral_tile_slab_top:7, tile.spiral_tile_slab_top.brown.name
mukastructuremod:spiral_tile_slab_top:8, tile.spiral_tile_slab_top.green.name
mukastructuremod:spiral_tile_slab_top:9, tile.spiral_tile_slab_top.red.name
mukastructuremod:spiral_tile_slab_top:10, tile.spiral_tile_slab_top.black.name
mukastructuremod:spiral_tile_slab_top:11, tile.spiral_tile_slab_top.lightMix.name
mukastructuremod:spiral_tile_slab_top:12, tile.spiral_tile_slab_top.darkMix.name
mukastructuremod:spiral_tile_slab_top:13, tile.spiral_tile_slab_top.redMix.name
mukastructuremod:spiral_tile_slab_top:14, tile.spiral_tile_slab_top.greenMix.name
mukastructuremod:spiral_tile_slab_top:15, tile.spiral_tile_slab_top.blueMix.name
mukastructuremod:grid_tile_slab_top:0, tile.grid_tile_slab_top.white.name
mukastructuremod:grid_tile_slab_top:1, tile.grid_tile_slab_top.orange.name
mukastructuremod:grid_tile_slab_top:2, tile.grid_tile_slab_top.yellow.name
mukastructuremod:grid_tile_slab_top:3, tile.grid_tile_slab_top.gray.name
mukastructuremod:grid_tile_slab_top:4, tile.grid_tile_slab_top.silver.name
mukastructuremod:grid_tile_slab_top:5, tile.grid_tile_slab_top.cyan.name
mukastructuremod:grid_tile_slab_top:6, tile.grid_tile_slab_top.blue.name
mukastructuremod:grid_tile_slab_top:7, tile.grid_tile_slab_top.brown.name
mukastructuremod:grid_tile_slab_top:8, tile.grid_tile_slab_top.green.name
mukastructuremod:grid_tile_slab_top:9, tile.grid_tile_slab_top.red.name
mukastructuremod:grid_tile_slab_top:10, tile.grid_tile_slab_top.black.name
mukastructuremod:grid_tile_slab_top:11, tile.grid_tile_slab_top.lightMix.name
mukastructuremod:grid_tile_slab_top:12, tile.grid_tile_slab_top.darkMix.name
mukastructuremod:grid_tile_slab_top:13, tile.grid_tile_slab_top.redMix.name
mukastructuremod:grid_tile_slab_top:14, tile.grid_tile_slab_top.greenMix.name
mukastructuremod:grid_tile_slab_top:15, tile.grid_tile_slab_top.blueMix.name
mukastructuremod:square_tile_slab_top:0, tile.square_tile_slab_top.white.name
mukastructuremod:square_tile_slab_top:1, tile.square_tile_slab_top.orange.name
mukastructuremod:square_tile_slab_top:2, tile.square_tile_slab_top.yellow.name
mukastructuremod:square_tile_slab_top:3, tile.square_tile_slab_top.gray.name
mukastructuremod:square_tile_slab_top:4, tile.square_tile_slab_top.silver.name
mukastructuremod:square_tile_slab_top:5, tile.square_tile_slab_top.cyan.name
mukastructuremod:square_tile_slab_top:6, tile.square_tile_slab_top.blue.name
mukastructuremod:square_tile_slab_top:7, tile.square_tile_slab_top.brown.name
mukastructuremod:square_tile_slab_top:8, tile.square_tile_slab_top.green.name
mukastructuremod:square_tile_slab_top:9, tile.square_tile_slab_top.red.name
mukastructuremod:square_tile_slab_top:10, tile.square_tile_slab_top.black.name
mukastructuremod:square_tile_slab_top:11, tile.square_tile_slab_top.lightMix.name
mukastructuremod:square_tile_slab_top:12, tile.square_tile_slab_top.darkMix.name
mukastructuremod:square_tile_slab_top:13, tile.square_tile_slab_top.redMix.name
mukastructuremod:square_tile_slab_top:14, tile.square_tile_slab_top.greenMix.name
mukastructuremod:square_tile_slab_top:15, tile.square_tile_slab_top.blueMix.name
mukastructuremod:random_tile_slab_top:0, tile.random_tile_slab_top.white.name
mukastructuremod:random_tile_slab_top:1, tile.random_tile_slab_top.orange.name
mukastructuremod:random_tile_slab_top:2, tile.random_tile_slab_top.yellow.name
mukastructuremod:random_tile_slab_top:3, tile.random_tile_slab_top.gray.name
mukastructuremod:random_tile_slab_top:4, tile.random_tile_slab_top.silver.name
mukastructuremod:random_tile_slab_top:5, tile.random_tile_slab_top.cyan.name
mukastructuremod:random_tile_slab_top:6, tile.random_tile_slab_top.blue.name
mukastructuremod:random_tile_slab_top:7, tile.random_tile_slab_top.brown.name
mukastructuremod:random_tile_slab_top:8, tile.random_tile_slab_top.green.name
mukastructuremod:random_tile_slab_top:9, tile.random_tile_slab_top.red.name
mukastructuremod:random_tile_slab_top:10, tile.random_tile_slab_top.black.name
mukastructuremod:random_tile_slab_top:11, tile.random_tile_slab_top.lightMix.name
mukastructuremod:random_tile_slab_top:12, tile.random_tile_slab_top.darkMix.name
mukastructuremod:random_tile_slab_top:13, tile.random_tile_slab_top.redMix.name
mukastructuremod:random_tile_slab_top:14, tile.random_tile_slab_top.greenMix.name
mukastructuremod:random_tile_slab_top:15, tile.random_tile_slab_top.blueMix.name
mukastructuremod:spiral_tile_slab_all:0, tile.spiral_tile_slab_all.white.name
mukastructuremod:spiral_tile_slab_all:1, tile.spiral_tile_slab_all.orange.name
mukastructuremod:spiral_tile_slab_all:2, tile.spiral_tile_slab_all.yellow.name
mukastructuremod:spiral_tile_slab_all:3, tile.spiral_tile_slab_all.gray.name
mukastructuremod:spiral_tile_slab_all:4, tile.spiral_tile_slab_all.silver.name
mukastructuremod:spiral_tile_slab_all:5, tile.spiral_tile_slab_all.cyan.name
mukastructuremod:spiral_tile_slab_all:6, tile.spiral_tile_slab_all.blue.name
mukastructuremod:spiral_tile_slab_all:7, tile.spiral_tile_slab_all.brown.name
mukastructuremod:spiral_tile_slab_all:8, tile.spiral_tile_slab_all.green.name
mukastructuremod:spiral_tile_slab_all:9, tile.spiral_tile_slab_all.red.name
mukastructuremod:spiral_tile_slab_all:10, tile.spiral_tile_slab_all.black.name
mukastructuremod:spiral_tile_slab_all:11, tile.spiral_tile_slab_all.lightMix.name
mukastructuremod:spiral_tile_slab_all:12, tile.spiral_tile_slab_all.darkMix.name
mukastructuremod:spiral_tile_slab_all:13, tile.spiral_tile_slab_all.redMix.name
mukastructuremod:spiral_tile_slab_all:14, tile.spiral_tile_slab_all.greenMix.name
mukastructuremod:spiral_tile_slab_all:15, tile.spiral_tile_slab_all.blueMix.name
mukastructuremod:grid_tile_slab_all:0, tile.grid_tile_slab_all.white.name
mukastructuremod:grid_tile_slab_all:1, tile.grid_tile_slab_all.orange.name
mukastructuremod:grid_tile_slab_all:2, tile.grid_tile_slab_all.yellow.name
mukastructuremod:grid_tile_slab_all:3, tile.grid_tile_slab_all.gray.name
mukastructuremod:grid_tile_slab_all:4, tile.grid_tile_slab_all.silver.name
mukastructuremod:grid_tile_slab_all:5, tile.grid_tile_slab_all.cyan.name
mukastructuremod:grid_tile_slab_all:6, tile.grid_tile_slab_all.blue.name
mukastructuremod:grid_tile_slab_all:7, tile.grid_tile_slab_all.brown.name
mukastructuremod:grid_tile_slab_all:8, tile.grid_tile_slab_all.green.name
mukastructuremod:grid_tile_slab_all:9, tile.grid_tile_slab_all.red.name
mukastructuremod:grid_tile_slab_all:10, tile.grid_tile_slab_all.black.name
mukastructuremod:grid_tile_slab_all:11, tile.grid_tile_slab_all.lightMix.name
mukastructuremod:grid_tile_slab_all:12, tile.grid_tile_slab_all.darkMix.name
mukastructuremod:grid_tile_slab_all:13, tile.grid_tile_slab_all.redMix.name
mukastructuremod:grid_tile_slab_all:14, tile.grid_tile_slab_all.greenMix.name
mukastructuremod:grid_tile_slab_all:15, tile.grid_tile_slab_all.blueMix.name
mukastructuremod:square_tile_slab_all:0, tile.square_tile_slab_all.white.name
mukastructuremod:square_tile_slab_all:1, tile.square_tile_slab_all.orange.name
mukastructuremod:square_tile_slab_all:2, tile.square_tile_slab_all.yellow.name
mukastructuremod:square_tile_slab_all:3, tile.square_tile_slab_all.gray.name
mukastructuremod:square_tile_slab_all:4, tile.square_tile_slab_all.silver.name
mukastructuremod:square_tile_slab_all:5, tile.square_tile_slab_all.cyan.name
mukastructuremod:square_tile_slab_all:6, tile.square_tile_slab_all.blue.name
mukastructuremod:square_tile_slab_all:7, tile.square_tile_slab_all.brown.name
mukastructuremod:square_tile_slab_all:8, tile.square_tile_slab_all.green.name
mukastructuremod:square_tile_slab_all:9, tile.square_tile_slab_all.red.name
mukastructuremod:square_tile_slab_all:10, tile.square_tile_slab_all.black.name
mukastructuremod:square_tile_slab_all:11, tile.square_tile_slab_all.lightMix.name
mukastructuremod:square_tile_slab_all:12, tile.square_tile_slab_all.darkMix.name
mukastructuremod:square_tile_slab_all:13, tile.square_tile_slab_all.redMix.name
mukastructuremod:square_tile_slab_all:14, tile.square_tile_slab_all.greenMix.name
mukastructuremod:square_tile_slab_all:15, tile.square_tile_slab_all.blueMix.name
mukastructuremod:random_tile_slab_all:0, tile.random_tile_slab_all.white.name
mukastructuremod:random_tile_slab_all:1, tile.random_tile_slab_all.orange.name
mukastructuremod:random_tile_slab_all:2, tile.random_tile_slab_all.yellow.name
mukastructuremod:random_tile_slab_all:3, tile.random_tile_slab_all.gray.name
mukastructuremod:random_tile_slab_all:4, tile.random_tile_slab_all.silver.name
mukastructuremod:random_tile_slab_all:5, tile.random_tile_slab_all.cyan.name
mukastructuremod:random_tile_slab_all:6, tile.random_tile_slab_all.blue.name
mukastructuremod:random_tile_slab_all:7, tile.random_tile_slab_all.brown.name
mukastructuremod:random_tile_slab_all:8, tile.random_tile_slab_all.green.name
mukastructuremod:random_tile_slab_all:9, tile.random_tile_slab_all.red.name
mukastructuremod:random_tile_slab_all:10, tile.random_tile_slab_all.black.name
mukastructuremod:random_tile_slab_all:11, tile.random_tile_slab_all.lightMix.name
mukastructuremod:random_tile_slab_all:12, tile.random_tile_slab_all.darkMix.name
mukastructuremod:random_tile_slab_all:13, tile.random_tile_slab_all.redMix.name
mukastructuremod:random_tile_slab_all:14, tile.random_tile_slab_all.greenMix.name
mukastructuremod:random_tile_slab_all:15, tile.random_tile_slab_all.blueMix.name
neenergistics:tile.pattern_interface, Pattern Interface
OpenBlocks:ladder, Jaded Ladder
OpenBlocks:guide, Building Guide
OpenBlocks:builder_guide, Enhanced Building Guide
OpenBlocks:elevator:0, Elevator
OpenBlocks:elevator:1, Elevator
OpenBlocks:elevator:2, Elevator
OpenBlocks:elevator:3, Elevator
OpenBlocks:elevator:4, Elevator
OpenBlocks:elevator:5, Elevator
OpenBlocks:elevator:6, Elevator
OpenBlocks:elevator:7, Elevator
OpenBlocks:elevator:8, Elevator
OpenBlocks:elevator:9, Elevator
OpenBlocks:elevator:10, Elevator
OpenBlocks:elevator:11, Elevator
OpenBlocks:elevator:12, Elevator
OpenBlocks:elevator:13, Elevator
OpenBlocks:elevator:14, Elevator
OpenBlocks:elevator:15, Elevator
OpenBlocks:elevator_rotating:0, Rotating Elevator
OpenBlocks:elevator_rotating:1, Rotating Elevator
OpenBlocks:elevator_rotating:2, Rotating Elevator
OpenBlocks:elevator_rotating:3, Rotating Elevator
OpenBlocks:elevator_rotating:4, Rotating Elevator
OpenBlocks:elevator_rotating:5, Rotating Elevator
OpenBlocks:elevator_rotating:6, Rotating Elevator
OpenBlocks:elevator_rotating:7, Rotating Elevator
OpenBlocks:elevator_rotating:8, Rotating Elevator
OpenBlocks:elevator_rotating:9, Rotating Elevator
OpenBlocks:elevator_rotating:10, Rotating Elevator
OpenBlocks:elevator_rotating:11, Rotating Elevator
OpenBlocks:elevator_rotating:12, Rotating Elevator
OpenBlocks:elevator_rotating:13, Rotating Elevator
OpenBlocks:elevator_rotating:14, Rotating Elevator
OpenBlocks:elevator_rotating:15, Rotating Elevator
OpenBlocks:heal, Healer
OpenBlocks:target, Target
OpenBlocks:grave, Grave
OpenBlocks:flag, Flag
OpenBlocks:tank, Tank
OpenBlocks:trophy, Trophy
OpenBlocks:beartrap, Bear Trap
OpenBlocks:sprinkler, Sprinkler
OpenBlocks:cannon, Item Cannon
OpenBlocks:vacuumhopper, Vacuum Hopper
OpenBlocks:sponge, Sponge
OpenBlocks:bigbutton, Big Button
OpenBlocks:imaginary:0, Magic Pencil
OpenBlocks:imaginary:1, Magic Crayon
OpenBlocks:imaginary:1, Magic Crayon
OpenBlocks:imaginary:1, Magic Crayon
OpenBlocks:imaginary:1, Magic Crayon
OpenBlocks:imaginary:1, Magic Crayon
OpenBlocks:imaginary:1, Magic Crayon
OpenBlocks:imaginary:1, Magic Crayon
OpenBlocks:imaginary:1, Magic Crayon
OpenBlocks:imaginary:1, Magic Crayon
OpenBlocks:imaginary:1, Magic Crayon
OpenBlocks:imaginary:1, Magic Crayon
OpenBlocks:imaginary:1, Magic Crayon
OpenBlocks:imaginary:1, Magic Crayon
OpenBlocks:imaginary:1, Magic Crayon
OpenBlocks:imaginary:1, Magic Crayon
OpenBlocks:imaginary:1, Magic Crayon
OpenBlocks:fan, Fan
OpenBlocks:xpbottler, XP Bottler
OpenBlocks:village_highlighter, Village Highlighter
OpenBlocks:path, Path
OpenBlocks:autoanvil, Auto Anvil
OpenBlocks:autoenchantmenttable, Auto Enchantment Table
OpenBlocks:xpdrain, XP Drain
OpenBlocks:blockbreaker, Block Breaker
OpenBlocks:blockPlacer, Block Placer
OpenBlocks:itemDropper, Item Dropper
OpenBlocks:ropeladder, Rope Ladder
OpenBlocks:donationStation, Donation Station
OpenBlocks:paintmixer, Paint Mixer
OpenBlocks:canvas, Canvas
OpenBlocks:paintcan, Paint Can
OpenBlocks:canvasglass, Glass Canvas
OpenBlocks:projector, Height Map Projector
OpenBlocks:drawingtable, Drawing Table
OpenBlocks:sky:0, Sky Block
OpenBlocks:sky:1, Sky Block
OpenBlocks:xpshower, XP Shower
OpenBlocks:goldenegg, Golden Egg
OpenBlocks:scaffolding, Scaffolding
structurelib:blockhint:0, Hint 1 dot
structurelib:blockhint:1, Hint 2 dots
structurelib:blockhint:2, Hint 3 dots
structurelib:blockhint:3, Hint 4 dots
structurelib:blockhint:4, Hint 5 dots
structurelib:blockhint:5, Hint 6 dots
structurelib:blockhint:6, Hint 7 dots
structurelib:blockhint:7, Hint 8 dots
structurelib:blockhint:8, Hint 9 dots
structurelib:blockhint:9, Hint 10 dots
structurelib:blockhint:10, Hint 11 dots
structurelib:blockhint:11, Hint 12 dots
structurelib:blockhint:12, Hint general
structurelib:blockhint:13, Hint air
structurelib:blockhint:14, Hint no air
structurelib:blockhint:15, Hint error
thefleshmod:FleshCube, Rotten Flesh Cube
thorfusion:titandia, Titandia
thorfusion:bluradien, Bluradien Ore
thorfusion:bluradiennether, Bluradien Ore
thorfusion:bluradienend, Bluradien Ore
femalecreepers:Pinkgunpowder, Pink Gunpowder
FoodOverhaul:CaramelForm, Caramel Form
FoodOverhaul:FilledCaramelForm, [Filled] Caramel Form
FoodOverhaul:Caramel, Caramel
FoodOverhaul:DriedAppleStage2, Dried Apple
FoodOverhaul:IronApple, Iron Apple
FoodOverhaul:UniversalGoldApple, Universal Gold Apple
FoodOverhaul:DiamondApple, Diamond Apple
MagicalStick:Waterstick, Water Stick
MagicalStick:Lavastick, Lava Stick
MagicalStick:Arrowstick, Arrow Stick
MagicalStick:Craftstick, Craft Stick
MagicalStick:Zombiestick, Zombie Stick
MagicalStick:Skeletonstick, Skeleton Stick
MagicalStick:Creeperstick, Creeper Stick
MagicalStick:Endermanstick, Enderman Stick
MagicalStick:Slimestick, Silme Stick
MagicalStick:Spiderstick, Spider Stick
MagicalStick:Tntstick, TNT Stick
Aroma1997Core:wrench, Aromic Hammer
FamiliarsAPI:FamGuide, FamGuide
DungeonTools:dt_entitysaver, item.entitySaver.name
DungeonTools:dt_particle:0, item.particle.name
DungeonTools:dt_particle:1, item.particle.name
DungeonTools:dt_particle:2, item.particle.name
DungeonTools:dt_particle:3, item.particle.name
DungeonTools:dt_particle:4, item.particle.name
DungeonTools:dt_particle:5, item.particle.name
DungeonTools:dt_particle:6, item.particle.name
DungeonTools:dt_particle:7, item.particle.name
DungeonTools:dt_particle:8, item.particle.name
DungeonTools:dt_particle:9, item.particle.name
DungeonTools:dt_particle:10, item.particle.name
DungeonTools:dt_particle:11, item.particle.name
DungeonTools:dt_particle:12, item.particle.name
DungeonTools:dt_particle:13, item.particle.name
DungeonTools:dt_particle:14, item.particle.name
DungeonTools:dt_particle:15, item.particle.name
DungeonTools:dt_particle:16, item.particle.name
DungeonTools:dt_particle:17, item.particle.name
DungeonTools:dt_particle:18, item.particle.name
DungeonTools:dt_particle:19, item.particle.name
DungeonTools:dt_particle:20, item.particle.name
DungeonTools:dt_particle:21, item.particle.name
DungeonTools:dt_particle:22, item.particle.name
DungeonTools:dt_particle:23, item.particle.name
DungeonTools:dt_particle:24, item.particle.name
DungeonTools:dt_particle:25, item.particle.name
DungeonTools:dt_particle:26, item.particle.name
DungeonTools:dt_particle:27, item.particle.name
DungeonTools:dt_particle:28, item.particle.name
DungeonTools:dt_particle:29, item.particle.name
DungeonTools:dt_particle:30, item.particle.name
DungeonTools:dt_particle:31, item.particle.name
DungeonTools:dt_charm, item.charm.name
DungeonTools:dt_legendaryCharm, item.legendaryCharm.name
Baubles:Ring:0, Miner's Ring
3DManeuverGear:3DManeuverGear, 3D Maneuver Gear
3DManeuverGear:3DManeuverHandle, 3D Maneuver Gear Hand Grips
3DManeuverGear:itemComponent, item.3dmaneuvergear:itemComponent.name
3DManeuverGear:itemFallBoots, Shock Absorbing Boots
3DManeuverGear:itemRecord, Music Disc
appliedenergistics2:item.ToolCertusQuartzAxe, Certus Quartz Axe
appliedenergistics2:item.ToolCertusQuartzHoe, Certus Quartz Hoe
appliedenergistics2:item.ToolCertusQuartzSpade, Certus Quartz Shovel
appliedenergistics2:item.ToolCertusQuartzPickaxe, Certus Quartz Pickaxe
appliedenergistics2:item.ToolCertusQuartzSword, Certus Quartz Sword
appliedenergistics2:item.ToolCertusQuartzWrench, Certus Quartz Wrench
appliedenergistics2:item.ToolCertusQuartzCuttingKnife, Certus Quartz Cutting Knife
appliedenergistics2:item.ToolNetherQuartzAxe, Nether Quartz Axe
appliedenergistics2:item.ToolNetherQuartzHoe, Nether Quartz Hoe
appliedenergistics2:item.ToolNetherQuartzSpade, Nether Quartz Shovel
appliedenergistics2:item.ToolNetherQuartzPickaxe, Nether Quartz Pickaxe
appliedenergistics2:item.ToolNetherQuartzSword, Nether Quartz Sword
appliedenergistics2:item.ToolNetherQuartzWrench, Nether Quartz Wrench
appliedenergistics2:item.ToolNetherQuartzCuttingKnife, Nether Quartz Cutting Knife
appliedenergistics2:item.ToolEntropyManipulator, Entropy Manipulator
appliedenergistics2:item.ToolWirelessTerminal, Wireless Terminal
appliedenergistics2:item.ToolBiometricCard, Biometric Card
appliedenergistics2:item.ToolChargedStaff, Charged Staff
appliedenergistics2:item.ToolMassCannon, Matter Cannon
appliedenergistics2:item.ToolMemoryCard, Memory Card
appliedenergistics2:item.ToolNetworkTool, Network Tool
appliedenergistics2:item.ToolPortableCell, Portable Cell
appliedenergistics2:item.ItemCreativeStorageCell, Creative ME Storage Cell
appliedenergistics2:item.ItemVoidStorageCell, Void ME Storage Cell
appliedenergistics2:item.ItemViewCell, View Cell
appliedenergistics2:item.ItemBasicStorageCell.1k, 1k ME Storage Cell
appliedenergistics2:item.ItemBasicStorageCell.4k, 4k ME Storage Cell
appliedenergistics2:item.ItemBasicStorageCell.16k, 16k ME Storage Cell
appliedenergistics2:item.ItemBasicStorageCell.64k, 64k ME Storage Cell
appliedenergistics2:item.ItemAdvancedStorageCell.256k, 256k ME Storage Cell
appliedenergistics2:item.ItemAdvancedStorageCell.1024k, 1024k ME Storage Cell
appliedenergistics2:item.ItemAdvancedStorageCell.4096k, 4096k ME Storage Cell
appliedenergistics2:item.ItemAdvancedStorageCell.16384k, 16384k ME Storage Cell
appliedenergistics2:item.ItemExtremeStorageCell.Container, ME Block Container Cell
appliedenergistics2:item.ItemExtremeStorageCell.Quantum, ME Quantum Storage Cell
appliedenergistics2:item.ItemExtremeStorageCell.Singularity, ME Digital Singularity Cell
appliedenergistics2:item.ItemSpatialStorageCell.2Cubed, 2³ Spatial Storage Cell
appliedenergistics2:item.ItemSpatialStorageCell.16Cubed, 16³ Spatial Storage Cell
appliedenergistics2:item.ItemSpatialStorageCell.128Cubed, 128³ Spatial Storage Cell
appliedenergistics2:item.ItemFacade:0, Cable Facade - Stone
appliedenergistics2:item.ItemFacade:0, Cable Facade - Dirt
appliedenergistics2:item.ItemFacade:0, Cable Facade - Dirt
appliedenergistics2:item.ItemFacade:0, Cable Facade - Podzol
appliedenergistics2:item.ItemFacade:0, Cable Facade - Cobblestone
appliedenergistics2:item.ItemFacade:0, Cable Facade - Oak Wood Planks
appliedenergistics2:item.ItemFacade:0, Cable Facade - Spruce Wood Planks
appliedenergistics2:item.ItemFacade:0, Cable Facade - Birch Wood Planks
appliedenergistics2:item.ItemFacade:0, Cable Facade - Jungle Wood Planks
appliedenergistics2:item.ItemFacade:0, Cable Facade - Acacia Wood Planks
appliedenergistics2:item.ItemFacade:0, Cable Facade - Dark Oak Wood Planks
appliedenergistics2:item.ItemFacade:0, Cable Facade - Bedrock
appliedenergistics2:item.ItemFacade:0, Cable Facade - Sand
appliedenergistics2:item.ItemFacade:0, Cable Facade - Red Sand
appliedenergistics2:item.ItemFacade:0, Cable Facade - Gravel
appliedenergistics2:item.ItemFacade:0, Cable Facade - Gold Ore
appliedenergistics2:item.ItemFacade:0, Cable Facade - Iron Ore
appliedenergistics2:item.ItemFacade:0, Cable Facade - Coal Ore
appliedenergistics2:item.ItemFacade:0, Cable Facade - Oak Wood
appliedenergistics2:item.ItemFacade:0, Cable Facade - Spruce Wood
appliedenergistics2:item.ItemFacade:0, Cable Facade - Birch Wood
appliedenergistics2:item.ItemFacade:0, Cable Facade - Jungle Wood
appliedenergistics2:item.ItemFacade:0, Cable Facade - Sponge
appliedenergistics2:item.ItemFacade:0, Cable Facade - Glass
appliedenergistics2:item.ItemFacade:0, Cable Facade - Lapis Lazuli Ore
appliedenergistics2:item.ItemFacade:0, Cable Facade - Lapis Lazuli Block
appliedenergistics2:item.ItemFacade:0, Cable Facade - Sandstone
appliedenergistics2:item.ItemFacade:0, Cable Facade - Chiseled Sandstone
appliedenergistics2:item.ItemFacade:0, Cable Facade - Smooth Sandstone
appliedenergistics2:item.ItemFacade:0, Cable Facade - Wool
appliedenergistics2:item.ItemFacade:0, Cable Facade - Orange Wool
appliedenergistics2:item.ItemFacade:0, Cable Facade - Magenta Wool
appliedenergistics2:item.ItemFacade:0, Cable Facade - Light Blue Wool
appliedenergistics2:item.ItemFacade:0, Cable Facade - Yellow Wool
appliedenergistics2:item.ItemFacade:0, Cable Facade - Lime Wool
appliedenergistics2:item.ItemFacade:0, Cable Facade - Pink Wool
appliedenergistics2:item.ItemFacade:0, Cable Facade - Gray Wool
appliedenergistics2:item.ItemFacade:0, Cable Facade - Light Gray Wool
appliedenergistics2:item.ItemFacade:0, Cable Facade - Cyan Wool
appliedenergistics2:item.ItemFacade:0, Cable Facade - Purple Wool
appliedenergistics2:item.ItemFacade:0, Cable Facade - Blue Wool
appliedenergistics2:item.ItemFacade:0, Cable Facade - Brown Wool
appliedenergistics2:item.ItemFacade:0, Cable Facade - Green Wool
appliedenergistics2:item.ItemFacade:0, Cable Facade - Red Wool
appliedenergistics2:item.ItemFacade:0, Cable Facade - Black Wool
appliedenergistics2:item.ItemFacade:0, Cable Facade - Block of Gold
appliedenergistics2:item.ItemFacade:0, Cable Facade - Block of Iron
appliedenergistics2:item.ItemFacade:0, Cable Facade - Bricks
appliedenergistics2:item.ItemFacade:0, Cable Facade - TNT
appliedenergistics2:item.ItemFacade:0, Cable Facade - Bookshelf
appliedenergistics2:item.ItemFacade:0, Cable Facade - Moss Stone
appliedenergistics2:item.ItemFacade:0, Cable Facade - Obsidian
appliedenergistics2:item.ItemFacade:0, Cable Facade - Diamond Ore
appliedenergistics2:item.ItemFacade:0, Cable Facade - Block of Diamond
appliedenergistics2:item.ItemFacade:0, Cable Facade - Crafting Table
appliedenergistics2:item.ItemFacade:0, Cable Facade - Redstone Ore
appliedenergistics2:item.ItemFacade:0, Cable Facade - Clay
appliedenergistics2:item.ItemFacade:0, Cable Facade - Netherrack
appliedenergistics2:item.ItemFacade:0, Cable Facade - Soul Sand
appliedenergistics2:item.ItemFacade:0, Cable Facade - Glowstone
appliedenergistics2:item.ItemFacade:0, Cable Facade - White Stained Glass
appliedenergistics2:item.ItemFacade:0, Cable Facade - Orange Stained Glass
appliedenergistics2:item.ItemFacade:0, Cable Facade - Magenta Stained Glass
appliedenergistics2:item.ItemFacade:0, Cable Facade - Light Blue Stained Glass
appliedenergistics2:item.ItemFacade:0, Cable Facade - Yellow Stained Glass
appliedenergistics2:item.ItemFacade:0, Cable Facade - Lime Stained Glass
appliedenergistics2:item.ItemFacade:0, Cable Facade - Pink Stained Glass
appliedenergistics2:item.ItemFacade:0, Cable Facade - Gray Stained Glass
appliedenergistics2:item.ItemFacade:0, Cable Facade - Light Gray Stained Glass
appliedenergistics2:item.ItemFacade:0, Cable Facade - Cyan Stained Glass
appliedenergistics2:item.ItemFacade:0, Cable Facade - Purple Stained Glass
appliedenergistics2:item.ItemFacade:0, Cable Facade - Blue Stained Glass
appliedenergistics2:item.ItemFacade:0, Cable Facade - Brown Stained Glass
appliedenergistics2:item.ItemFacade:0, Cable Facade - Green Stained Glass
appliedenergistics2:item.ItemFacade:0, Cable Facade - Red Stained Glass
appliedenergistics2:item.ItemFacade:0, Cable Facade - Black Stained Glass
appliedenergistics2:item.ItemFacade:0, Cable Facade - Stone Monster Egg
appliedenergistics2:item.ItemFacade:0, Cable Facade - Cobblestone Monster Egg
appliedenergistics2:item.ItemFacade:0, Cable Facade - Stone Brick Monster Egg
appliedenergistics2:item.ItemFacade:0, Cable Facade - Mossy Stone Brick Monster Egg
appliedenergistics2:item.ItemFacade:0, Cable Facade - Cracked Stone Brick Monster Egg
appliedenergistics2:item.ItemFacade:0, Cable Facade - Chiseled Stone Brick Monster Egg
appliedenergistics2:item.ItemFacade:0, Cable Facade - Stone Bricks
appliedenergistics2:item.ItemFacade:0, Cable Facade - Mossy Stone Bricks
appliedenergistics2:item.ItemFacade:0, Cable Facade - Cracked Stone Bricks
appliedenergistics2:item.ItemFacade:0, Cable Facade - Chiseled Stone Bricks
appliedenergistics2:item.ItemFacade:0, Cable Facade - Mushroom
appliedenergistics2:item.ItemFacade:0, Cable Facade - Mushroom
appliedenergistics2:item.ItemFacade:0, Cable Facade - Melon
appliedenergistics2:item.ItemFacade:0, Cable Facade - Nether Brick
appliedenergistics2:item.ItemFacade:0, Cable Facade - End Stone
appliedenergistics2:item.ItemFacade:0, Cable Facade - Redstone Lamp
appliedenergistics2:item.ItemFacade:0, Cable Facade - Emerald Ore
appliedenergistics2:item.ItemFacade:0, Cable Facade - Block of Emerald
appliedenergistics2:item.ItemFacade:0, Cable Facade - Block of Redstone
appliedenergistics2:item.ItemFacade:0, Cable Facade - Nether Quartz Ore
appliedenergistics2:item.ItemFacade:0, Cable Facade - Block of Quartz
appliedenergistics2:item.ItemFacade:0, Cable Facade - Chiseled Quartz Block
appliedenergistics2:item.ItemFacade:0, Cable Facade - Pillar Quartz Block
appliedenergistics2:item.ItemFacade:0, Cable Facade - White Stained Clay
appliedenergistics2:item.ItemFacade:0, Cable Facade - Orange Stained Clay
appliedenergistics2:item.ItemFacade:0, Cable Facade - Magenta Stained Clay
appliedenergistics2:item.ItemFacade:0, Cable Facade - Light Blue Stained Clay
appliedenergistics2:item.ItemFacade:0, Cable Facade - Yellow Stained Clay
appliedenergistics2:item.ItemFacade:0, Cable Facade - Lime Stained Clay
appliedenergistics2:item.ItemFacade:0, Cable Facade - Pink Stained Clay
appliedenergistics2:item.ItemFacade:0, Cable Facade - Gray Stained Clay
appliedenergistics2:item.ItemFacade:0, Cable Facade - Light Gray Stained Clay
appliedenergistics2:item.ItemFacade:0, Cable Facade - Cyan Stained Clay
appliedenergistics2:item.ItemFacade:0, Cable Facade - Purple Stained Clay
appliedenergistics2:item.ItemFacade:0, Cable Facade - Blue Stained Clay
appliedenergistics2:item.ItemFacade:0, Cable Facade - Brown Stained Clay
appliedenergistics2:item.ItemFacade:0, Cable Facade - Green Stained Clay
appliedenergistics2:item.ItemFacade:0, Cable Facade - Red Stained Clay
appliedenergistics2:item.ItemFacade:0, Cable Facade - Black Stained Clay
appliedenergistics2:item.ItemFacade:0, Cable Facade - Acacia Wood
appliedenergistics2:item.ItemFacade:0, Cable Facade - Dark Oak Wood
appliedenergistics2:item.ItemFacade:0, Cable Facade - tile.Bluebedrock.name
appliedenergistics2:item.ItemFacade:0, Cable Facade - Hay Bale
appliedenergistics2:item.ItemFacade:0, Cable Facade - Hardened Clay
appliedenergistics2:item.ItemFacade:0, Cable Facade - Block of Coal
appliedenergistics2:item.ItemFacade:0, Cable Facade - Packed Ice
appliedenergistics2:item.ItemFacade:0, Cable Facade - Certus Quartz Block
appliedenergistics2:item.ItemFacade:0, Cable Facade - Certus Quartz Pillar
appliedenergistics2:item.ItemFacade:0, Cable Facade - Chiseled Certus Quartz Block
appliedenergistics2:item.ItemFacade:0, Cable Facade - Fluix Block
appliedenergistics2:item.ItemFacade:0, Cable Facade - Sky Stone
appliedenergistics2:item.ItemFacade:0, Cable Facade - Sky Stone Block
appliedenergistics2:item.ItemFacade:0, Cable Facade - Sky Stone Brick
appliedenergistics2:item.ItemFacade:0, Cable Facade - Sky Stone Small Brick
appliedenergistics2:item.ItemFacade:0, Cable Facade - Sky Stone Slabs
appliedenergistics2:item.ItemFacade:0, Cable Facade - Sky Stone Block Slabs
appliedenergistics2:item.ItemFacade:0, Cable Facade - Sky Stone Brick Slabs
appliedenergistics2:item.ItemFacade:0, Cable Facade - Sky Stone Small Brick Slabs
appliedenergistics2:item.ItemFacade:0, Cable Facade - Fluix Slabs
appliedenergistics2:item.ItemFacade:0, Cable Facade - Certus Quartz Slabs
appliedenergistics2:item.ItemFacade:0, Cable Facade - Chiseled Certus Quartz Slabs
appliedenergistics2:item.ItemFacade:0, Cable Facade - Certus Quartz Pillar Slabs
appliedenergistics2:item.ItemFacade:0, Cable Facade - ic2.blockOreCopper
appliedenergistics2:item.ItemFacade:0, Cable Facade - ic2.blockOreTin
appliedenergistics2:item.ItemFacade:0, Cable Facade - ic2.blockOreUran
appliedenergistics2:item.ItemFacade:0, Cable Facade - ic2.blockOreLead
appliedenergistics2:item.ItemFacade:0, Cable Facade - ic2.blockAlloy
appliedenergistics2:item.ItemFacade:0, Cable Facade - ic2.blockBasalt
appliedenergistics2:item.ItemFacade:0, Cable Facade - ic2.blockMetalCopper
appliedenergistics2:item.ItemFacade:0, Cable Facade - ic2.blockMetalTin
appliedenergistics2:item.ItemFacade:0, Cable Facade - ic2.blockMetalBronze
appliedenergistics2:item.ItemFacade:0, Cable Facade - ic2.blockMetalUranium
appliedenergistics2:item.ItemFacade:0, Cable Facade - ic2.blockMetalLead
appliedenergistics2:item.ItemFacade:0, Cable Facade - ic2.blockMetalAdvIron
appliedenergistics2:item.ItemFacade:0, Cable Facade - ic2.blockITNT
appliedenergistics2:item.ItemFacade:0, Cable Facade - Osmium Ore
appliedenergistics2:item.ItemFacade:0, Cable Facade - Copper Ore
appliedenergistics2:item.ItemFacade:0, Cable Facade - Tin Ore
appliedenergistics2:item.ItemFacade:0, Cable Facade - §8Black Plastic Block
appliedenergistics2:item.ItemFacade:0, Cable Facade - §cRed Plastic Block
appliedenergistics2:item.ItemFacade:0, Cable Facade - §2Green Plastic Block
appliedenergistics2:item.ItemFacade:0, Cable Facade - §6Brown Plastic Block
appliedenergistics2:item.ItemFacade:0, Cable Facade - §1Blue Plastic Block
appliedenergistics2:item.ItemFacade:0, Cable Facade - §5Purple Plastic Block
appliedenergistics2:item.ItemFacade:0, Cable Facade - §3Cyan Plastic Block
appliedenergistics2:item.ItemFacade:0, Cable Facade - §7Light Grey Plastic Block
appliedenergistics2:item.ItemFacade:0, Cable Facade - §8Grey Plastic Block
appliedenergistics2:item.ItemFacade:0, Cable Facade - §dPink Plastic Block
appliedenergistics2:item.ItemFacade:0, Cable Facade - §aLime Plastic Block
appliedenergistics2:item.ItemFacade:0, Cable Facade - §eYellow Plastic Block
appliedenergistics2:item.ItemFacade:0, Cable Facade - §9Light Blue Plastic Block
appliedenergistics2:item.ItemFacade:0, Cable Facade - §dMagenta Plastic Block
appliedenergistics2:item.ItemFacade:0, Cable Facade - §6Orange Plastic Block
appliedenergistics2:item.ItemFacade:0, Cable Facade - §fWhite Plastic Block
appliedenergistics2:item.ItemFacade:0, Cable Facade - §8Black Slick Plastic Block
appliedenergistics2:item.ItemFacade:0, Cable Facade - §cRed Slick Plastic Block
appliedenergistics2:item.ItemFacade:0, Cable Facade - §2Green Slick Plastic Block
appliedenergistics2:item.ItemFacade:0, Cable Facade - §6Brown Slick Plastic Block
appliedenergistics2:item.ItemFacade:0, Cable Facade - §1Blue Slick Plastic Block
appliedenergistics2:item.ItemFacade:0, Cable Facade - §5Purple Slick Plastic Block
appliedenergistics2:item.ItemFacade:0, Cable Facade - §3Cyan Slick Plastic Block
appliedenergistics2:item.ItemFacade:0, Cable Facade - §7Light Grey Slick Plastic Block
appliedenergistics2:item.ItemFacade:0, Cable Facade - §8Grey Slick Plastic Block
appliedenergistics2:item.ItemFacade:0, Cable Facade - §dPink Slick Plastic Block
appliedenergistics2:item.ItemFacade:0, Cable Facade - §aLime Slick Plastic Block
appliedenergistics2:item.ItemFacade:0, Cable Facade - §eYellow Slick Plastic Block
appliedenergistics2:item.ItemFacade:0, Cable Facade - §9Light Blue Slick Plastic Block
appliedenergistics2:item.ItemFacade:0, Cable Facade - §dMagenta Slick Plastic Block
appliedenergistics2:item.ItemFacade:0, Cable Facade - §6Orange Slick Plastic Block
appliedenergistics2:item.ItemFacade:0, Cable Facade - §fWhite Slick Plastic Block
appliedenergistics2:item.ItemFacade:0, Cable Facade - §8Black Plastic Glow Block
appliedenergistics2:item.ItemFacade:0, Cable Facade - §cRed Plastic Glow Block
appliedenergistics2:item.ItemFacade:0, Cable Facade - §2Green Plastic Glow Block
appliedenergistics2:item.ItemFacade:0, Cable Facade - §6Brown Plastic Glow Block
appliedenergistics2:item.ItemFacade:0, Cable Facade - §1Blue Plastic Glow Block
appliedenergistics2:item.ItemFacade:0, Cable Facade - §5Purple Plastic Glow Block
appliedenergistics2:item.ItemFacade:0, Cable Facade - §3Cyan Plastic Glow Block
appliedenergistics2:item.ItemFacade:0, Cable Facade - §7Light Grey Plastic Glow Block
appliedenergistics2:item.ItemFacade:0, Cable Facade - §8Grey Plastic Glow Block
appliedenergistics2:item.ItemFacade:0, Cable Facade - §dPink Plastic Glow Block
appliedenergistics2:item.ItemFacade:0, Cable Facade - §aLime Plastic Glow Block
appliedenergistics2:item.ItemFacade:0, Cable Facade - §eYellow Plastic Glow Block
appliedenergistics2:item.ItemFacade:0, Cable Facade - §9Light Blue Plastic Glow Block
appliedenergistics2:item.ItemFacade:0, Cable Facade - §dMagenta Plastic Glow Block
appliedenergistics2:item.ItemFacade:0, Cable Facade - §6Orange Plastic Glow Block
appliedenergistics2:item.ItemFacade:0, Cable Facade - §fWhite Plastic Glow Block
appliedenergistics2:item.ItemFacade:0, Cable Facade - §8Black Reinforced Plastic Block
appliedenergistics2:item.ItemFacade:0, Cable Facade - §cRed Reinforced Plastic Block
appliedenergistics2:item.ItemFacade:0, Cable Facade - §2Green Reinforced Plastic Block
appliedenergistics2:item.ItemFacade:0, Cable Facade - §6Brown Reinforced Plastic Block
appliedenergistics2:item.ItemFacade:0, Cable Facade - §1Blue Reinforced Plastic Block
appliedenergistics2:item.ItemFacade:0, Cable Facade - §5Purple Reinforced Plastic Block
appliedenergistics2:item.ItemFacade:0, Cable Facade - §3Cyan Reinforced Plastic Block
appliedenergistics2:item.ItemFacade:0, Cable Facade - §7Light Grey Reinforced Plastic Block
appliedenergistics2:item.ItemFacade:0, Cable Facade - §8Grey Reinforced Plastic Block
appliedenergistics2:item.ItemFacade:0, Cable Facade - §dPink Reinforced Plastic Block
appliedenergistics2:item.ItemFacade:0, Cable Facade - §aLime Reinforced Plastic Block
appliedenergistics2:item.ItemFacade:0, Cable Facade - §eYellow Reinforced Plastic Block
appliedenergistics2:item.ItemFacade:0, Cable Facade - §9Light Blue Reinforced Plastic Block
appliedenergistics2:item.ItemFacade:0, Cable Facade - §dMagenta Reinforced Plastic Block
appliedenergistics2:item.ItemFacade:0, Cable Facade - §6Orange Reinforced Plastic Block
appliedenergistics2:item.ItemFacade:0, Cable Facade - §fWhite Reinforced Plastic Block
appliedenergistics2:item.ItemFacade:0, Cable Facade - §8Black Plastic Road
appliedenergistics2:item.ItemFacade:0, Cable Facade - §cRed Plastic Road
appliedenergistics2:item.ItemFacade:0, Cable Facade - §2Green Plastic Road
appliedenergistics2:item.ItemFacade:0, Cable Facade - §6Brown Plastic Road
appliedenergistics2:item.ItemFacade:0, Cable Facade - §1Blue Plastic Road
appliedenergistics2:item.ItemFacade:0, Cable Facade - §5Purple Plastic Road
appliedenergistics2:item.ItemFacade:0, Cable Facade - §3Cyan Plastic Road
appliedenergistics2:item.ItemFacade:0, Cable Facade - §7Light Grey Plastic Road
appliedenergistics2:item.ItemFacade:0, Cable Facade - §8Grey Plastic Road
appliedenergistics2:item.ItemFacade:0, Cable Facade - §dPink Plastic Road
appliedenergistics2:item.ItemFacade:0, Cable Facade - §aLime Plastic Road
appliedenergistics2:item.ItemFacade:0, Cable Facade - §eYellow Plastic Road
appliedenergistics2:item.ItemFacade:0, Cable Facade - §9Light Blue Plastic Road
appliedenergistics2:item.ItemFacade:0, Cable Facade - §dMagenta Plastic Road
appliedenergistics2:item.ItemFacade:0, Cable Facade - §6Orange Plastic Road
appliedenergistics2:item.ItemFacade:0, Cable Facade - §fWhite Plastic Road
appliedenergistics2:item.ItemFacade:0, Cable Facade - Salt Block
appliedenergistics2:item.ItemFacade:0, Cable Facade - Tempered Obsidian
appliedenergistics2:item.ItemFacade:0, Cable Facade - Vermiculite Block
appliedenergistics2:item.ItemFacade:0, Cable Facade - Chromium Block
appliedenergistics2:item.ItemFacade:0, Cable Facade - Peridot Block
appliedenergistics2:item.ItemFacade:0, Cable Facade - Polished Gneiss
appliedenergistics2:item.ItemFacade:0, Cable Facade - Gneiss Brick
appliedenergistics2:item.ItemFacade:0, Cable Facade - Polished Granodiorite
appliedenergistics2:item.ItemFacade:0, Cable Facade - Granodiorite Brick
appliedenergistics2:item.ItemFacade:0, Cable Facade - Polished Granulite
appliedenergistics2:item.ItemFacade:0, Cable Facade - Granulite Brick
appliedenergistics2:item.ItemFacade:0, Cable Facade - Polished Nepheline
appliedenergistics2:item.ItemFacade:0, Cable Facade - Nepheline Brick
appliedenergistics2:item.ItemFacade:0, Cable Facade - Polished Picrite
appliedenergistics2:item.ItemFacade:0, Cable Facade - Picrite Brick
appliedenergistics2:item.ItemFacade:0, Cable Facade - Polished Quartz Monzonite
appliedenergistics2:item.ItemFacade:0, Cable Facade - Quartz Monzonite Brick
appliedenergistics2:item.ItemFacade:0, Cable Facade - Polished Syenite
appliedenergistics2:item.ItemFacade:0, Cable Facade - Syenite Brick
appliedenergistics2:item.ItemFacade:0, Cable Facade - Anthracite Block
appliedenergistics2:item.ItemFacade:0, Cable Facade - Lignite Block
appliedenergistics2:item.ItemFacade:0, Cable Facade - Infused Migmatite
appliedenergistics2:item.ItemFacade:0, Cable Facade - Aplite
appliedenergistics2:item.ItemFacade:0, Cable Facade - Anorthosite
appliedenergistics2:item.ItemFacade:0, Cable Facade - Carbonatite
appliedenergistics2:item.ItemFacade:0, Cable Facade - Dacite
appliedenergistics2:item.ItemFacade:0, Cable Facade - Foidolite
appliedenergistics2:item.ItemFacade:0, Cable Facade - Granodiorite
appliedenergistics2:item.ItemFacade:0, Cable Facade - Lamprophyre
appliedenergistics2:item.ItemFacade:0, Cable Facade - Nepheline
appliedenergistics2:item.ItemFacade:0, Cable Facade - Picrite
appliedenergistics2:item.ItemFacade:0, Cable Facade - Quartz Monozonite
appliedenergistics2:item.ItemFacade:0, Cable Facade - Syenite
appliedenergistics2:item.ItemFacade:0, Cable Facade - Peridotite
appliedenergistics2:item.ItemFacade:0, Cable Facade - Jaspillite
appliedenergistics2:item.ItemFacade:0, Cable Facade - Lignite
appliedenergistics2:item.ItemFacade:0, Cable Facade - Shale
appliedenergistics2:item.ItemFacade:0, Cable Facade - Anthracite
appliedenergistics2:item.ItemFacade:0, Cable Facade - Eclogite
appliedenergistics2:item.ItemFacade:0, Cable Facade - Gneiss
appliedenergistics2:item.ItemFacade:0, Cable Facade - Granulite
appliedenergistics2:item.ItemFacade:0, Cable Facade - Jasperoid
appliedenergistics2:item.ItemFacade:0, Cable Facade - Migmatite
appliedenergistics2:item.ItemFacade:0, Cable Facade - Reinforced Glass
appliedenergistics2:item.ItemFacade:0, Cable Facade - Block of Crystal Quartz
appliedenergistics2:item.ItemFacade:0, Cable Facade - Chiseled Crystal Quartz Block
appliedenergistics2:item.ItemFacade:0, Cable Facade - Pillar Crystal Quartz Block
appliedenergistics2:item.ItemFacade:0, Cable Facade - tile.securitycraft:doubleCrystalQuartzSlab.name
appliedenergistics2:item.ItemFacade:0, Cable Facade - tile.buildToolBlock.name
appliedenergistics2:item.ItemFacade:0, Cable Facade - Copper Ore
appliedenergistics2:item.ItemFacade:0, Cable Facade - Tin Ore
appliedenergistics2:item.ItemFacade:0, Cable Facade - Silver Ore
appliedenergistics2:item.ItemFacade:0, Cable Facade - Lead Ore
appliedenergistics2:item.ItemFacade:0, Cable Facade - Ferrous Ore
appliedenergistics2:item.ItemFacade:0, Cable Facade - Shiny Ore
appliedenergistics2:item.ItemFacade:0, Cable Facade - Mana Infused Ore
appliedenergistics2:item.ItemFacade:0, Cable Facade - Copper Block
appliedenergistics2:item.ItemFacade:0, Cable Facade - Tin Block
appliedenergistics2:item.ItemFacade:0, Cable Facade - Silver Block
appliedenergistics2:item.ItemFacade:0, Cable Facade - Lead Block
appliedenergistics2:item.ItemFacade:0, Cable Facade - Ferrous Block
appliedenergistics2:item.ItemFacade:0, Cable Facade - Shiny Block
appliedenergistics2:item.ItemFacade:0, Cable Facade - Mana Infused Block
appliedenergistics2:item.ItemFacade:0, Cable Facade - Electrum Block
appliedenergistics2:item.ItemFacade:0, Cable Facade - Invar Block
appliedenergistics2:item.ItemFacade:0, Cable Facade - Bronze Block
appliedenergistics2:item.ItemFacade:0, Cable Facade - Signalum Block
appliedenergistics2:item.ItemFacade:0, Cable Facade - Lumium Block
appliedenergistics2:item.ItemFacade:0, Cable Facade - Enderium Block
appliedenergistics2:item.ItemFacade:0, Cable Facade - Angel Block
appliedenergistics2:item.ItemFacade:0, Cable Facade - Block Update Detector
appliedenergistics2:item.ItemFacade:0, Cable Facade - Edged Stone Bricks
appliedenergistics2:item.ItemFacade:0, Cable Facade - Ender-infused Obsidian
appliedenergistics2:item.ItemFacade:0, Cable Facade - Burnt Quartz
appliedenergistics2:item.ItemFacade:0, Cable Facade - Frosted Stone
appliedenergistics2:item.ItemFacade:0, Cable Facade - Border Stone
appliedenergistics2:item.ItemFacade:0, Cable Facade - Unstable Ingot Block
appliedenergistics2:item.ItemFacade:0, Cable Facade - Gravel Bricks
appliedenergistics2:item.ItemFacade:0, Cable Facade - Border Stone (Alternate)
appliedenergistics2:item.ItemFacade:0, Cable Facade - Magical Wood
appliedenergistics2:item.ItemFacade:0, Cable Facade - Sandy Glass
appliedenergistics2:item.ItemFacade:0, Cable Facade - Gravel Road
appliedenergistics2:item.ItemFacade:0, Cable Facade - Ender Core
appliedenergistics2:item.ItemFacade:0, Cable Facade - Diamond-Etched Computational Matrix
appliedenergistics2:item.ItemFacade:0, Cable Facade - Ender-Sand Alloy
appliedenergistics2:item.ItemFacade:0, Cable Facade - Carved 'Eminence' Stone
appliedenergistics2:item.ItemFacade:0, Cable Facade - tile.extrautils:pureLove.name
appliedenergistics2:item.ItemFacade:0, Cable Facade - Block of Bedrockium
appliedenergistics2:item.ItemFacade:0, Cable Facade - Colored Stone Bricks (White Frequency)
appliedenergistics2:item.ItemFacade:0, Cable Facade - Colored Stone Bricks (Orange Frequency)
appliedenergistics2:item.ItemFacade:0, Cable Facade - Colored Stone Bricks (Magenta Frequency)
appliedenergistics2:item.ItemFacade:0, Cable Facade - Colored Stone Bricks (Light Blue Frequency)
appliedenergistics2:item.ItemFacade:0, Cable Facade - Colored Stone Bricks (Yellow Frequency)
appliedenergistics2:item.ItemFacade:0, Cable Facade - Colored Stone Bricks (Lime Frequency)
appliedenergistics2:item.ItemFacade:0, Cable Facade - Colored Stone Bricks (Pink Frequency)
appliedenergistics2:item.ItemFacade:0, Cable Facade - Colored Stone Bricks (Gray Frequency)
appliedenergistics2:item.ItemFacade:0, Cable Facade - Colored Stone Bricks (Light Gray Frequency)
appliedenergistics2:item.ItemFacade:0, Cable Facade - Colored Stone Bricks (Cyan Frequency)
appliedenergistics2:item.ItemFacade:0, Cable Facade - Colored Stone Bricks (Purple Frequency)
appliedenergistics2:item.ItemFacade:0, Cable Facade - Colored Stone Bricks (Blue Frequency)
appliedenergistics2:item.ItemFacade:0, Cable Facade - Colored Stone Bricks (Brown Frequency)
appliedenergistics2:item.ItemFacade:0, Cable Facade - Colored Stone Bricks (Green Frequency)
appliedenergistics2:item.ItemFacade:0, Cable Facade - Colored Stone Bricks (Red Frequency)
appliedenergistics2:item.ItemFacade:0, Cable Facade - Colored Stone Bricks (Black Frequency)
appliedenergistics2:item.ItemFacade:0, Cable Facade - Colored Oak Wood Planks (White Frequency)
appliedenergistics2:item.ItemFacade:0, Cable Facade - Colored Oak Wood Planks (Orange Frequency)
appliedenergistics2:item.ItemFacade:0, Cable Facade - Colored Oak Wood Planks (Magenta Frequency)
appliedenergistics2:item.ItemFacade:0, Cable Facade - Colored Oak Wood Planks (Light Blue Frequency)
appliedenergistics2:item.ItemFacade:0, Cable Facade - Colored Oak Wood Planks (Yellow Frequency)
appliedenergistics2:item.ItemFacade:0, Cable Facade - Colored Oak Wood Planks (Lime Frequency)
appliedenergistics2:item.ItemFacade:0, Cable Facade - Colored Oak Wood Planks (Pink Frequency)
appliedenergistics2:item.ItemFacade:0, Cable Facade - Colored Oak Wood Planks (Gray Frequency)
appliedenergistics2:item.ItemFacade:0, Cable Facade - Colored Oak Wood Planks (Light Gray Frequency)
appliedenergistics2:item.ItemFacade:0, Cable Facade - Colored Oak Wood Planks (Cyan Frequency)
appliedenergistics2:item.ItemFacade:0, Cable Facade - Colored Oak Wood Planks (Purple Frequency)
appliedenergistics2:item.ItemFacade:0, Cable Facade - Colored Oak Wood Planks (Blue Frequency)
appliedenergistics2:item.ItemFacade:0, Cable Facade - Colored Oak Wood Planks (Brown Frequency)
appliedenergistics2:item.ItemFacade:0, Cable Facade - Colored Oak Wood Planks (Green Frequency)
appliedenergistics2:item.ItemFacade:0, Cable Facade - Colored Oak Wood Planks (Red Frequency)
appliedenergistics2:item.ItemFacade:0, Cable Facade - Colored Oak Wood Planks (Black Frequency)
appliedenergistics2:item.ItemFacade:0, Cable Facade - Colored Glowstone (White Frequency)
appliedenergistics2:item.ItemFacade:0, Cable Facade - Colored Glowstone (Orange Frequency)
appliedenergistics2:item.ItemFacade:0, Cable Facade - Colored Glowstone (Magenta Frequency)
appliedenergistics2:item.ItemFacade:0, Cable Facade - Colored Glowstone (Light Blue Frequency)
appliedenergistics2:item.ItemFacade:0, Cable Facade - Colored Glowstone (Yellow Frequency)
appliedenergistics2:item.ItemFacade:0, Cable Facade - Colored Glowstone (Lime Frequency)
appliedenergistics2:item.ItemFacade:0, Cable Facade - Colored Glowstone (Pink Frequency)
appliedenergistics2:item.ItemFacade:0, Cable Facade - Colored Glowstone (Gray Frequency)
appliedenergistics2:item.ItemFacade:0, Cable Facade - Colored Glowstone (Light Gray Frequency)
appliedenergistics2:item.ItemFacade:0, Cable Facade - Colored Glowstone (Cyan Frequency)
appliedenergistics2:item.ItemFacade:0, Cable Facade - Colored Glowstone (Purple Frequency)
appliedenergistics2:item.ItemFacade:0, Cable Facade - Colored Glowstone (Blue Frequency)
appliedenergistics2:item.ItemFacade:0, Cable Facade - Colored Glowstone (Brown Frequency)
appliedenergistics2:item.ItemFacade:0, Cable Facade - Colored Glowstone (Green Frequency)
appliedenergistics2:item.ItemFacade:0, Cable Facade - Colored Glowstone (Red Frequency)
appliedenergistics2:item.ItemFacade:0, Cable Facade - Colored Glowstone (Black Frequency)
appliedenergistics2:item.ItemFacade:0, Cable Facade - Colored Stone (White Frequency)
appliedenergistics2:item.ItemFacade:0, Cable Facade - Colored Stone (Orange Frequency)
appliedenergistics2:item.ItemFacade:0, Cable Facade - Colored Stone (Magenta Frequency)
appliedenergistics2:item.ItemFacade:0, Cable Facade - Colored Stone (Light Blue Frequency)
appliedenergistics2:item.ItemFacade:0, Cable Facade - Colored Stone (Yellow Frequency)
appliedenergistics2:item.ItemFacade:0, Cable Facade - Colored Stone (Lime Frequency)
appliedenergistics2:item.ItemFacade:0, Cable Facade - Colored Stone (Pink Frequency)
appliedenergistics2:item.ItemFacade:0, Cable Facade - Colored Stone (Gray Frequency)
appliedenergistics2:item.ItemFacade:0, Cable Facade - Colored Stone (Light Gray Frequency)
appliedenergistics2:item.ItemFacade:0, Cable Facade - Colored Stone (Cyan Frequency)
appliedenergistics2:item.ItemFacade:0, Cable Facade - Colored Stone (Purple Frequency)
appliedenergistics2:item.ItemFacade:0, Cable Facade - Colored Stone (Blue Frequency)
appliedenergistics2:item.ItemFacade:0, Cable Facade - Colored Stone (Brown Frequency)
appliedenergistics2:item.ItemFacade:0, Cable Facade - Colored Stone (Green Frequency)
appliedenergistics2:item.ItemFacade:0, Cable Facade - Colored Stone (Red Frequency)
appliedenergistics2:item.ItemFacade:0, Cable Facade - Colored Stone (Black Frequency)
appliedenergistics2:item.ItemFacade:0, Cable Facade - Colored Block of Quartz (White Frequency)
appliedenergistics2:item.ItemFacade:0, Cable Facade - Colored Block of Quartz (Orange Frequency)
appliedenergistics2:item.ItemFacade:0, Cable Facade - Colored Block of Quartz (Magenta Frequency)
appliedenergistics2:item.ItemFacade:0, Cable Facade - Colored Block of Quartz (Light Blue Frequency)
appliedenergistics2:item.ItemFacade:0, Cable Facade - Colored Block of Quartz (Yellow Frequency)
appliedenergistics2:item.ItemFacade:0, Cable Facade - Colored Block of Quartz (Lime Frequency)
appliedenergistics2:item.ItemFacade:0, Cable Facade - Colored Block of Quartz (Pink Frequency)
appliedenergistics2:item.ItemFacade:0, Cable Facade - Colored Block of Quartz (Gray Frequency)
appliedenergistics2:item.ItemFacade:0, Cable Facade - Colored Block of Quartz (Light Gray Frequency)
appliedenergistics2:item.ItemFacade:0, Cable Facade - Colored Block of Quartz (Cyan Frequency)
appliedenergistics2:item.ItemFacade:0, Cable Facade - Colored Block of Quartz (Purple Frequency)
appliedenergistics2:item.ItemFacade:0, Cable Facade - Colored Block of Quartz (Blue Frequency)
appliedenergistics2:item.ItemFacade:0, Cable Facade - Colored Block of Quartz (Brown Frequency)
appliedenergistics2:item.ItemFacade:0, Cable Facade - Colored Block of Quartz (Green Frequency)
appliedenergistics2:item.ItemFacade:0, Cable Facade - Colored Block of Quartz (Red Frequency)
appliedenergistics2:item.ItemFacade:0, Cable Facade - Colored Block of Quartz (Black Frequency)
appliedenergistics2:item.ItemFacade:0, Cable Facade - Colored Soul Sand (White Frequency)
appliedenergistics2:item.ItemFacade:0, Cable Facade - Colored Soul Sand (Orange Frequency)
appliedenergistics2:item.ItemFacade:0, Cable Facade - Colored Soul Sand (Magenta Frequency)
appliedenergistics2:item.ItemFacade:0, Cable Facade - Colored Soul Sand (Light Blue Frequency)
appliedenergistics2:item.ItemFacade:0, Cable Facade - Colored Soul Sand (Yellow Frequency)
appliedenergistics2:item.ItemFacade:0, Cable Facade - Colored Soul Sand (Lime Frequency)
appliedenergistics2:item.ItemFacade:0, Cable Facade - Colored Soul Sand (Pink Frequency)
appliedenergistics2:item.ItemFacade:0, Cable Facade - Colored Soul Sand (Gray Frequency)
appliedenergistics2:item.ItemFacade:0, Cable Facade - Colored Soul Sand (Light Gray Frequency)
appliedenergistics2:item.ItemFacade:0, Cable Facade - Colored Soul Sand (Cyan Frequency)
appliedenergistics2:item.ItemFacade:0, Cable Facade - Colored Soul Sand (Purple Frequency)
appliedenergistics2:item.ItemFacade:0, Cable Facade - Colored Soul Sand (Blue Frequency)
appliedenergistics2:item.ItemFacade:0, Cable Facade - Colored Soul Sand (Brown Frequency)
appliedenergistics2:item.ItemFacade:0, Cable Facade - Colored Soul Sand (Green Frequency)
appliedenergistics2:item.ItemFacade:0, Cable Facade - Colored Soul Sand (Red Frequency)
appliedenergistics2:item.ItemFacade:0, Cable Facade - Colored Soul Sand (Black Frequency)
appliedenergistics2:item.ItemFacade:0, Cable Facade - Colored Redstone Lamp (White Frequency)
appliedenergistics2:item.ItemFacade:0, Cable Facade - Colored Redstone Lamp (Orange Frequency)
appliedenergistics2:item.ItemFacade:0, Cable Facade - Colored Redstone Lamp (Magenta Frequency)
appliedenergistics2:item.ItemFacade:0, Cable Facade - Colored Redstone Lamp (Light Blue Frequency)
appliedenergistics2:item.ItemFacade:0, Cable Facade - Colored Redstone Lamp (Yellow Frequency)
appliedenergistics2:item.ItemFacade:0, Cable Facade - Colored Redstone Lamp (Lime Frequency)
appliedenergistics2:item.ItemFacade:0, Cable Facade - Colored Redstone Lamp (Pink Frequency)
appliedenergistics2:item.ItemFacade:0, Cable Facade - Colored Redstone Lamp (Gray Frequency)
appliedenergistics2:item.ItemFacade:0, Cable Facade - Colored Redstone Lamp (Light Gray Frequency)
appliedenergistics2:item.ItemFacade:0, Cable Facade - Colored Redstone Lamp (Cyan Frequency)
appliedenergistics2:item.ItemFacade:0, Cable Facade - Colored Redstone Lamp (Purple Frequency)
appliedenergistics2:item.ItemFacade:0, Cable Facade - Colored Redstone Lamp (Blue Frequency)
appliedenergistics2:item.ItemFacade:0, Cable Facade - Colored Redstone Lamp (Brown Frequency)
appliedenergistics2:item.ItemFacade:0, Cable Facade - Colored Redstone Lamp (Green Frequency)
appliedenergistics2:item.ItemFacade:0, Cable Facade - Colored Redstone Lamp (Red Frequency)
appliedenergistics2:item.ItemFacade:0, Cable Facade - Colored Redstone Lamp (Black Frequency)
appliedenergistics2:item.ItemFacade:0, Cable Facade - Colored Bricks (White Frequency)
appliedenergistics2:item.ItemFacade:0, Cable Facade - Colored Bricks (Orange Frequency)
appliedenergistics2:item.ItemFacade:0, Cable Facade - Colored Bricks (Magenta Frequency)
appliedenergistics2:item.ItemFacade:0, Cable Facade - Colored Bricks (Light Blue Frequency)
appliedenergistics2:item.ItemFacade:0, Cable Facade - Colored Bricks (Yellow Frequency)
appliedenergistics2:item.ItemFacade:0, Cable Facade - Colored Bricks (Lime Frequency)
appliedenergistics2:item.ItemFacade:0, Cable Facade - Colored Bricks (Pink Frequency)
appliedenergistics2:item.ItemFacade:0, Cable Facade - Colored Bricks (Gray Frequency)
appliedenergistics2:item.ItemFacade:0, Cable Facade - Colored Bricks (Light Gray Frequency)
appliedenergistics2:item.ItemFacade:0, Cable Facade - Colored Bricks (Cyan Frequency)
appliedenergistics2:item.ItemFacade:0, Cable Facade - Colored Bricks (Purple Frequency)
appliedenergistics2:item.ItemFacade:0, Cable Facade - Colored Bricks (Blue Frequency)
appliedenergistics2:item.ItemFacade:0, Cable Facade - Colored Bricks (Brown Frequency)
appliedenergistics2:item.ItemFacade:0, Cable Facade - Colored Bricks (Green Frequency)
appliedenergistics2:item.ItemFacade:0, Cable Facade - Colored Bricks (Red Frequency)
appliedenergistics2:item.ItemFacade:0, Cable Facade - Colored Bricks (Black Frequency)
appliedenergistics2:item.ItemFacade:0, Cable Facade - Colored Cobblestone (White Frequency)
appliedenergistics2:item.ItemFacade:0, Cable Facade - Colored Cobblestone (Orange Frequency)
appliedenergistics2:item.ItemFacade:0, Cable Facade - Colored Cobblestone (Magenta Frequency)
appliedenergistics2:item.ItemFacade:0, Cable Facade - Colored Cobblestone (Light Blue Frequency)
appliedenergistics2:item.ItemFacade:0, Cable Facade - Colored Cobblestone (Yellow Frequency)
appliedenergistics2:item.ItemFacade:0, Cable Facade - Colored Cobblestone (Lime Frequency)
appliedenergistics2:item.ItemFacade:0, Cable Facade - Colored Cobblestone (Pink Frequency)
appliedenergistics2:item.ItemFacade:0, Cable Facade - Colored Cobblestone (Gray Frequency)
appliedenergistics2:item.ItemFacade:0, Cable Facade - Colored Cobblestone (Light Gray Frequency)
appliedenergistics2:item.ItemFacade:0, Cable Facade - Colored Cobblestone (Cyan Frequency)
appliedenergistics2:item.ItemFacade:0, Cable Facade - Colored Cobblestone (Purple Frequency)
appliedenergistics2:item.ItemFacade:0, Cable Facade - Colored Cobblestone (Blue Frequency)
appliedenergistics2:item.ItemFacade:0, Cable Facade - Colored Cobblestone (Brown Frequency)
appliedenergistics2:item.ItemFacade:0, Cable Facade - Colored Cobblestone (Green Frequency)
appliedenergistics2:item.ItemFacade:0, Cable Facade - Colored Cobblestone (Red Frequency)
appliedenergistics2:item.ItemFacade:0, Cable Facade - Colored Cobblestone (Black Frequency)
appliedenergistics2:item.ItemFacade:0, Cable Facade - Colored Lapis Lazuli Block (White Frequency)
appliedenergistics2:item.ItemFacade:0, Cable Facade - Colored Lapis Lazuli Block (Orange Frequency)
appliedenergistics2:item.ItemFacade:0, Cable Facade - Colored Lapis Lazuli Block (Magenta Frequency)
appliedenergistics2:item.ItemFacade:0, Cable Facade - Colored Lapis Lazuli Block (Light Blue Frequency)
appliedenergistics2:item.ItemFacade:0, Cable Facade - Colored Lapis Lazuli Block (Yellow Frequency)
appliedenergistics2:item.ItemFacade:0, Cable Facade - Colored Lapis Lazuli Block (Lime Frequency)
appliedenergistics2:item.ItemFacade:0, Cable Facade - Colored Lapis Lazuli Block (Pink Frequency)
appliedenergistics2:item.ItemFacade:0, Cable Facade - Colored Lapis Lazuli Block (Gray Frequency)
appliedenergistics2:item.ItemFacade:0, Cable Facade - Colored Lapis Lazuli Block (Light Gray Frequency)
appliedenergistics2:item.ItemFacade:0, Cable Facade - Colored Lapis Lazuli Block (Cyan Frequency)
appliedenergistics2:item.ItemFacade:0, Cable Facade - Colored Lapis Lazuli Block (Purple Frequency)
appliedenergistics2:item.ItemFacade:0, Cable Facade - Colored Lapis Lazuli Block (Blue Frequency)
appliedenergistics2:item.ItemFacade:0, Cable Facade - Colored Lapis Lazuli Block (Brown Frequency)
appliedenergistics2:item.ItemFacade:0, Cable Facade - Colored Lapis Lazuli Block (Green Frequency)
appliedenergistics2:item.ItemFacade:0, Cable Facade - Colored Lapis Lazuli Block (Red Frequency)
appliedenergistics2:item.ItemFacade:0, Cable Facade - Colored Lapis Lazuli Block (Black Frequency)
appliedenergistics2:item.ItemFacade:0, Cable Facade - Colored Obsidian (White Frequency)
appliedenergistics2:item.ItemFacade:0, Cable Facade - Colored Obsidian (Orange Frequency)
appliedenergistics2:item.ItemFacade:0, Cable Facade - Colored Obsidian (Magenta Frequency)
appliedenergistics2:item.ItemFacade:0, Cable Facade - Colored Obsidian (Light Blue Frequency)
appliedenergistics2:item.ItemFacade:0, Cable Facade - Colored Obsidian (Yellow Frequency)
appliedenergistics2:item.ItemFacade:0, Cable Facade - Colored Obsidian (Lime Frequency)
appliedenergistics2:item.ItemFacade:0, Cable Facade - Colored Obsidian (Pink Frequency)
appliedenergistics2:item.ItemFacade:0, Cable Facade - Colored Obsidian (Gray Frequency)
appliedenergistics2:item.ItemFacade:0, Cable Facade - Colored Obsidian (Light Gray Frequency)
appliedenergistics2:item.ItemFacade:0, Cable Facade - Colored Obsidian (Cyan Frequency)
appliedenergistics2:item.ItemFacade:0, Cable Facade - Colored Obsidian (Purple Frequency)
appliedenergistics2:item.ItemFacade:0, Cable Facade - Colored Obsidian (Blue Frequency)
appliedenergistics2:item.ItemFacade:0, Cable Facade - Colored Obsidian (Brown Frequency)
appliedenergistics2:item.ItemFacade:0, Cable Facade - Colored Obsidian (Green Frequency)
appliedenergistics2:item.ItemFacade:0, Cable Facade - Colored Obsidian (Red Frequency)
appliedenergistics2:item.ItemFacade:0, Cable Facade - Colored Obsidian (Black Frequency)
appliedenergistics2:item.ItemFacade:0, Cable Facade - Colored Block of Redstone (White Frequency)
appliedenergistics2:item.ItemFacade:0, Cable Facade - Colored Block of Redstone (Orange Frequency)
appliedenergistics2:item.ItemFacade:0, Cable Facade - Colored Block of Redstone (Magenta Frequency)
appliedenergistics2:item.ItemFacade:0, Cable Facade - Colored Block of Redstone (Light Blue Frequency)
appliedenergistics2:item.ItemFacade:0, Cable Facade - Colored Block of Redstone (Yellow Frequency)
appliedenergistics2:item.ItemFacade:0, Cable Facade - Colored Block of Redstone (Lime Frequency)
appliedenergistics2:item.ItemFacade:0, Cable Facade - Colored Block of Redstone (Pink Frequency)
appliedenergistics2:item.ItemFacade:0, Cable Facade - Colored Block of Redstone (Gray Frequency)
appliedenergistics2:item.ItemFacade:0, Cable Facade - Colored Block of Redstone (Light Gray Frequency)
appliedenergistics2:item.ItemFacade:0, Cable Facade - Colored Block of Redstone (Cyan Frequency)
appliedenergistics2:item.ItemFacade:0, Cable Facade - Colored Block of Redstone (Purple Frequency)
appliedenergistics2:item.ItemFacade:0, Cable Facade - Colored Block of Redstone (Blue Frequency)
appliedenergistics2:item.ItemFacade:0, Cable Facade - Colored Block of Redstone (Brown Frequency)
appliedenergistics2:item.ItemFacade:0, Cable Facade - Colored Block of Redstone (Green Frequency)
appliedenergistics2:item.ItemFacade:0, Cable Facade - Colored Block of Redstone (Red Frequency)
appliedenergistics2:item.ItemFacade:0, Cable Facade - Colored Block of Redstone (Black Frequency)
appliedenergistics2:item.ItemFacade:0, Cable Facade - Colored Block of Coal (White Frequency)
appliedenergistics2:item.ItemFacade:0, Cable Facade - Colored Block of Coal (Orange Frequency)
appliedenergistics2:item.ItemFacade:0, Cable Facade - Colored Block of Coal (Magenta Frequency)
appliedenergistics2:item.ItemFacade:0, Cable Facade - Colored Block of Coal (Light Blue Frequency)
appliedenergistics2:item.ItemFacade:0, Cable Facade - Colored Block of Coal (Yellow Frequency)
appliedenergistics2:item.ItemFacade:0, Cable Facade - Colored Block of Coal (Lime Frequency)
appliedenergistics2:item.ItemFacade:0, Cable Facade - Colored Block of Coal (Pink Frequency)
appliedenergistics2:item.ItemFacade:0, Cable Facade - Colored Block of Coal (Gray Frequency)
appliedenergistics2:item.ItemFacade:0, Cable Facade - Colored Block of Coal (Light Gray Frequency)
appliedenergistics2:item.ItemFacade:0, Cable Facade - Colored Block of Coal (Cyan Frequency)
appliedenergistics2:item.ItemFacade:0, Cable Facade - Colored Block of Coal (Purple Frequency)
appliedenergistics2:item.ItemFacade:0, Cable Facade - Colored Block of Coal (Blue Frequency)
appliedenergistics2:item.ItemFacade:0, Cable Facade - Colored Block of Coal (Brown Frequency)
appliedenergistics2:item.ItemFacade:0, Cable Facade - Colored Block of Coal (Green Frequency)
appliedenergistics2:item.ItemFacade:0, Cable Facade - Colored Block of Coal (Red Frequency)
appliedenergistics2:item.ItemFacade:0, Cable Facade - Colored Block of Coal (Black Frequency)
appliedenergistics2:item.ItemFacade:0, Cable Facade - Compressed Cobblestone
appliedenergistics2:item.ItemFacade:0, Cable Facade - Double Compressed Cobblestone
appliedenergistics2:item.ItemFacade:0, Cable Facade - Triple Compressed Cobblestone
appliedenergistics2:item.ItemFacade:0, Cable Facade - Quadruple Compressed Cobblestone
appliedenergistics2:item.ItemFacade:0, Cable Facade - Quintuple Compressed Cobblestone
appliedenergistics2:item.ItemFacade:0, Cable Facade - Sextuple Compressed Cobblestone
appliedenergistics2:item.ItemFacade:0, Cable Facade - Septuple Compressed Cobblestone
appliedenergistics2:item.ItemFacade:0, Cable Facade - Octuple Compressed Cobblestone
appliedenergistics2:item.ItemFacade:0, Cable Facade - Compressed Dirt
appliedenergistics2:item.ItemFacade:0, Cable Facade - Double Compressed Dirt
appliedenergistics2:item.ItemFacade:0, Cable Facade - Triple Compressed Dirt
appliedenergistics2:item.ItemFacade:0, Cable Facade - Quadruple Compressed Dirt
appliedenergistics2:item.ItemFacade:0, Cable Facade - Compressed Gravel
appliedenergistics2:item.ItemFacade:0, Cable Facade - Double Compressed Gravel
appliedenergistics2:item.ItemFacade:0, Cable Facade - Compressed Sand
appliedenergistics2:item.ItemFacade:0, Cable Facade - Double Compressed Sand
appliedenergistics2:item.ItemFacade:0, Cable Facade - Conveyor Belt
appliedenergistics2:item.ItemFacade:0, Cable Facade - Lapis Caelestis Albus (White)
appliedenergistics2:item.ItemFacade:0, Cable Facade - Lapis Caelestis Aurantiacus (Orange)
appliedenergistics2:item.ItemFacade:0, Cable Facade - Lapis Caelestis Purpura Amethystinus (Magenta)
appliedenergistics2:item.ItemFacade:0, Cable Facade - Lapis Caelestis Caesicius (Light Blue)
appliedenergistics2:item.ItemFacade:0, Cable Facade - Lapis Caelestis Flavus (Yellow)
appliedenergistics2:item.ItemFacade:0, Cable Facade - Lapis Caelestis Viridis (Green)
appliedenergistics2:item.ItemFacade:0, Cable Facade - Lapis Caelestis Roseus (Pink)
appliedenergistics2:item.ItemFacade:0, Cable Facade - Lapis Caelestis Cinereus (Gray)
appliedenergistics2:item.ItemFacade:0, Cable Facade - Lapis Caelestis Lux Cinereus (Light Gray)
appliedenergistics2:item.ItemFacade:0, Cable Facade - Lapis Caelestis Callainus (Cyan)
appliedenergistics2:item.ItemFacade:0, Cable Facade - Lapis Caelestis Purpura (Purple)
appliedenergistics2:item.ItemFacade:0, Cable Facade - Lapis Caelestis Caeruleus (Blue)
appliedenergistics2:item.ItemFacade:0, Cable Facade - Lapis Caelestis Fuscus (Brown)
appliedenergistics2:item.ItemFacade:0, Cable Facade - Lapis Caelestis Paphiae Myrti (Dark Green)
appliedenergistics2:item.ItemFacade:0, Cable Facade - Lapis Caelestis Rufus (Red)
appliedenergistics2:item.ItemFacade:0, Cable Facade - Lapis Caelestis Nox (Black)
appliedenergistics2:item.ItemFacade:0, Cable Facade - Redstone Clock
appliedenergistics2:item.ItemFacade:0, Cable Facade - Sandstone Bricks
appliedenergistics2:item.ItemFacade:0, Cable Facade - Cracked Sandstone Bricks
appliedenergistics2:item.ItemFacade:0, Cable Facade - Mossy Sandstone Bricks
appliedenergistics2:item.ItemFacade:0, Cable Facade - Smooth Sandstone
appliedenergistics2:item.ItemFacade:0, Cable Facade - Mossy Smooth Sandstone
appliedenergistics2:item.ItemFacade:0, Cable Facade - Cracked Smooth Sandstone
appliedenergistics2:item.ItemFacade:0, Cable Facade - §oThe Line§r
appliedenergistics2:item.ItemFacade:0, Cable Facade - Restonia Crystal Block
appliedenergistics2:item.ItemFacade:0, Cable Facade - Palis Crystal Block
appliedenergistics2:item.ItemFacade:0, Cable Facade - Diamatine Crystal Block
appliedenergistics2:item.ItemFacade:0, Cable Facade - Void Crystal Block
appliedenergistics2:item.ItemFacade:0, Cable Facade - Emeradic Crystal Block
appliedenergistics2:item.ItemFacade:0, Cable Facade - Enori Crystal Block
appliedenergistics2:item.ItemFacade:0, Cable Facade - Ethetic Green Block
appliedenergistics2:item.ItemFacade:0, Cable Facade - Ethetic Quartz
appliedenergistics2:item.ItemFacade:0, Cable Facade - White Lamp
appliedenergistics2:item.ItemFacade:0, Cable Facade - Orange Lamp
appliedenergistics2:item.ItemFacade:0, Cable Facade - Magenta Lamp
appliedenergistics2:item.ItemFacade:0, Cable Facade - Light Blue Lamp
appliedenergistics2:item.ItemFacade:0, Cable Facade - Yellow Lamp
appliedenergistics2:item.ItemFacade:0, Cable Facade - Lime Lamp
appliedenergistics2:item.ItemFacade:0, Cable Facade - Pink Lamp
appliedenergistics2:item.ItemFacade:0, Cable Facade - Gray Lamp
appliedenergistics2:item.ItemFacade:0, Cable Facade - Light Gray Lamp
appliedenergistics2:item.ItemFacade:0, Cable Facade - Cyan Lamp
appliedenergistics2:item.ItemFacade:0, Cable Facade - Purple Lamp
appliedenergistics2:item.ItemFacade:0, Cable Facade - Blue Lamp
appliedenergistics2:item.ItemFacade:0, Cable Facade - Brown Lamp
appliedenergistics2:item.ItemFacade:0, Cable Facade - Green Lamp
appliedenergistics2:item.ItemFacade:0, Cable Facade - Red Lamp
appliedenergistics2:item.ItemFacade:0, Cable Facade - Black Lamp
appliedenergistics2:item.ItemFacade:0, Cable Facade - White Lamp (On)
appliedenergistics2:item.ItemFacade:0, Cable Facade - Orange Lamp (On)
appliedenergistics2:item.ItemFacade:0, Cable Facade - Magenta Lamp (On)
appliedenergistics2:item.ItemFacade:0, Cable Facade - Light Blue Lamp (On)
appliedenergistics2:item.ItemFacade:0, Cable Facade - Yellow Lamp (On)
appliedenergistics2:item.ItemFacade:0, Cable Facade - Lime Lamp (On)
appliedenergistics2:item.ItemFacade:0, Cable Facade - Pink Lamp (On)
appliedenergistics2:item.ItemFacade:0, Cable Facade - Gray Lamp (On)
appliedenergistics2:item.ItemFacade:0, Cable Facade - Light Gray Lamp (On)
appliedenergistics2:item.ItemFacade:0, Cable Facade - Cyan Lamp (On)
appliedenergistics2:item.ItemFacade:0, Cable Facade - Purple Lamp (On)
appliedenergistics2:item.ItemFacade:0, Cable Facade - Blue Lamp (On)
appliedenergistics2:item.ItemFacade:0, Cable Facade - Brown Lamp (On)
appliedenergistics2:item.ItemFacade:0, Cable Facade - Green Lamp (On)
appliedenergistics2:item.ItemFacade:0, Cable Facade - Red Lamp (On)
appliedenergistics2:item.ItemFacade:0, Cable Facade - Black Lamp (On)
appliedenergistics2:item.ItemFacade:0, Cable Facade - Lamp Controller
appliedenergistics2:item.ItemFacade:0, Cable Facade - Pillar of Black Quartz
appliedenergistics2:item.ItemFacade:0, Cable Facade - Chiseled Block of Black Quartz
appliedenergistics2:item.ItemFacade:0, Cable Facade - Block of Black Quartz
appliedenergistics2:item.ItemFacade:0, Cable Facade - Black Quartz Ore
appliedenergistics2:item.ItemFacade:0, Cable Facade - Wood Casing
appliedenergistics2:item.ItemFacade:0, Cable Facade - Block of Charcoal
appliedenergistics2:item.ItemFacade:0, Cable Facade - Block of Enderpearl
appliedenergistics2:item.ItemFacade:0, Cable Facade - Casing
appliedenergistics2:item.ItemFacade:0, Cable Facade - Ender Casing
appliedenergistics2:item.ItemFacade:0, Cable Facade - Iron Casing
appliedenergistics2:item.ItemFacade:0, Cable Facade - Windmaker's Rune
appliedenergistics2:item.ItemFacade:0, Cable Facade - Infernal Rune
appliedenergistics2:item.ItemFacade:0, Cable Facade - Aquatic Rune
appliedenergistics2:item.ItemFacade:0, Cable Facade - Floral Rune
appliedenergistics2:item.ItemFacade:0, Cable Facade - Transposing Rune
appliedenergistics2:item.ItemFacade:0, Cable Facade - Windmaker's Bricks
appliedenergistics2:item.ItemFacade:0, Cable Facade - Infernal Bricks
appliedenergistics2:item.ItemFacade:0, Cable Facade - Aquatic Bricks
appliedenergistics2:item.ItemFacade:0, Cable Facade - Floral Bricks
appliedenergistics2:item.ItemFacade:0, Cable Facade - Transposing Bricks
appliedenergistics2:item.ItemFacade:0, Cable Facade - Frostbitten Bricks
appliedenergistics2:item.ItemFacade:0, Cable Facade - Earthbound Bricks
appliedenergistics2:item.ItemFacade:0, Cable Facade - Inert Rune
appliedenergistics2:item.ItemFacade:0, Cable Facade - Pillar of Crafting
appliedenergistics2:item.ItemFacade:0, Cable Facade - Crafting Amplifier
appliedenergistics2:item.ItemFacade:0, Cable Facade - Frostbitten Rune
appliedenergistics2:item.ItemFacade:0, Cable Facade - Earthbound Rune
appliedenergistics2:item.ItemFacade:0, Cable Facade - Runic Frame
appliedenergistics2:item.ItemFacade:0, Cable Facade - Runic Block
appliedenergistics2:item.ItemFacade:0, Cable Facade - Orange Stained Runic Block
appliedenergistics2:item.ItemFacade:0, Cable Facade - Magenta Stained Runic Block
appliedenergistics2:item.ItemFacade:0, Cable Facade - Light Blue Stained Runic Block
appliedenergistics2:item.ItemFacade:0, Cable Facade - Yellow Stained Runic Block
appliedenergistics2:item.ItemFacade:0, Cable Facade - Lime Stained Runic Block
appliedenergistics2:item.ItemFacade:0, Cable Facade - Pink Stained Runic Block
appliedenergistics2:item.ItemFacade:0, Cable Facade - Gray Stained Runic Block
appliedenergistics2:item.ItemFacade:0, Cable Facade - Light Gray Stained Runic Block
appliedenergistics2:item.ItemFacade:0, Cable Facade - Cyan Stained Runic Block
appliedenergistics2:item.ItemFacade:0, Cable Facade - Purple Stained Runic Block
appliedenergistics2:item.ItemFacade:0, Cable Facade - Blue Stained Runic Block
appliedenergistics2:item.ItemFacade:0, Cable Facade - Brown Stained Runic Block
appliedenergistics2:item.ItemFacade:0, Cable Facade - Green Stained Runic Block
appliedenergistics2:item.ItemFacade:0, Cable Facade - Red Stained Runic Block
appliedenergistics2:item.ItemFacade:0, Cable Facade - Black Stained Runic Block
appliedenergistics2:item.ItemFacade:0, Cable Facade - Salt
appliedenergistics2:item.ItemFacade:0, Cable Facade - Mercury Ore
appliedenergistics2:item.ItemFacade:0, Cable Facade - Nether Mercury Ore
appliedenergistics2:item.ItemFacade:0, Cable Facade - Pyro Ore
appliedenergistics2:item.ItemFacade:0, Cable Facade - Elemental Workbench (NULL)
appliedenergistics2:item.ItemFacade:0, Cable Facade - Alchemic Infuser (NULL)
appliedenergistics2:item.ItemFacade:0, Cable Facade - Pyrometal Block
appliedenergistics2:item.ItemFacade:0, Cable Facade - Nothing
appliedenergistics2:item.ItemFacade:0, Cable Facade - Lava Lamp
appliedenergistics2:item.ItemFacade:0, Cable Facade - Shiny Block
appliedenergistics2:item.ItemFacade:0, Cable Facade - Sand Lamp
appliedenergistics2:item.ItemFacade:0, Cable Facade - Rice Paper
appliedenergistics2:item.ItemFacade:0, Cable Facade - Ceramic
appliedenergistics2:item.ItemFacade:0, Cable Facade - Blood Rune
appliedenergistics2:item.ItemFacade:0, Cable Facade - Rune of Augmented Capacity
appliedenergistics2:item.ItemFacade:0, Cable Facade - Rune of Dislocation
appliedenergistics2:item.ItemFacade:0, Cable Facade - Rune of the Orb
appliedenergistics2:item.ItemFacade:0, Cable Facade - Rune of Superior Capacity
appliedenergistics2:item.ItemFacade:0, Cable Facade - Rune of Acceleration
appliedenergistics2:item.ItemFacade:0, Cable Facade - Speed Rune
appliedenergistics2:item.ItemFacade:0, Cable Facade - Efficiency Rune
appliedenergistics2:item.ItemFacade:0, Cable Facade - Rune of Sacrifice
appliedenergistics2:item.ItemFacade:0, Cable Facade - Rune of Self-Sacrifice
appliedenergistics2:item.ItemFacade:0, Cable Facade - Ritual Stone
appliedenergistics2:item.ItemFacade:0, Cable Facade - Imperfect Ritual Stone
appliedenergistics2:item.ItemFacade:0, Cable Facade - Soul Armour Forge
appliedenergistics2:item.ItemFacade:0, Cable Facade - Bloodstone Brick
appliedenergistics2:item.ItemFacade:0, Cable Facade - Large Bloodstone Brick
appliedenergistics2:item.ItemFacade:0, Cable Facade - Crystal Cluster
appliedenergistics2:item.ItemFacade:0, Cable Facade - Crystal Cluster Brick
appliedenergistics2:item.ItemFacade:0, Cable Facade - Glyph of the Adept Enchanter
appliedenergistics2:item.ItemFacade:0, Cable Facade - Glyph of Arcane Potential
appliedenergistics2:item.ItemFacade:0, Cable Facade - Glyph of Rigid Stability
appliedenergistics2:item.ItemFacade:0, Cable Facade - Block of Aluminum
appliedenergistics2:item.ItemFacade:0, Cable Facade - Block of Aluminum
appliedenergistics2:item.ItemFacade:0, Cable Facade - Block of Aluminum
appliedenergistics2:item.ItemFacade:0, Cable Facade - Block of Aluminum
appliedenergistics2:item.ItemFacade:0, Cable Facade - Block of Aluminum
appliedenergistics2:item.ItemFacade:0, Cable Facade - Block of Aluminum
appliedenergistics2:item.ItemFacade:0, Cable Facade - Andesite
appliedenergistics2:item.ItemFacade:0, Cable Facade - Andesite
appliedenergistics2:item.ItemFacade:0, Cable Facade - Andesite
appliedenergistics2:item.ItemFacade:0, Cable Facade - Andesite
appliedenergistics2:item.ItemFacade:0, Cable Facade - Andesite
appliedenergistics2:item.ItemFacade:0, Cable Facade - Andesite
appliedenergistics2:item.ItemFacade:0, Cable Facade - Andesite
appliedenergistics2:item.ItemFacade:0, Cable Facade - Anti Block
appliedenergistics2:item.ItemFacade:0, Cable Facade - Anti Block
appliedenergistics2:item.ItemFacade:0, Cable Facade - Anti Block
appliedenergistics2:item.ItemFacade:0, Cable Facade - Anti Block
appliedenergistics2:item.ItemFacade:0, Cable Facade - Anti Block
appliedenergistics2:item.ItemFacade:0, Cable Facade - Anti Block
appliedenergistics2:item.ItemFacade:0, Cable Facade - Anti Block
appliedenergistics2:item.ItemFacade:0, Cable Facade - Anti Block
appliedenergistics2:item.ItemFacade:0, Cable Facade - Anti Block
appliedenergistics2:item.ItemFacade:0, Cable Facade - Anti Block
appliedenergistics2:item.ItemFacade:0, Cable Facade - Anti Block
appliedenergistics2:item.ItemFacade:0, Cable Facade - Anti Block
appliedenergistics2:item.ItemFacade:0, Cable Facade - Anti Block
appliedenergistics2:item.ItemFacade:0, Cable Facade - Anti Block
appliedenergistics2:item.ItemFacade:0, Cable Facade - Anti Block
appliedenergistics2:item.ItemFacade:0, Cable Facade - Anti Block
appliedenergistics2:item.ItemFacade:0, Cable Facade - Blood Rune
appliedenergistics2:item.ItemFacade:0, Cable Facade - Blood Rune
appliedenergistics2:item.ItemFacade:0, Cable Facade - Blood Rune
appliedenergistics2:item.ItemFacade:0, Cable Facade - Blood Rune
appliedenergistics2:item.ItemFacade:0, Cable Facade - Blood Rune
appliedenergistics2:item.ItemFacade:0, Cable Facade - Blood Rune
appliedenergistics2:item.ItemFacade:0, Cable Facade - Bookshelf
appliedenergistics2:item.ItemFacade:0, Cable Facade - Bookshelf
appliedenergistics2:item.ItemFacade:0, Cable Facade - Bookshelf
appliedenergistics2:item.ItemFacade:0, Cable Facade - Bookshelf
appliedenergistics2:item.ItemFacade:0, Cable Facade - Bookshelf
appliedenergistics2:item.ItemFacade:0, Cable Facade - Bookshelf
appliedenergistics2:item.ItemFacade:0, Cable Facade - Bookshelf
appliedenergistics2:item.ItemFacade:0, Cable Facade - Bookshelf
appliedenergistics2:item.ItemFacade:0, Cable Facade - Brick Block
appliedenergistics2:item.ItemFacade:0, Cable Facade - Brick Block
appliedenergistics2:item.ItemFacade:0, Cable Facade - Brick Block
appliedenergistics2:item.ItemFacade:0, Cable Facade - Brick Block
appliedenergistics2:item.ItemFacade:0, Cable Facade - Brick Block
appliedenergistics2:item.ItemFacade:0, Cable Facade - Block of Bronze
appliedenergistics2:item.ItemFacade:0, Cable Facade - Block of Bronze
appliedenergistics2:item.ItemFacade:0, Cable Facade - Block of Bronze
appliedenergistics2:item.ItemFacade:0, Cable Facade - Block of Bronze
appliedenergistics2:item.ItemFacade:0, Cable Facade - Block of Bronze
appliedenergistics2:item.ItemFacade:0, Cable Facade - Block of Bronze
appliedenergistics2:item.ItemFacade:0, Cable Facade - Carpet
appliedenergistics2:item.ItemFacade:0, Cable Facade - Carpet
appliedenergistics2:item.ItemFacade:0, Cable Facade - Carpet
appliedenergistics2:item.ItemFacade:0, Cable Facade - Carpet
appliedenergistics2:item.ItemFacade:0, Cable Facade - Carpet
appliedenergistics2:item.ItemFacade:0, Cable Facade - Carpet
appliedenergistics2:item.ItemFacade:0, Cable Facade - Carpet
appliedenergistics2:item.ItemFacade:0, Cable Facade - Carpet
appliedenergistics2:item.ItemFacade:0, Cable Facade - Carpet
appliedenergistics2:item.ItemFacade:0, Cable Facade - Carpet
appliedenergistics2:item.ItemFacade:0, Cable Facade - Carpet
appliedenergistics2:item.ItemFacade:0, Cable Facade - Carpet
appliedenergistics2:item.ItemFacade:0, Cable Facade - Carpet
appliedenergistics2:item.ItemFacade:0, Cable Facade - Carpet
appliedenergistics2:item.ItemFacade:0, Cable Facade - Carpet
appliedenergistics2:item.ItemFacade:0, Cable Facade - Carpet
appliedenergistics2:item.ItemFacade:0, Cable Facade - Cobblestone
appliedenergistics2:item.ItemFacade:0, Cable Facade - Cobblestone
appliedenergistics2:item.ItemFacade:0, Cable Facade - Cobblestone
appliedenergistics2:item.ItemFacade:0, Cable Facade - Cobblestone
appliedenergistics2:item.ItemFacade:0, Cable Facade - Cobblestone
appliedenergistics2:item.ItemFacade:0, Cable Facade - Cobblestone
appliedenergistics2:item.ItemFacade:0, Cable Facade - Cobblestone
appliedenergistics2:item.ItemFacade:0, Cable Facade - Cobblestone
appliedenergistics2:item.ItemFacade:0, Cable Facade - Cobblestone
appliedenergistics2:item.ItemFacade:0, Cable Facade - Cobblestone
appliedenergistics2:item.ItemFacade:0, Cable Facade - Cobblestone
appliedenergistics2:item.ItemFacade:0, Cable Facade - Cobblestone
appliedenergistics2:item.ItemFacade:0, Cable Facade - Cobblestone
appliedenergistics2:item.ItemFacade:0, Cable Facade - Cobblestone
appliedenergistics2:item.ItemFacade:0, Cable Facade - Cobblestone
appliedenergistics2:item.ItemFacade:0, Cable Facade - Mossy Cobblestone
appliedenergistics2:item.ItemFacade:0, Cable Facade - Mossy Cobblestone
appliedenergistics2:item.ItemFacade:0, Cable Facade - Mossy Cobblestone
appliedenergistics2:item.ItemFacade:0, Cable Facade - Mossy Cobblestone
appliedenergistics2:item.ItemFacade:0, Cable Facade - Mossy Cobblestone
appliedenergistics2:item.ItemFacade:0, Cable Facade - Mossy Cobblestone
appliedenergistics2:item.ItemFacade:0, Cable Facade - Mossy Cobblestone
appliedenergistics2:item.ItemFacade:0, Cable Facade - Mossy Cobblestone
appliedenergistics2:item.ItemFacade:0, Cable Facade - Mossy Cobblestone
appliedenergistics2:item.ItemFacade:0, Cable Facade - Mossy Cobblestone
appliedenergistics2:item.ItemFacade:0, Cable Facade - Mossy Cobblestone
appliedenergistics2:item.ItemFacade:0, Cable Facade - Mossy Cobblestone
appliedenergistics2:item.ItemFacade:0, Cable Facade - Mossy Cobblestone
appliedenergistics2:item.ItemFacade:0, Cable Facade - Mossy Cobblestone
appliedenergistics2:item.ItemFacade:0, Cable Facade - Mossy Cobblestone
appliedenergistics2:item.ItemFacade:0, Cable Facade - Concrete
appliedenergistics2:item.ItemFacade:0, Cable Facade - Concrete
appliedenergistics2:item.ItemFacade:0, Cable Facade - Concrete
appliedenergistics2:item.ItemFacade:0, Cable Facade - Concrete
appliedenergistics2:item.ItemFacade:0, Cable Facade - Concrete
appliedenergistics2:item.ItemFacade:0, Cable Facade - Concrete
appliedenergistics2:item.ItemFacade:0, Cable Facade - Concrete
appliedenergistics2:item.ItemFacade:0, Cable Facade - Concrete
appliedenergistics2:item.ItemFacade:0, Cable Facade - Concrete
appliedenergistics2:item.ItemFacade:0, Cable Facade - Concrete
appliedenergistics2:item.ItemFacade:0, Cable Facade - Concrete
appliedenergistics2:item.ItemFacade:0, Cable Facade - Block of Copper
appliedenergistics2:item.ItemFacade:0, Cable Facade - Block of Copper
appliedenergistics2:item.ItemFacade:0, Cable Facade - Block of Copper
appliedenergistics2:item.ItemFacade:0, Cable Facade - Block of Copper
appliedenergistics2:item.ItemFacade:0, Cable Facade - Block of Copper
appliedenergistics2:item.ItemFacade:0, Cable Facade - Block of Copper
appliedenergistics2:item.ItemFacade:0, Cable Facade - Cubits
appliedenergistics2:item.ItemFacade:0, Cable Facade - Cubits
appliedenergistics2:item.ItemFacade:0, Cable Facade - Cubits
appliedenergistics2:item.ItemFacade:0, Cable Facade - Cubits
appliedenergistics2:item.ItemFacade:0, Cable Facade - Cubits
appliedenergistics2:item.ItemFacade:0, Cable Facade - Cubits
appliedenergistics2:item.ItemFacade:0, Cable Facade - Cubits
appliedenergistics2:item.ItemFacade:0, Cable Facade - Cubits
appliedenergistics2:item.ItemFacade:0, Cable Facade - Cubits
appliedenergistics2:item.ItemFacade:0, Cable Facade - Cubits
appliedenergistics2:item.ItemFacade:0, Cable Facade - Cubits
appliedenergistics2:item.ItemFacade:0, Cable Facade - Cubits
appliedenergistics2:item.ItemFacade:0, Cable Facade - Cubits
appliedenergistics2:item.ItemFacade:0, Cable Facade - Cubits
appliedenergistics2:item.ItemFacade:0, Cable Facade - Cubits
appliedenergistics2:item.ItemFacade:0, Cable Facade - Cubits
appliedenergistics2:item.ItemFacade:0, Cable Facade - Diamond Block
appliedenergistics2:item.ItemFacade:0, Cable Facade - Diamond Block
appliedenergistics2:item.ItemFacade:0, Cable Facade - Diamond Block
appliedenergistics2:item.ItemFacade:0, Cable Facade - Diamond Block
appliedenergistics2:item.ItemFacade:0, Cable Facade - Diamond Block
appliedenergistics2:item.ItemFacade:0, Cable Facade - Diamond Block
appliedenergistics2:item.ItemFacade:0, Cable Facade - Diamond Block
appliedenergistics2:item.ItemFacade:0, Cable Facade - Diamond Block
appliedenergistics2:item.ItemFacade:0, Cable Facade - Diamond Block
appliedenergistics2:item.ItemFacade:0, Cable Facade - Diamond Block
appliedenergistics2:item.ItemFacade:0, Cable Facade - Diamond Block
appliedenergistics2:item.ItemFacade:0, Cable Facade - Diamond Block
appliedenergistics2:item.ItemFacade:0, Cable Facade - Dirt
appliedenergistics2:item.ItemFacade:0, Cable Facade - Dirt
appliedenergistics2:item.ItemFacade:0, Cable Facade - Dirt
appliedenergistics2:item.ItemFacade:0, Cable Facade - Dirt
appliedenergistics2:item.ItemFacade:0, Cable Facade - Dirt
appliedenergistics2:item.ItemFacade:0, Cable Facade - Dirt
appliedenergistics2:item.ItemFacade:0, Cable Facade - Dirt
appliedenergistics2:item.ItemFacade:0, Cable Facade - Dirt
appliedenergistics2:item.ItemFacade:0, Cable Facade - Dirt
appliedenergistics2:item.ItemFacade:0, Cable Facade - Dirt
appliedenergistics2:item.ItemFacade:0, Cable Facade - Dirt
appliedenergistics2:item.ItemFacade:0, Cable Facade - Dirt
appliedenergistics2:item.ItemFacade:0, Cable Facade - Dirt
appliedenergistics2:item.ItemFacade:0, Cable Facade - Dirt
appliedenergistics2:item.ItemFacade:0, Cable Facade - Dirt
appliedenergistics2:item.ItemFacade:0, Cable Facade - Dirt
appliedenergistics2:item.ItemFacade:0, Cable Facade - Emerald Block
appliedenergistics2:item.ItemFacade:0, Cable Facade - Emerald Block
appliedenergistics2:item.ItemFacade:0, Cable Facade - Emerald Block
appliedenergistics2:item.ItemFacade:0, Cable Facade - Emerald Block
appliedenergistics2:item.ItemFacade:0, Cable Facade - Emerald Block
appliedenergistics2:item.ItemFacade:0, Cable Facade - Emerald Block
appliedenergistics2:item.ItemFacade:0, Cable Facade - Emerald Block
appliedenergistics2:item.ItemFacade:0, Cable Facade - Emerald Block
appliedenergistics2:item.ItemFacade:0, Cable Facade - Emerald Block
appliedenergistics2:item.ItemFacade:0, Cable Facade - Emerald Block
appliedenergistics2:item.ItemFacade:0, Cable Facade - Emerald Block
appliedenergistics2:item.ItemFacade:0, Cable Facade - End Stone
appliedenergistics2:item.ItemFacade:0, Cable Facade - End Stone
appliedenergistics2:item.ItemFacade:0, Cable Facade - End Stone
appliedenergistics2:item.ItemFacade:0, Cable Facade - End Stone
appliedenergistics2:item.ItemFacade:0, Cable Facade - End Stone
appliedenergistics2:item.ItemFacade:0, Cable Facade - End Stone
appliedenergistics2:item.ItemFacade:0, Cable Facade - End Stone
appliedenergistics2:item.ItemFacade:0, Cable Facade - End Stone
appliedenergistics2:item.ItemFacade:0, Cable Facade - End Stone
appliedenergistics2:item.ItemFacade:0, Cable Facade - End Stone
appliedenergistics2:item.ItemFacade:0, Cable Facade - End Stone
appliedenergistics2:item.ItemFacade:0, Cable Facade - End Stone
appliedenergistics2:item.ItemFacade:0, Cable Facade - End Stone
appliedenergistics2:item.ItemFacade:0, Cable Facade - End Stone
appliedenergistics2:item.ItemFacade:0, Cable Facade - Factory Block
appliedenergistics2:item.ItemFacade:0, Cable Facade - Factory Block
appliedenergistics2:item.ItemFacade:0, Cable Facade - Factory Block
appliedenergistics2:item.ItemFacade:0, Cable Facade - Factory Block
appliedenergistics2:item.ItemFacade:0, Cable Facade - Factory Block
appliedenergistics2:item.ItemFacade:0, Cable Facade - Factory Block
appliedenergistics2:item.ItemFacade:0, Cable Facade - Factory Block
appliedenergistics2:item.ItemFacade:0, Cable Facade - Factory Block
appliedenergistics2:item.ItemFacade:0, Cable Facade - Factory Block
appliedenergistics2:item.ItemFacade:0, Cable Facade - Factory Block
appliedenergistics2:item.ItemFacade:0, Cable Facade - Factory Block
appliedenergistics2:item.ItemFacade:0, Cable Facade - Factory Block
appliedenergistics2:item.ItemFacade:0, Cable Facade - Factory Block
appliedenergistics2:item.ItemFacade:0, Cable Facade - Factory Block
appliedenergistics2:item.ItemFacade:0, Cable Facade - Factory Block
appliedenergistics2:item.ItemFacade:0, Cable Facade - Factory Block
appliedenergistics2:item.ItemFacade:0, Cable Facade - Factory Block
appliedenergistics2:item.ItemFacade:0, Cable Facade - Factory Block
appliedenergistics2:item.ItemFacade:0, Cable Facade - Factory Block
appliedenergistics2:item.ItemFacade:0, Cable Facade - Factory Block
appliedenergistics2:item.ItemFacade:0, Cable Facade - Purpled Fantasy Block
appliedenergistics2:item.ItemFacade:0, Cable Facade - Purpled Fantasy Block
appliedenergistics2:item.ItemFacade:0, Cable Facade - Purpled Fantasy Block
appliedenergistics2:item.ItemFacade:0, Cable Facade - Purpled Fantasy Block
appliedenergistics2:item.ItemFacade:0, Cable Facade - Purpled Fantasy Block
appliedenergistics2:item.ItemFacade:0, Cable Facade - Purpled Fantasy Block
appliedenergistics2:item.ItemFacade:0, Cable Facade - Purpled Fantasy Block
appliedenergistics2:item.ItemFacade:0, Cable Facade - Purpled Fantasy Block
appliedenergistics2:item.ItemFacade:0, Cable Facade - Purpled Fantasy Block
appliedenergistics2:item.ItemFacade:0, Cable Facade - Purpled Fantasy Block
appliedenergistics2:item.ItemFacade:0, Cable Facade - Purpled Fantasy Block
appliedenergistics2:item.ItemFacade:0, Cable Facade - Purpled Fantasy Block
appliedenergistics2:item.ItemFacade:0, Cable Facade - Purpled Fantasy Block
appliedenergistics2:item.ItemFacade:0, Cable Facade - Purpled Fantasy Block
appliedenergistics2:item.ItemFacade:0, Cable Facade - Purpled Fantasy Block
appliedenergistics2:item.ItemFacade:0, Cable Facade - Purpled Fantasy Block
appliedenergistics2:item.ItemFacade:0, Cable Facade - Fantasy Block
appliedenergistics2:item.ItemFacade:0, Cable Facade - Fantasy Block
appliedenergistics2:item.ItemFacade:0, Cable Facade - Fantasy Block
appliedenergistics2:item.ItemFacade:0, Cable Facade - Fantasy Block
appliedenergistics2:item.ItemFacade:0, Cable Facade - Fantasy Block
appliedenergistics2:item.ItemFacade:0, Cable Facade - Fantasy Block
appliedenergistics2:item.ItemFacade:0, Cable Facade - Fantasy Block
appliedenergistics2:item.ItemFacade:0, Cable Facade - Fantasy Block
appliedenergistics2:item.ItemFacade:0, Cable Facade - Fantasy Block
appliedenergistics2:item.ItemFacade:0, Cable Facade - Fantasy Block
appliedenergistics2:item.ItemFacade:0, Cable Facade - Fantasy Block
appliedenergistics2:item.ItemFacade:0, Cable Facade - Fantasy Block
appliedenergistics2:item.ItemFacade:0, Cable Facade - Fantasy Block
appliedenergistics2:item.ItemFacade:0, Cable Facade - Fantasy Block
appliedenergistics2:item.ItemFacade:0, Cable Facade - Fantasy Block
appliedenergistics2:item.ItemFacade:0, Cable Facade - Fantasy Block
appliedenergistics2:item.ItemFacade:0, Cable Facade - Futura Block
appliedenergistics2:item.ItemFacade:0, Cable Facade - Futura Block
appliedenergistics2:item.ItemFacade:0, Cable Facade - Futura Block
appliedenergistics2:item.ItemFacade:0, Cable Facade - Futura Block
appliedenergistics2:item.ItemFacade:0, Cable Facade - Futura Block
appliedenergistics2:item.ItemFacade:0, Cable Facade - Futura Block
appliedenergistics2:item.ItemFacade:0, Cable Facade - Futura Circuit
appliedenergistics2:item.ItemFacade:0, Cable Facade - Futura Circuit
appliedenergistics2:item.ItemFacade:0, Cable Facade - Futura Circuit
appliedenergistics2:item.ItemFacade:0, Cable Facade - Futura Circuit
appliedenergistics2:item.ItemFacade:0, Cable Facade - Futura Circuit
appliedenergistics2:item.ItemFacade:0, Cable Facade - Futura Circuit
appliedenergistics2:item.ItemFacade:0, Cable Facade - Futura Circuit
appliedenergistics2:item.ItemFacade:0, Cable Facade - Futura Circuit
appliedenergistics2:item.ItemFacade:0, Cable Facade - Futura Circuit
appliedenergistics2:item.ItemFacade:0, Cable Facade - Futura Circuit
appliedenergistics2:item.ItemFacade:0, Cable Facade - Futura Circuit
appliedenergistics2:item.ItemFacade:0, Cable Facade - Futura Circuit
appliedenergistics2:item.ItemFacade:0, Cable Facade - Futura Circuit
appliedenergistics2:item.ItemFacade:0, Cable Facade - Futura Circuit
appliedenergistics2:item.ItemFacade:0, Cable Facade - Futura Circuit
appliedenergistics2:item.ItemFacade:0, Cable Facade - Futura Circuit
appliedenergistics2:item.ItemFacade:0, Cable Facade - Glass
appliedenergistics2:item.ItemFacade:0, Cable Facade - Glass
appliedenergistics2:item.ItemFacade:0, Cable Facade - Glass
appliedenergistics2:item.ItemFacade:0, Cable Facade - Glass
appliedenergistics2:item.ItemFacade:0, Cable Facade - Glass
appliedenergistics2:item.ItemFacade:0, Cable Facade - Glass
appliedenergistics2:item.ItemFacade:0, Cable Facade - Glass
appliedenergistics2:item.ItemFacade:0, Cable Facade - Glass
appliedenergistics2:item.ItemFacade:0, Cable Facade - Glass
appliedenergistics2:item.ItemFacade:0, Cable Facade - Glass
appliedenergistics2:item.ItemFacade:0, Cable Facade - Glass
appliedenergistics2:item.ItemFacade:0, Cable Facade - Glass
appliedenergistics2:item.ItemFacade:0, Cable Facade - Glass
appliedenergistics2:item.ItemFacade:0, Cable Facade - Glass
appliedenergistics2:item.ItemFacade:0, Cable Facade - Glass
appliedenergistics2:item.ItemFacade:0, Cable Facade - Glass
appliedenergistics2:item.ItemFacade:0, Cable Facade - Stained Glass
appliedenergistics2:item.ItemFacade:0, Cable Facade - Stained Glass
appliedenergistics2:item.ItemFacade:0, Cable Facade - Stained Glass
appliedenergistics2:item.ItemFacade:0, Cable Facade - Stained Glass
appliedenergistics2:item.ItemFacade:0, Cable Facade - Stained Glass
appliedenergistics2:item.ItemFacade:0, Cable Facade - Stained Glass
appliedenergistics2:item.ItemFacade:0, Cable Facade - Stained Glass
appliedenergistics2:item.ItemFacade:0, Cable Facade - Stained Glass
appliedenergistics2:item.ItemFacade:0, Cable Facade - Stained Glass
appliedenergistics2:item.ItemFacade:0, Cable Facade - Stained Glass
appliedenergistics2:item.ItemFacade:0, Cable Facade - Stained Glass
appliedenergistics2:item.ItemFacade:0, Cable Facade - Stained Glass
appliedenergistics2:item.ItemFacade:0, Cable Facade - Stained Glass
appliedenergistics2:item.ItemFacade:0, Cable Facade - Stained Glass
appliedenergistics2:item.ItemFacade:0, Cable Facade - Stained Glass
appliedenergistics2:item.ItemFacade:0, Cable Facade - Stained Glass
appliedenergistics2:item.ItemFacade:0, Cable Facade - Stained Glass
appliedenergistics2:item.ItemFacade:0, Cable Facade - Stained Glass
appliedenergistics2:item.ItemFacade:0, Cable Facade - Stained Glass
appliedenergistics2:item.ItemFacade:0, Cable Facade - Stained Glass
appliedenergistics2:item.ItemFacade:0, Cable Facade - Stained Glass
appliedenergistics2:item.ItemFacade:0, Cable Facade - Stained Glass
appliedenergistics2:item.ItemFacade:0, Cable Facade - Stained Glass
appliedenergistics2:item.ItemFacade:0, Cable Facade - Stained Glass
appliedenergistics2:item.ItemFacade:0, Cable Facade - Stained Glass
appliedenergistics2:item.ItemFacade:0, Cable Facade - Stained Glass
appliedenergistics2:item.ItemFacade:0, Cable Facade - Stained Glass
appliedenergistics2:item.ItemFacade:0, Cable Facade - Stained Glass
appliedenergistics2:item.ItemFacade:0, Cable Facade - Stained Glass
appliedenergistics2:item.ItemFacade:0, Cable Facade - Stained Glass
appliedenergistics2:item.ItemFacade:0, Cable Facade - Stained Glass
appliedenergistics2:item.ItemFacade:0, Cable Facade - Stained Glass
appliedenergistics2:item.ItemFacade:0, Cable Facade - Stained Glass
appliedenergistics2:item.ItemFacade:0, Cable Facade - Stained Glass
appliedenergistics2:item.ItemFacade:0, Cable Facade - Stained Glass
appliedenergistics2:item.ItemFacade:0, Cable Facade - Stained Glass
appliedenergistics2:item.ItemFacade:0, Cable Facade - Stained Glass
appliedenergistics2:item.ItemFacade:0, Cable Facade - Stained Glass
appliedenergistics2:item.ItemFacade:0, Cable Facade - Stained Glass
appliedenergistics2:item.ItemFacade:0, Cable Facade - Stained Glass
appliedenergistics2:item.ItemFacade:0, Cable Facade - Stained Glass
appliedenergistics2:item.ItemFacade:0, Cable Facade - Stained Glass
appliedenergistics2:item.ItemFacade:0, Cable Facade - Stained Glass
appliedenergistics2:item.ItemFacade:0, Cable Facade - Stained Glass
appliedenergistics2:item.ItemFacade:0, Cable Facade - Stained Glass
appliedenergistics2:item.ItemFacade:0, Cable Facade - Stained Glass
appliedenergistics2:item.ItemFacade:0, Cable Facade - Stained Glass
appliedenergistics2:item.ItemFacade:0, Cable Facade - Stained Glass
appliedenergistics2:item.ItemFacade:0, Cable Facade - Stained Glass
appliedenergistics2:item.ItemFacade:0, Cable Facade - Stained Glass
appliedenergistics2:item.ItemFacade:0, Cable Facade - Stained Glass
appliedenergistics2:item.ItemFacade:0, Cable Facade - Stained Glass
appliedenergistics2:item.ItemFacade:0, Cable Facade - Stained Glass
appliedenergistics2:item.ItemFacade:0, Cable Facade - Stained Glass
appliedenergistics2:item.ItemFacade:0, Cable Facade - Stained Glass
appliedenergistics2:item.ItemFacade:0, Cable Facade - Stained Glass
appliedenergistics2:item.ItemFacade:0, Cable Facade - Stained Glass
appliedenergistics2:item.ItemFacade:0, Cable Facade - Stained Glass
appliedenergistics2:item.ItemFacade:0, Cable Facade - Stained Glass
appliedenergistics2:item.ItemFacade:0, Cable Facade - Stained Glass
appliedenergistics2:item.ItemFacade:0, Cable Facade - Stained Glass
appliedenergistics2:item.ItemFacade:0, Cable Facade - Stained Glass
appliedenergistics2:item.ItemFacade:0, Cable Facade - Stained Glass
appliedenergistics2:item.ItemFacade:0, Cable Facade - Stained Glass
appliedenergistics2:item.ItemFacade:0, Cable Facade - Stained Glass
appliedenergistics2:item.ItemFacade:0, Cable Facade - Stained Glass
appliedenergistics2:item.ItemFacade:0, Cable Facade - Stained Glass
appliedenergistics2:item.ItemFacade:0, Cable Facade - Stained Glass
appliedenergistics2:item.ItemFacade:0, Cable Facade - Stained Glass
appliedenergistics2:item.ItemFacade:0, Cable Facade - Stained Glass
appliedenergistics2:item.ItemFacade:0, Cable Facade - Stained Glass
appliedenergistics2:item.ItemFacade:0, Cable Facade - Stained Glass
appliedenergistics2:item.ItemFacade:0, Cable Facade - Stained Glass
appliedenergistics2:item.ItemFacade:0, Cable Facade - Stained Glass
appliedenergistics2:item.ItemFacade:0, Cable Facade - Stained Glass
appliedenergistics2:item.ItemFacade:0, Cable Facade - Stained Glass
appliedenergistics2:item.ItemFacade:0, Cable Facade - Stained Glass
appliedenergistics2:item.ItemFacade:0, Cable Facade - Stained Glass
appliedenergistics2:item.ItemFacade:0, Cable Facade - Stained Glass
appliedenergistics2:item.ItemFacade:0, Cable Facade - Stained Glass
appliedenergistics2:item.ItemFacade:0, Cable Facade - GloTek
appliedenergistics2:item.ItemFacade:0, Cable Facade - GloTek
appliedenergistics2:item.ItemFacade:0, Cable Facade - GloTek
appliedenergistics2:item.ItemFacade:0, Cable Facade - GloTek
appliedenergistics2:item.ItemFacade:0, Cable Facade - GloTek
appliedenergistics2:item.ItemFacade:0, Cable Facade - GloTek
appliedenergistics2:item.ItemFacade:0, Cable Facade - GloTek
appliedenergistics2:item.ItemFacade:0, Cable Facade - GloTek
appliedenergistics2:item.ItemFacade:0, Cable Facade - GloTek
appliedenergistics2:item.ItemFacade:0, Cable Facade - GloTek
appliedenergistics2:item.ItemFacade:0, Cable Facade - GloTek
appliedenergistics2:item.ItemFacade:0, Cable Facade - GloTek
appliedenergistics2:item.ItemFacade:0, Cable Facade - GloTek
appliedenergistics2:item.ItemFacade:0, Cable Facade - GloTek
appliedenergistics2:item.ItemFacade:0, Cable Facade - GloTek
appliedenergistics2:item.ItemFacade:0, Cable Facade - GloTek
appliedenergistics2:item.ItemFacade:0, Cable Facade - Glowstone
appliedenergistics2:item.ItemFacade:0, Cable Facade - Glowstone
appliedenergistics2:item.ItemFacade:0, Cable Facade - Glowstone
appliedenergistics2:item.ItemFacade:0, Cable Facade - Glowstone
appliedenergistics2:item.ItemFacade:0, Cable Facade - Glowstone
appliedenergistics2:item.ItemFacade:0, Cable Facade - Glowstone
appliedenergistics2:item.ItemFacade:0, Cable Facade - Glowstone
appliedenergistics2:item.ItemFacade:0, Cable Facade - Glowstone
appliedenergistics2:item.ItemFacade:0, Cable Facade - Glowstone
appliedenergistics2:item.ItemFacade:0, Cable Facade - Glowstone
appliedenergistics2:item.ItemFacade:0, Cable Facade - Glowstone
appliedenergistics2:item.ItemFacade:0, Cable Facade - Glowstone
appliedenergistics2:item.ItemFacade:0, Cable Facade - Glowstone
appliedenergistics2:item.ItemFacade:0, Cable Facade - Glowstone
appliedenergistics2:item.ItemFacade:0, Cable Facade - Glowstone
appliedenergistics2:item.ItemFacade:0, Cable Facade - Block of Gold
appliedenergistics2:item.ItemFacade:0, Cable Facade - Block of Gold
appliedenergistics2:item.ItemFacade:0, Cable Facade - Block of Gold
appliedenergistics2:item.ItemFacade:0, Cable Facade - Block of Gold
appliedenergistics2:item.ItemFacade:0, Cable Facade - Block of Gold
appliedenergistics2:item.ItemFacade:0, Cable Facade - Block of Gold
appliedenergistics2:item.ItemFacade:0, Cable Facade - Gold Block
appliedenergistics2:item.ItemFacade:0, Cable Facade - Gold Block
appliedenergistics2:item.ItemFacade:0, Cable Facade - Gold Block
appliedenergistics2:item.ItemFacade:0, Cable Facade - Gold Block
appliedenergistics2:item.ItemFacade:0, Cable Facade - Gold Block
appliedenergistics2:item.ItemFacade:0, Cable Facade - Gold Block
appliedenergistics2:item.ItemFacade:0, Cable Facade - Gold Block
appliedenergistics2:item.ItemFacade:0, Cable Facade - Gold Block
appliedenergistics2:item.ItemFacade:0, Cable Facade - Gold Block
appliedenergistics2:item.ItemFacade:0, Cable Facade - Gold Block
appliedenergistics2:item.ItemFacade:0, Cable Facade - Gold Block
appliedenergistics2:item.ItemFacade:0, Cable Facade - Gold Block
appliedenergistics2:item.ItemFacade:0, Cable Facade - Gold Block
appliedenergistics2:item.ItemFacade:0, Cable Facade - Gold Block
appliedenergistics2:item.ItemFacade:0, Cable Facade - Grimstone
appliedenergistics2:item.ItemFacade:0, Cable Facade - Grimstone
appliedenergistics2:item.ItemFacade:0, Cable Facade - Grimstone
appliedenergistics2:item.ItemFacade:0, Cable Facade - Grimstone
appliedenergistics2:item.ItemFacade:0, Cable Facade - Grimstone
appliedenergistics2:item.ItemFacade:0, Cable Facade - Grimstone
appliedenergistics2:item.ItemFacade:0, Cable Facade - Grimstone
appliedenergistics2:item.ItemFacade:0, Cable Facade - Grimstone
appliedenergistics2:item.ItemFacade:0, Cable Facade - Grimstone
appliedenergistics2:item.ItemFacade:0, Cable Facade - Grimstone
appliedenergistics2:item.ItemFacade:0, Cable Facade - Grimstone
appliedenergistics2:item.ItemFacade:0, Cable Facade - Grimstone
appliedenergistics2:item.ItemFacade:0, Cable Facade - Grimstone
appliedenergistics2:item.ItemFacade:0, Cable Facade - Grimstone
appliedenergistics2:item.ItemFacade:0, Cable Facade - Grimstone
appliedenergistics2:item.ItemFacade:0, Cable Facade - Hex Plating
appliedenergistics2:item.ItemFacade:0, Cable Facade - Hex Plating
appliedenergistics2:item.ItemFacade:0, Cable Facade - Hex Plating
appliedenergistics2:item.ItemFacade:0, Cable Facade - Hex Plating
appliedenergistics2:item.ItemFacade:0, Cable Facade - Hex Plating
appliedenergistics2:item.ItemFacade:0, Cable Facade - Hex Plating
appliedenergistics2:item.ItemFacade:0, Cable Facade - Hex Plating
appliedenergistics2:item.ItemFacade:0, Cable Facade - Hex Plating
appliedenergistics2:item.ItemFacade:0, Cable Facade - Hex Plating
appliedenergistics2:item.ItemFacade:0, Cable Facade - Hex Plating
appliedenergistics2:item.ItemFacade:0, Cable Facade - Hex Plating
appliedenergistics2:item.ItemFacade:0, Cable Facade - Hex Plating
appliedenergistics2:item.ItemFacade:0, Cable Facade - Hex Plating
appliedenergistics2:item.ItemFacade:0, Cable Facade - Hex Plating
appliedenergistics2:item.ItemFacade:0, Cable Facade - Hex Plating
appliedenergistics2:item.ItemFacade:0, Cable Facade - Hex Plating
appliedenergistics2:item.ItemFacade:0, Cable Facade - Large Hex Plating
appliedenergistics2:item.ItemFacade:0, Cable Facade - Large Hex Plating
appliedenergistics2:item.ItemFacade:0, Cable Facade - Large Hex Plating
appliedenergistics2:item.ItemFacade:0, Cable Facade - Large Hex Plating
appliedenergistics2:item.ItemFacade:0, Cable Facade - Large Hex Plating
appliedenergistics2:item.ItemFacade:0, Cable Facade - Large Hex Plating
appliedenergistics2:item.ItemFacade:0, Cable Facade - Large Hex Plating
appliedenergistics2:item.ItemFacade:0, Cable Facade - Large Hex Plating
appliedenergistics2:item.ItemFacade:0, Cable Facade - Large Hex Plating
appliedenergistics2:item.ItemFacade:0, Cable Facade - Large Hex Plating
appliedenergistics2:item.ItemFacade:0, Cable Facade - Large Hex Plating
appliedenergistics2:item.ItemFacade:0, Cable Facade - Large Hex Plating
appliedenergistics2:item.ItemFacade:0, Cable Facade - Large Hex Plating
appliedenergistics2:item.ItemFacade:0, Cable Facade - Large Hex Plating
appliedenergistics2:item.ItemFacade:0, Cable Facade - Large Hex Plating
appliedenergistics2:item.ItemFacade:0, Cable Facade - Large Hex Plating
appliedenergistics2:item.ItemFacade:0, Cable Facade - Holystone
appliedenergistics2:item.ItemFacade:0, Cable Facade - Holystone
appliedenergistics2:item.ItemFacade:0, Cable Facade - Holystone
appliedenergistics2:item.ItemFacade:0, Cable Facade - Holystone
appliedenergistics2:item.ItemFacade:0, Cable Facade - Holystone
appliedenergistics2:item.ItemFacade:0, Cable Facade - Holystone
appliedenergistics2:item.ItemFacade:0, Cable Facade - Holystone
appliedenergistics2:item.ItemFacade:0, Cable Facade - Holystone
appliedenergistics2:item.ItemFacade:0, Cable Facade - Holystone
appliedenergistics2:item.ItemFacade:0, Cable Facade - Holystone
appliedenergistics2:item.ItemFacade:0, Cable Facade - Holystone
appliedenergistics2:item.ItemFacade:0, Cable Facade - Holystone
appliedenergistics2:item.ItemFacade:0, Cable Facade - Holystone
appliedenergistics2:item.ItemFacade:0, Cable Facade - Holystone
appliedenergistics2:item.ItemFacade:0, Cable Facade - Hempcrete
appliedenergistics2:item.ItemFacade:0, Cable Facade - Hempcrete
appliedenergistics2:item.ItemFacade:0, Cable Facade - Hempcrete
appliedenergistics2:item.ItemFacade:0, Cable Facade - Hempcrete
appliedenergistics2:item.ItemFacade:0, Cable Facade - Hempcrete
appliedenergistics2:item.ItemFacade:0, Cable Facade - Hempcrete
appliedenergistics2:item.ItemFacade:0, Cable Facade - Hempcrete
appliedenergistics2:item.ItemFacade:0, Cable Facade - Hempcrete
appliedenergistics2:item.ItemFacade:0, Cable Facade - Hempcrete
appliedenergistics2:item.ItemFacade:0, Cable Facade - Hempcrete
appliedenergistics2:item.ItemFacade:0, Cable Facade - Hempcrete
appliedenergistics2:item.ItemFacade:0, Cable Facade - Hempcrete
appliedenergistics2:item.ItemFacade:0, Cable Facade - Hempcrete
appliedenergistics2:item.ItemFacade:0, Cable Facade - Hempcrete
appliedenergistics2:item.ItemFacade:0, Cable Facade - Hempcrete
appliedenergistics2:item.ItemFacade:0, Cable Facade - Hempcrete
appliedenergistics2:item.ItemFacade:0, Cable Facade - Hempcrete powder
appliedenergistics2:item.ItemFacade:0, Cable Facade - Hempcrete powder
appliedenergistics2:item.ItemFacade:0, Cable Facade - Hempcrete powder
appliedenergistics2:item.ItemFacade:0, Cable Facade - Hempcrete powder
appliedenergistics2:item.ItemFacade:0, Cable Facade - Hempcrete powder
appliedenergistics2:item.ItemFacade:0, Cable Facade - Hempcrete powder
appliedenergistics2:item.ItemFacade:0, Cable Facade - Hempcrete powder
appliedenergistics2:item.ItemFacade:0, Cable Facade - Hempcrete powder
appliedenergistics2:item.ItemFacade:0, Cable Facade - Hempcrete powder
appliedenergistics2:item.ItemFacade:0, Cable Facade - Hempcrete powder
appliedenergistics2:item.ItemFacade:0, Cable Facade - Hempcrete powder
appliedenergistics2:item.ItemFacade:0, Cable Facade - Hempcrete powder
appliedenergistics2:item.ItemFacade:0, Cable Facade - Hempcrete powder
appliedenergistics2:item.ItemFacade:0, Cable Facade - Hempcrete powder
appliedenergistics2:item.ItemFacade:0, Cable Facade - Hempcrete powder
appliedenergistics2:item.ItemFacade:0, Cable Facade - Hempcrete powder
appliedenergistics2:item.ItemFacade:0, Cable Facade - Block of Iron
appliedenergistics2:item.ItemFacade:0, Cable Facade - Block of Iron
appliedenergistics2:item.ItemFacade:0, Cable Facade - Block of Iron
appliedenergistics2:item.ItemFacade:0, Cable Facade - Block of Iron
appliedenergistics2:item.ItemFacade:0, Cable Facade - Block of Iron
appliedenergistics2:item.ItemFacade:0, Cable Facade - Block of Iron
appliedenergistics2:item.ItemFacade:0, Cable Facade - Iron Block
appliedenergistics2:item.ItemFacade:0, Cable Facade - Iron Block
appliedenergistics2:item.ItemFacade:0, Cable Facade - Iron Block
appliedenergistics2:item.ItemFacade:0, Cable Facade - Iron Block
appliedenergistics2:item.ItemFacade:0, Cable Facade - Iron Block
appliedenergistics2:item.ItemFacade:0, Cable Facade - Iron Block
appliedenergistics2:item.ItemFacade:0, Cable Facade - Iron Block
appliedenergistics2:item.ItemFacade:0, Cable Facade - Iron Block
appliedenergistics2:item.ItemFacade:0, Cable Facade - Iron Block
appliedenergistics2:item.ItemFacade:0, Cable Facade - Iron Block
appliedenergistics2:item.ItemFacade:0, Cable Facade - Iron Block
appliedenergistics2:item.ItemFacade:0, Cable Facade - Iron Block
appliedenergistics2:item.ItemFacade:0, Cable Facade - Iron Block
appliedenergistics2:item.ItemFacade:0, Cable Facade - Iron Block
appliedenergistics2:item.ItemFacade:0, Cable Facade - Iron Block
appliedenergistics2:item.ItemFacade:0, Cable Facade - Laboratory Block
appliedenergistics2:item.ItemFacade:0, Cable Facade - Laboratory Block
appliedenergistics2:item.ItemFacade:0, Cable Facade - Laboratory Block
appliedenergistics2:item.ItemFacade:0, Cable Facade - Laboratory Block
appliedenergistics2:item.ItemFacade:0, Cable Facade - Laboratory Block
appliedenergistics2:item.ItemFacade:0, Cable Facade - Laboratory Block
appliedenergistics2:item.ItemFacade:0, Cable Facade - Laboratory Block
appliedenergistics2:item.ItemFacade:0, Cable Facade - Laboratory Block
appliedenergistics2:item.ItemFacade:0, Cable Facade - Laboratory Block
appliedenergistics2:item.ItemFacade:0, Cable Facade - Laboratory Block
appliedenergistics2:item.ItemFacade:0, Cable Facade - Laboratory Block
appliedenergistics2:item.ItemFacade:0, Cable Facade - Laboratory Block
appliedenergistics2:item.ItemFacade:0, Cable Facade - Laboratory Block
appliedenergistics2:item.ItemFacade:0, Cable Facade - Laboratory Block
appliedenergistics2:item.ItemFacade:0, Cable Facade - Laboratory Block
appliedenergistics2:item.ItemFacade:0, Cable Facade - Laboratory Block
appliedenergistics2:item.ItemFacade:0, Cable Facade - Lapis Block
appliedenergistics2:item.ItemFacade:0, Cable Facade - Lapis Block
appliedenergistics2:item.ItemFacade:0, Cable Facade - Lapis Block
appliedenergistics2:item.ItemFacade:0, Cable Facade - Lapis Block
appliedenergistics2:item.ItemFacade:0, Cable Facade - Lapis Block
appliedenergistics2:item.ItemFacade:0, Cable Facade - Lapis Block
appliedenergistics2:item.ItemFacade:0, Cable Facade - Lapis Block
appliedenergistics2:item.ItemFacade:0, Cable Facade - Lapis Block
appliedenergistics2:item.ItemFacade:0, Cable Facade - Lavastone
appliedenergistics2:item.ItemFacade:0, Cable Facade - Lavastone
appliedenergistics2:item.ItemFacade:0, Cable Facade - Lavastone
appliedenergistics2:item.ItemFacade:0, Cable Facade - Lavastone
appliedenergistics2:item.ItemFacade:0, Cable Facade - Lavastone
appliedenergistics2:item.ItemFacade:0, Cable Facade - Lavastone
appliedenergistics2:item.ItemFacade:0, Cable Facade - Lavastone
appliedenergistics2:item.ItemFacade:0, Cable Facade - Lavastone
appliedenergistics2:item.ItemFacade:0, Cable Facade - Block of Lead
appliedenergistics2:item.ItemFacade:0, Cable Facade - Block of Lead
appliedenergistics2:item.ItemFacade:0, Cable Facade - Block of Lead
appliedenergistics2:item.ItemFacade:0, Cable Facade - Block of Lead
appliedenergistics2:item.ItemFacade:0, Cable Facade - Block of Lead
appliedenergistics2:item.ItemFacade:0, Cable Facade - Block of Lead
appliedenergistics2:item.ItemFacade:0, Cable Facade - Limestone
appliedenergistics2:item.ItemFacade:0, Cable Facade - Limestone
appliedenergistics2:item.ItemFacade:0, Cable Facade - Limestone
appliedenergistics2:item.ItemFacade:0, Cable Facade - Limestone
appliedenergistics2:item.ItemFacade:0, Cable Facade - Limestone
appliedenergistics2:item.ItemFacade:0, Cable Facade - Limestone
appliedenergistics2:item.ItemFacade:0, Cable Facade - Limestone
appliedenergistics2:item.ItemFacade:0, Cable Facade - Limestone
appliedenergistics2:item.ItemFacade:0, Cable Facade - Limestone
appliedenergistics2:item.ItemFacade:0, Cable Facade - Limestone
appliedenergistics2:item.ItemFacade:0, Cable Facade - Limestone
appliedenergistics2:item.ItemFacade:0, Cable Facade - Limestone
appliedenergistics2:item.ItemFacade:0, Cable Facade - Limestone
appliedenergistics2:item.ItemFacade:0, Cable Facade - Limestone
appliedenergistics2:item.ItemFacade:0, Cable Facade - Limestone
appliedenergistics2:item.ItemFacade:0, Cable Facade - Limestone
appliedenergistics2:item.ItemFacade:0, Cable Facade - Marble
appliedenergistics2:item.ItemFacade:0, Cable Facade - Marble
appliedenergistics2:item.ItemFacade:0, Cable Facade - Marble
appliedenergistics2:item.ItemFacade:0, Cable Facade - Marble
appliedenergistics2:item.ItemFacade:0, Cable Facade - Marble
appliedenergistics2:item.ItemFacade:0, Cable Facade - Marble
appliedenergistics2:item.ItemFacade:0, Cable Facade - Marble
appliedenergistics2:item.ItemFacade:0, Cable Facade - Marble
appliedenergistics2:item.ItemFacade:0, Cable Facade - Marble
appliedenergistics2:item.ItemFacade:0, Cable Facade - Marble
appliedenergistics2:item.ItemFacade:0, Cable Facade - Marble
appliedenergistics2:item.ItemFacade:0, Cable Facade - Marble
appliedenergistics2:item.ItemFacade:0, Cable Facade - Marble
appliedenergistics2:item.ItemFacade:0, Cable Facade - Marble
appliedenergistics2:item.ItemFacade:0, Cable Facade - Marble
appliedenergistics2:item.ItemFacade:0, Cable Facade - Marble
appliedenergistics2:item.ItemFacade:0, Cable Facade - Marble Pillar
appliedenergistics2:item.ItemFacade:0, Cable Facade - Marble Pillar
appliedenergistics2:item.ItemFacade:0, Cable Facade - Marble Pillar
appliedenergistics2:item.ItemFacade:0, Cable Facade - Marble Pillar
appliedenergistics2:item.ItemFacade:0, Cable Facade - Marble Pillar
appliedenergistics2:item.ItemFacade:0, Cable Facade - Marble Pillar
appliedenergistics2:item.ItemFacade:0, Cable Facade - Marble Pillar
appliedenergistics2:item.ItemFacade:0, Cable Facade - Marble Pillar
appliedenergistics2:item.ItemFacade:0, Cable Facade - Marble Pillar
appliedenergistics2:item.ItemFacade:0, Cable Facade - Marble Pillar
appliedenergistics2:item.ItemFacade:0, Cable Facade - Marble Pillar
appliedenergistics2:item.ItemFacade:0, Cable Facade - Marble Pillar
appliedenergistics2:item.ItemFacade:0, Cable Facade - Marble Pillar
appliedenergistics2:item.ItemFacade:0, Cable Facade - Marble Pillar
appliedenergistics2:item.ItemFacade:0, Cable Facade - Marble Pillar
appliedenergistics2:item.ItemFacade:0, Cable Facade - Marble Pillar
appliedenergistics2:item.ItemFacade:0, Cable Facade - Imperialistic Block
appliedenergistics2:item.ItemFacade:0, Cable Facade - Imperialistic Block
appliedenergistics2:item.ItemFacade:0, Cable Facade - Imperialistic Block
appliedenergistics2:item.ItemFacade:0, Cable Facade - Imperialistic Block
appliedenergistics2:item.ItemFacade:0, Cable Facade - Imperialistic Block
appliedenergistics2:item.ItemFacade:0, Cable Facade - Rebellious Block
appliedenergistics2:item.ItemFacade:0, Cable Facade - Rebellious Block
appliedenergistics2:item.ItemFacade:0, Cable Facade - Rebellious Block
appliedenergistics2:item.ItemFacade:0, Cable Facade - Rebellious Block
appliedenergistics2:item.ItemFacade:0, Cable Facade - Rebellious Block
appliedenergistics2:item.ItemFacade:0, Cable Facade - Neonite
appliedenergistics2:item.ItemFacade:0, Cable Facade - Neonite
appliedenergistics2:item.ItemFacade:0, Cable Facade - Neonite
appliedenergistics2:item.ItemFacade:0, Cable Facade - Neonite
appliedenergistics2:item.ItemFacade:0, Cable Facade - Neonite
appliedenergistics2:item.ItemFacade:0, Cable Facade - Neonite
appliedenergistics2:item.ItemFacade:0, Cable Facade - Neonite
appliedenergistics2:item.ItemFacade:0, Cable Facade - Neonite
appliedenergistics2:item.ItemFacade:0, Cable Facade - Neonite
appliedenergistics2:item.ItemFacade:0, Cable Facade - Neonite
appliedenergistics2:item.ItemFacade:0, Cable Facade - Neonite
appliedenergistics2:item.ItemFacade:0, Cable Facade - Neonite
appliedenergistics2:item.ItemFacade:0, Cable Facade - Neonite
appliedenergistics2:item.ItemFacade:0, Cable Facade - Neonite
appliedenergistics2:item.ItemFacade:0, Cable Facade - Neonite
appliedenergistics2:item.ItemFacade:0, Cable Facade - Neonite
appliedenergistics2:item.ItemFacade:0, Cable Facade - Nether Brick
appliedenergistics2:item.ItemFacade:0, Cable Facade - Nether Brick
appliedenergistics2:item.ItemFacade:0, Cable Facade - Nether Brick
appliedenergistics2:item.ItemFacade:0, Cable Facade - Nether Brick
appliedenergistics2:item.ItemFacade:0, Cable Facade - Nether Brick
appliedenergistics2:item.ItemFacade:0, Cable Facade - Nether Brick
appliedenergistics2:item.ItemFacade:0, Cable Facade - Nether Brick
appliedenergistics2:item.ItemFacade:0, Cable Facade - Nether Brick
appliedenergistics2:item.ItemFacade:0, Cable Facade - Nether Brick
appliedenergistics2:item.ItemFacade:0, Cable Facade - Nether Brick
appliedenergistics2:item.ItemFacade:0, Cable Facade - Nether Brick
appliedenergistics2:item.ItemFacade:0, Cable Facade - Nether Brick
appliedenergistics2:item.ItemFacade:0, Cable Facade - Nether Brick
appliedenergistics2:item.ItemFacade:0, Cable Facade - Nether Brick
appliedenergistics2:item.ItemFacade:0, Cable Facade - Nether Brick
appliedenergistics2:item.ItemFacade:0, Cable Facade - Netherrack
appliedenergistics2:item.ItemFacade:0, Cable Facade - Netherrack
appliedenergistics2:item.ItemFacade:0, Cable Facade - Netherrack
appliedenergistics2:item.ItemFacade:0, Cable Facade - Netherrack
appliedenergistics2:item.ItemFacade:0, Cable Facade - Netherrack
appliedenergistics2:item.ItemFacade:0, Cable Facade - Netherrack
appliedenergistics2:item.ItemFacade:0, Cable Facade - Netherrack
appliedenergistics2:item.ItemFacade:0, Cable Facade - Netherrack
appliedenergistics2:item.ItemFacade:0, Cable Facade - Netherrack
appliedenergistics2:item.ItemFacade:0, Cable Facade - Netherrack
appliedenergistics2:item.ItemFacade:0, Cable Facade - Netherrack
appliedenergistics2:item.ItemFacade:0, Cable Facade - Netherrack
appliedenergistics2:item.ItemFacade:0, Cable Facade - Netherrack
appliedenergistics2:item.ItemFacade:0, Cable Facade - Netherrack
appliedenergistics2:item.ItemFacade:0, Cable Facade - Structural Concrete
appliedenergistics2:item.ItemFacade:0, Cable Facade - Structural Concrete
appliedenergistics2:item.ItemFacade:0, Cable Facade - Structural Concrete
appliedenergistics2:item.ItemFacade:0, Cable Facade - Structural Concrete
appliedenergistics2:item.ItemFacade:0, Cable Facade - Structural Concrete
appliedenergistics2:item.ItemFacade:0, Cable Facade - Structural Concrete
appliedenergistics2:item.ItemFacade:0, Cable Facade - Structural Concrete
appliedenergistics2:item.ItemFacade:0, Cable Facade - Structural Concrete
appliedenergistics2:item.ItemFacade:0, Cable Facade - Structural Concrete
appliedenergistics2:item.ItemFacade:0, Cable Facade - Structural Concrete
appliedenergistics2:item.ItemFacade:0, Cable Facade - Structural Concrete
appliedenergistics2:item.ItemFacade:0, Cable Facade - Structural Concrete
appliedenergistics2:item.ItemFacade:0, Cable Facade - Structural Concrete
appliedenergistics2:item.ItemFacade:0, Cable Facade - Structural Concrete
appliedenergistics2:item.ItemFacade:0, Cable Facade - Structural Concrete
appliedenergistics2:item.ItemFacade:0, Cable Facade - Structural Concrete
appliedenergistics2:item.ItemFacade:0, Cable Facade - Obsidian
appliedenergistics2:item.ItemFacade:0, Cable Facade - Obsidian
appliedenergistics2:item.ItemFacade:0, Cable Facade - Obsidian
appliedenergistics2:item.ItemFacade:0, Cable Facade - Obsidian
appliedenergistics2:item.ItemFacade:0, Cable Facade - Obsidian
appliedenergistics2:item.ItemFacade:0, Cable Facade - Obsidian
appliedenergistics2:item.ItemFacade:0, Cable Facade - Obsidian
appliedenergistics2:item.ItemFacade:0, Cable Facade - Obsidian
appliedenergistics2:item.ItemFacade:0, Cable Facade - Obsidian
appliedenergistics2:item.ItemFacade:0, Cable Facade - Obsidian
appliedenergistics2:item.ItemFacade:0, Cable Facade - Obsidian
appliedenergistics2:item.ItemFacade:0, Cable Facade - Obsidian
appliedenergistics2:item.ItemFacade:0, Cable Facade - Obsidian
appliedenergistics2:item.ItemFacade:0, Cable Facade - Obsidian
appliedenergistics2:item.ItemFacade:0, Cable Facade - Obsidian
appliedenergistics2:item.ItemFacade:0, Cable Facade - Packed Ice
appliedenergistics2:item.ItemFacade:0, Cable Facade - Packed Ice
appliedenergistics2:item.ItemFacade:0, Cable Facade - Packed Ice
appliedenergistics2:item.ItemFacade:0, Cable Facade - Packed Ice
appliedenergistics2:item.ItemFacade:0, Cable Facade - Packed Ice
appliedenergistics2:item.ItemFacade:0, Cable Facade - Packed Ice
appliedenergistics2:item.ItemFacade:0, Cable Facade - Packed Ice
appliedenergistics2:item.ItemFacade:0, Cable Facade - Packed Ice
appliedenergistics2:item.ItemFacade:0, Cable Facade - Packed Ice
appliedenergistics2:item.ItemFacade:0, Cable Facade - Packed Ice
appliedenergistics2:item.ItemFacade:0, Cable Facade - Packed Ice
appliedenergistics2:item.ItemFacade:0, Cable Facade - Packed Ice
appliedenergistics2:item.ItemFacade:0, Cable Facade - Packed Ice
appliedenergistics2:item.ItemFacade:0, Cable Facade - Packed Ice
appliedenergistics2:item.ItemFacade:0, Cable Facade - Packed Ice
appliedenergistics2:item.ItemFacade:0, Cable Facade - Packed Ice Pillar
appliedenergistics2:item.ItemFacade:0, Cable Facade - Packed Ice Pillar
appliedenergistics2:item.ItemFacade:0, Cable Facade - Packed Ice Pillar
appliedenergistics2:item.ItemFacade:0, Cable Facade - Packed Ice Pillar
appliedenergistics2:item.ItemFacade:0, Cable Facade - Packed Ice Pillar
appliedenergistics2:item.ItemFacade:0, Cable Facade - Packed Ice Pillar
appliedenergistics2:item.ItemFacade:0, Cable Facade - Packed Ice Pillar
appliedenergistics2:item.ItemFacade:0, Cable Facade - Paperwall Block
appliedenergistics2:item.ItemFacade:0, Cable Facade - Paperwall Block
appliedenergistics2:item.ItemFacade:0, Cable Facade - Paperwall Block
appliedenergistics2:item.ItemFacade:0, Cable Facade - Paperwall Block
appliedenergistics2:item.ItemFacade:0, Cable Facade - Paperwall Block
appliedenergistics2:item.ItemFacade:0, Cable Facade - Paperwall Block
appliedenergistics2:item.ItemFacade:0, Cable Facade - Paperwall Block
appliedenergistics2:item.ItemFacade:0, Cable Facade - Paperwall Block
appliedenergistics2:item.ItemFacade:0, Cable Facade - Paperwall Block
appliedenergistics2:item.ItemFacade:0, Cable Facade - Purpur Block
appliedenergistics2:item.ItemFacade:0, Cable Facade - Purpur Block
appliedenergistics2:item.ItemFacade:0, Cable Facade - Purpur Block
appliedenergistics2:item.ItemFacade:0, Cable Facade - Purpur Block
appliedenergistics2:item.ItemFacade:0, Cable Facade - Purpur Block
appliedenergistics2:item.ItemFacade:0, Cable Facade - Purpur Block
appliedenergistics2:item.ItemFacade:0, Cable Facade - Purpur Block
appliedenergistics2:item.ItemFacade:0, Cable Facade - Purpur Block
appliedenergistics2:item.ItemFacade:0, Cable Facade - Purpur Block
appliedenergistics2:item.ItemFacade:0, Cable Facade - Purpur Block
appliedenergistics2:item.ItemFacade:0, Cable Facade - Purpur Block
appliedenergistics2:item.ItemFacade:0, Cable Facade - Redstone Block
appliedenergistics2:item.ItemFacade:0, Cable Facade - Redstone Block
appliedenergistics2:item.ItemFacade:0, Cable Facade - Redstone Block
appliedenergistics2:item.ItemFacade:0, Cable Facade - Redstone Block
appliedenergistics2:item.ItemFacade:0, Cable Facade - Redstone Block
appliedenergistics2:item.ItemFacade:0, Cable Facade - Redstone Block
appliedenergistics2:item.ItemFacade:0, Cable Facade - Redstone Block
appliedenergistics2:item.ItemFacade:0, Cable Facade - Redstone Block
appliedenergistics2:item.ItemFacade:0, Cable Facade - Redstone Block
appliedenergistics2:item.ItemFacade:0, Cable Facade - Redstone Block
appliedenergistics2:item.ItemFacade:0, Cable Facade - Redstone Block
appliedenergistics2:item.ItemFacade:0, Cable Facade - Redstone Block
appliedenergistics2:item.ItemFacade:0, Cable Facade - Redstone Block
appliedenergistics2:item.ItemFacade:0, Cable Facade - Redstone Block
appliedenergistics2:item.ItemFacade:0, Cable Facade - Redstone Block
appliedenergistics2:item.ItemFacade:0, Cable Facade - Sandstone
appliedenergistics2:item.ItemFacade:0, Cable Facade - Sandstone
appliedenergistics2:item.ItemFacade:0, Cable Facade - Sandstone
appliedenergistics2:item.ItemFacade:0, Cable Facade - Sandstone
appliedenergistics2:item.ItemFacade:0, Cable Facade - Sandstone
appliedenergistics2:item.ItemFacade:0, Cable Facade - Sandstone
appliedenergistics2:item.ItemFacade:0, Cable Facade - Sandstone
appliedenergistics2:item.ItemFacade:0, Cable Facade - Sandstone
appliedenergistics2:item.ItemFacade:0, Cable Facade - Sandstone
appliedenergistics2:item.ItemFacade:0, Cable Facade - Sandstone
appliedenergistics2:item.ItemFacade:0, Cable Facade - Sandstone
appliedenergistics2:item.ItemFacade:0, Cable Facade - Sandstone
appliedenergistics2:item.ItemFacade:0, Cable Facade - Sandstone
appliedenergistics2:item.ItemFacade:0, Cable Facade - Sandstone
appliedenergistics2:item.ItemFacade:0, Cable Facade - Sandstone
appliedenergistics2:item.ItemFacade:0, Cable Facade - Sandstone
appliedenergistics2:item.ItemFacade:0, Cable Facade - Sandstone
appliedenergistics2:item.ItemFacade:0, Cable Facade - Sandstone
appliedenergistics2:item.ItemFacade:0, Cable Facade - Sandstone Scribbles
appliedenergistics2:item.ItemFacade:0, Cable Facade - Sandstone Scribbles
appliedenergistics2:item.ItemFacade:0, Cable Facade - Sandstone Scribbles
appliedenergistics2:item.ItemFacade:0, Cable Facade - Sandstone Scribbles
appliedenergistics2:item.ItemFacade:0, Cable Facade - Sandstone Scribbles
appliedenergistics2:item.ItemFacade:0, Cable Facade - Sandstone Scribbles
appliedenergistics2:item.ItemFacade:0, Cable Facade - Sandstone Scribbles
appliedenergistics2:item.ItemFacade:0, Cable Facade - Sandstone Scribbles
appliedenergistics2:item.ItemFacade:0, Cable Facade - Sandstone Scribbles
appliedenergistics2:item.ItemFacade:0, Cable Facade - Sandstone Scribbles
appliedenergistics2:item.ItemFacade:0, Cable Facade - Sandstone Scribbles
appliedenergistics2:item.ItemFacade:0, Cable Facade - Sandstone Scribbles
appliedenergistics2:item.ItemFacade:0, Cable Facade - Sandstone Scribbles
appliedenergistics2:item.ItemFacade:0, Cable Facade - Sandstone Scribbles
appliedenergistics2:item.ItemFacade:0, Cable Facade - Sandstone Scribbles
appliedenergistics2:item.ItemFacade:0, Cable Facade - Sandstone Scribbles
appliedenergistics2:item.ItemFacade:0, Cable Facade - Block of Silver
appliedenergistics2:item.ItemFacade:0, Cable Facade - Block of Silver
appliedenergistics2:item.ItemFacade:0, Cable Facade - Block of Silver
appliedenergistics2:item.ItemFacade:0, Cable Facade - Block of Silver
appliedenergistics2:item.ItemFacade:0, Cable Facade - Block of Silver
appliedenergistics2:item.ItemFacade:0, Cable Facade - Block of Silver
appliedenergistics2:item.ItemFacade:0, Cable Facade - Sand Snakestone
appliedenergistics2:item.ItemFacade:0, Cable Facade - Sand Snakestone
appliedenergistics2:item.ItemFacade:0, Cable Facade - Stone Snakestone
appliedenergistics2:item.ItemFacade:0, Cable Facade - Stone Snakestone
appliedenergistics2:item.ItemFacade:0, Cable Facade - Obsidian Snakestone
appliedenergistics2:item.ItemFacade:0, Cable Facade - Obsidian Snakestone
appliedenergistics2:item.ItemFacade:0, Cable Facade - Block of Steel
appliedenergistics2:item.ItemFacade:0, Cable Facade - Block of Steel
appliedenergistics2:item.ItemFacade:0, Cable Facade - Block of Steel
appliedenergistics2:item.ItemFacade:0, Cable Facade - Block of Steel
appliedenergistics2:item.ItemFacade:0, Cable Facade - Block of Steel
appliedenergistics2:item.ItemFacade:0, Cable Facade - Block of Steel
appliedenergistics2:item.ItemFacade:0, Cable Facade - Stone Bricks
appliedenergistics2:item.ItemFacade:0, Cable Facade - Stone Bricks
appliedenergistics2:item.ItemFacade:0, Cable Facade - Stone Bricks
appliedenergistics2:item.ItemFacade:0, Cable Facade - Stone Bricks
appliedenergistics2:item.ItemFacade:0, Cable Facade - Stone Bricks
appliedenergistics2:item.ItemFacade:0, Cable Facade - Stone Bricks
appliedenergistics2:item.ItemFacade:0, Cable Facade - Stone Bricks
appliedenergistics2:item.ItemFacade:0, Cable Facade - Stone Bricks
appliedenergistics2:item.ItemFacade:0, Cable Facade - Stone Bricks
appliedenergistics2:item.ItemFacade:0, Cable Facade - Stone Bricks
appliedenergistics2:item.ItemFacade:0, Cable Facade - Stone Bricks
appliedenergistics2:item.ItemFacade:0, Cable Facade - Stone Bricks
appliedenergistics2:item.ItemFacade:0, Cable Facade - Stone Bricks
appliedenergistics2:item.ItemFacade:0, Cable Facade - Stone Bricks
appliedenergistics2:item.ItemFacade:0, Cable Facade - Stone Bricks
appliedenergistics2:item.ItemFacade:0, Cable Facade - Stone Bricks
appliedenergistics2:item.ItemFacade:0, Cable Facade - Svelstone block
appliedenergistics2:item.ItemFacade:0, Cable Facade - Svelstone block
appliedenergistics2:item.ItemFacade:0, Cable Facade - Svelstone block
appliedenergistics2:item.ItemFacade:0, Cable Facade - Svelstone block
appliedenergistics2:item.ItemFacade:0, Cable Facade - Svelstone block
appliedenergistics2:item.ItemFacade:0, Cable Facade - Svelstone block
appliedenergistics2:item.ItemFacade:0, Cable Facade - Svelstone block
appliedenergistics2:item.ItemFacade:0, Cable Facade - Svelstone block
appliedenergistics2:item.ItemFacade:0, Cable Facade - Svelstone block
appliedenergistics2:item.ItemFacade:0, Cable Facade - Svelstone block
appliedenergistics2:item.ItemFacade:0, Cable Facade - Svelstone block
appliedenergistics2:item.ItemFacade:0, Cable Facade - Svelstone block
appliedenergistics2:item.ItemFacade:0, Cable Facade - Svelstone block
appliedenergistics2:item.ItemFacade:0, Cable Facade - Svelstone block
appliedenergistics2:item.ItemFacade:0, Cable Facade - Svelstone block
appliedenergistics2:item.ItemFacade:0, Cable Facade - Svelstone block
appliedenergistics2:item.ItemFacade:0, Cable Facade - Technical Block
appliedenergistics2:item.ItemFacade:0, Cable Facade - Technical Block
appliedenergistics2:item.ItemFacade:0, Cable Facade - Technical Block
appliedenergistics2:item.ItemFacade:0, Cable Facade - Technical Block
appliedenergistics2:item.ItemFacade:0, Cable Facade - Technical Block
appliedenergistics2:item.ItemFacade:0, Cable Facade - Technical Block
appliedenergistics2:item.ItemFacade:0, Cable Facade - Technical Block
appliedenergistics2:item.ItemFacade:0, Cable Facade - Technical Block
appliedenergistics2:item.ItemFacade:0, Cable Facade - Technical Block
appliedenergistics2:item.ItemFacade:0, Cable Facade - Technical Block
appliedenergistics2:item.ItemFacade:0, Cable Facade - Technical Block
appliedenergistics2:item.ItemFacade:0, Cable Facade - Technical Block
appliedenergistics2:item.ItemFacade:0, Cable Facade - Technical Block
appliedenergistics2:item.ItemFacade:0, Cable Facade - Technical Block
appliedenergistics2:item.ItemFacade:0, Cable Facade - Technical Block
appliedenergistics2:item.ItemFacade:0, Cable Facade - Technical Block
appliedenergistics2:item.ItemFacade:0, Cable Facade - Transparent Technical Block
appliedenergistics2:item.ItemFacade:0, Cable Facade - Transparent Technical Block
appliedenergistics2:item.ItemFacade:0, Cable Facade - Transparent Technical Block
appliedenergistics2:item.ItemFacade:0, Cable Facade - Transparent Technical Block
appliedenergistics2:item.ItemFacade:0, Cable Facade - Industrial Technical Block
appliedenergistics2:item.ItemFacade:0, Cable Facade - Industrial Technical Block
appliedenergistics2:item.ItemFacade:0, Cable Facade - Technical Block
appliedenergistics2:item.ItemFacade:0, Cable Facade - Technical Block
appliedenergistics2:item.ItemFacade:0, Cable Facade - Technical Block
appliedenergistics2:item.ItemFacade:0, Cable Facade - Technical Block
appliedenergistics2:item.ItemFacade:0, Cable Facade - Technical Block
appliedenergistics2:item.ItemFacade:0, Cable Facade - Technical Block
appliedenergistics2:item.ItemFacade:0, Cable Facade - Technical Block
appliedenergistics2:item.ItemFacade:0, Cable Facade - Technical Block
appliedenergistics2:item.ItemFacade:0, Cable Facade - Temple Block
appliedenergistics2:item.ItemFacade:0, Cable Facade - Temple Block
appliedenergistics2:item.ItemFacade:0, Cable Facade - Temple Block
appliedenergistics2:item.ItemFacade:0, Cable Facade - Temple Block
appliedenergistics2:item.ItemFacade:0, Cable Facade - Temple Block
appliedenergistics2:item.ItemFacade:0, Cable Facade - Temple Block
appliedenergistics2:item.ItemFacade:0, Cable Facade - Temple Block
appliedenergistics2:item.ItemFacade:0, Cable Facade - Temple Block
appliedenergistics2:item.ItemFacade:0, Cable Facade - Temple Block
appliedenergistics2:item.ItemFacade:0, Cable Facade - Temple Block
appliedenergistics2:item.ItemFacade:0, Cable Facade - Temple Block
appliedenergistics2:item.ItemFacade:0, Cable Facade - Temple Block
appliedenergistics2:item.ItemFacade:0, Cable Facade - Temple Block
appliedenergistics2:item.ItemFacade:0, Cable Facade - Temple Block
appliedenergistics2:item.ItemFacade:0, Cable Facade - Temple Block
appliedenergistics2:item.ItemFacade:0, Cable Facade - Temple Block
appliedenergistics2:item.ItemFacade:0, Cable Facade - Mossy Temple Block
appliedenergistics2:item.ItemFacade:0, Cable Facade - Mossy Temple Block
appliedenergistics2:item.ItemFacade:0, Cable Facade - Mossy Temple Block
appliedenergistics2:item.ItemFacade:0, Cable Facade - Mossy Temple Block
appliedenergistics2:item.ItemFacade:0, Cable Facade - Mossy Temple Block
appliedenergistics2:item.ItemFacade:0, Cable Facade - Mossy Temple Block
appliedenergistics2:item.ItemFacade:0, Cable Facade - Mossy Temple Block
appliedenergistics2:item.ItemFacade:0, Cable Facade - Mossy Temple Block
appliedenergistics2:item.ItemFacade:0, Cable Facade - Mossy Temple Block
appliedenergistics2:item.ItemFacade:0, Cable Facade - Mossy Temple Block
appliedenergistics2:item.ItemFacade:0, Cable Facade - Mossy Temple Block
appliedenergistics2:item.ItemFacade:0, Cable Facade - Mossy Temple Block
appliedenergistics2:item.ItemFacade:0, Cable Facade - Mossy Temple Block
appliedenergistics2:item.ItemFacade:0, Cable Facade - Mossy Temple Block
appliedenergistics2:item.ItemFacade:0, Cable Facade - Mossy Temple Block
appliedenergistics2:item.ItemFacade:0, Cable Facade - Mossy Temple Block
appliedenergistics2:item.ItemFacade:0, Cable Facade - Block of Tin
appliedenergistics2:item.ItemFacade:0, Cable Facade - Block of Tin
appliedenergistics2:item.ItemFacade:0, Cable Facade - Block of Tin
appliedenergistics2:item.ItemFacade:0, Cable Facade - Block of Tin
appliedenergistics2:item.ItemFacade:0, Cable Facade - Block of Tin
appliedenergistics2:item.ItemFacade:0, Cable Facade - Block of Tin
appliedenergistics2:item.ItemFacade:0, Cable Facade - Tyrian
appliedenergistics2:item.ItemFacade:0, Cable Facade - Tyrian
appliedenergistics2:item.ItemFacade:0, Cable Facade - Tyrian
appliedenergistics2:item.ItemFacade:0, Cable Facade - Tyrian
appliedenergistics2:item.ItemFacade:0, Cable Facade - Tyrian
appliedenergistics2:item.ItemFacade:0, Cable Facade - Tyrian
appliedenergistics2:item.ItemFacade:0, Cable Facade - Tyrian
appliedenergistics2:item.ItemFacade:0, Cable Facade - Tyrian
appliedenergistics2:item.ItemFacade:0, Cable Facade - Tyrian
appliedenergistics2:item.ItemFacade:0, Cable Facade - Tyrian
appliedenergistics2:item.ItemFacade:0, Cable Facade - Tyrian
appliedenergistics2:item.ItemFacade:0, Cable Facade - Tyrian
appliedenergistics2:item.ItemFacade:0, Cable Facade - Tyrian
appliedenergistics2:item.ItemFacade:0, Cable Facade - Tyrian
appliedenergistics2:item.ItemFacade:0, Cable Facade - Tyrian
appliedenergistics2:item.ItemFacade:0, Cable Facade - Tyrian
appliedenergistics2:item.ItemFacade:0, Cable Facade - Block of Uranium
appliedenergistics2:item.ItemFacade:0, Cable Facade - Block of Uranium
appliedenergistics2:item.ItemFacade:0, Cable Facade - Block of Uranium
appliedenergistics2:item.ItemFacade:0, Cable Facade - Block of Uranium
appliedenergistics2:item.ItemFacade:0, Cable Facade - Block of Uranium
appliedenergistics2:item.ItemFacade:0, Cable Facade - Block of Uranium
appliedenergistics2:item.ItemFacade:0, Cable Facade - Valentines Block
appliedenergistics2:item.ItemFacade:0, Cable Facade - Valentines Block
appliedenergistics2:item.ItemFacade:0, Cable Facade - Valentines Block
appliedenergistics2:item.ItemFacade:0, Cable Facade - Valentines Block
appliedenergistics2:item.ItemFacade:0, Cable Facade - Valentines Block
appliedenergistics2:item.ItemFacade:0, Cable Facade - Valentines Block
appliedenergistics2:item.ItemFacade:0, Cable Facade - Valentines Block
appliedenergistics2:item.ItemFacade:0, Cable Facade - Valentines Block
appliedenergistics2:item.ItemFacade:0, Cable Facade - Valentines Block
appliedenergistics2:item.ItemFacade:0, Cable Facade - Valentines Block
appliedenergistics2:item.ItemFacade:0, Cable Facade - Voidstone
appliedenergistics2:item.ItemFacade:0, Cable Facade - Voidstone
appliedenergistics2:item.ItemFacade:0, Cable Facade - Voidstone
appliedenergistics2:item.ItemFacade:0, Cable Facade - Voidstone
appliedenergistics2:item.ItemFacade:0, Cable Facade - Voidstone
appliedenergistics2:item.ItemFacade:0, Cable Facade - Voidstone
appliedenergistics2:item.ItemFacade:0, Cable Facade - Voidstone
appliedenergistics2:item.ItemFacade:0, Cable Facade - Voidstone
appliedenergistics2:item.ItemFacade:0, Cable Facade - Energised Voidstone
appliedenergistics2:item.ItemFacade:0, Cable Facade - Energised Voidstone
appliedenergistics2:item.ItemFacade:0, Cable Facade - Energised Voidstone
appliedenergistics2:item.ItemFacade:0, Cable Facade - Energised Voidstone
appliedenergistics2:item.ItemFacade:0, Cable Facade - Energised Voidstone
appliedenergistics2:item.ItemFacade:0, Cable Facade - Energised Voidstone
appliedenergistics2:item.ItemFacade:0, Cable Facade - Energised Voidstone
appliedenergistics2:item.ItemFacade:0, Cable Facade - Energised Voidstone
appliedenergistics2:item.ItemFacade:0, Cable Facade - Runic Voidstone
appliedenergistics2:item.ItemFacade:0, Cable Facade - Runic Voidstone
appliedenergistics2:item.ItemFacade:0, Cable Facade - Runic Voidstone
appliedenergistics2:item.ItemFacade:0, Cable Facade - Runic Voidstone
appliedenergistics2:item.ItemFacade:0, Cable Facade - Runic Voidstone
appliedenergistics2:item.ItemFacade:0, Cable Facade - Runic Voidstone
appliedenergistics2:item.ItemFacade:0, Cable Facade - Runic Voidstone
appliedenergistics2:item.ItemFacade:0, Cable Facade - Runic Voidstone
appliedenergistics2:item.ItemFacade:0, Cable Facade - Runic Voidstone
appliedenergistics2:item.ItemFacade:0, Cable Facade - Runic Voidstone
appliedenergistics2:item.ItemFacade:0, Cable Facade - Runic Voidstone
appliedenergistics2:item.ItemFacade:0, Cable Facade - Runic Voidstone
appliedenergistics2:item.ItemFacade:0, Cable Facade - Runic Voidstone
appliedenergistics2:item.ItemFacade:0, Cable Facade - Runic Voidstone
appliedenergistics2:item.ItemFacade:0, Cable Facade - Runic Voidstone
appliedenergistics2:item.ItemFacade:0, Cable Facade - Voidstone Pillar
appliedenergistics2:item.ItemFacade:0, Cable Facade - Energised Voidstone Pillar
appliedenergistics2:item.ItemFacade:0, Cable Facade - Warning Sign
appliedenergistics2:item.ItemFacade:0, Cable Facade - Warning Sign
appliedenergistics2:item.ItemFacade:0, Cable Facade - Warning Sign
appliedenergistics2:item.ItemFacade:0, Cable Facade - Warning Sign
appliedenergistics2:item.ItemFacade:0, Cable Facade - Warning Sign
appliedenergistics2:item.ItemFacade:0, Cable Facade - Warning Sign
appliedenergistics2:item.ItemFacade:0, Cable Facade - Warning Sign
appliedenergistics2:item.ItemFacade:0, Cable Facade - Warning Sign
appliedenergistics2:item.ItemFacade:0, Cable Facade - Warning Sign
appliedenergistics2:item.ItemFacade:0, Cable Facade - Warning Sign
appliedenergistics2:item.ItemFacade:0, Cable Facade - Warning Sign
appliedenergistics2:item.ItemFacade:0, Cable Facade - Warning Sign
appliedenergistics2:item.ItemFacade:0, Cable Facade - Warning Sign
appliedenergistics2:item.ItemFacade:0, Cable Facade - Warning Sign
appliedenergistics2:item.ItemFacade:0, Cable Facade - Warning Sign
appliedenergistics2:item.ItemFacade:0, Cable Facade - Waterstone
appliedenergistics2:item.ItemFacade:0, Cable Facade - Waterstone
appliedenergistics2:item.ItemFacade:0, Cable Facade - Waterstone
appliedenergistics2:item.ItemFacade:0, Cable Facade - Waterstone
appliedenergistics2:item.ItemFacade:0, Cable Facade - Waterstone
appliedenergistics2:item.ItemFacade:0, Cable Facade - Waterstone
appliedenergistics2:item.ItemFacade:0, Cable Facade - Waterstone
appliedenergistics2:item.ItemFacade:0, Cable Facade - Oak Wood Planks
appliedenergistics2:item.ItemFacade:0, Cable Facade - Oak Wood Planks
appliedenergistics2:item.ItemFacade:0, Cable Facade - Oak Wood Planks
appliedenergistics2:item.ItemFacade:0, Cable Facade - Oak Wood Planks
appliedenergistics2:item.ItemFacade:0, Cable Facade - Oak Wood Planks
appliedenergistics2:item.ItemFacade:0, Cable Facade - Oak Wood Planks
appliedenergistics2:item.ItemFacade:0, Cable Facade - Oak Wood Planks
appliedenergistics2:item.ItemFacade:0, Cable Facade - Oak Wood Planks
appliedenergistics2:item.ItemFacade:0, Cable Facade - Oak Wood Planks
appliedenergistics2:item.ItemFacade:0, Cable Facade - Oak Wood Planks
appliedenergistics2:item.ItemFacade:0, Cable Facade - Oak Wood Planks
appliedenergistics2:item.ItemFacade:0, Cable Facade - Oak Wood Planks
appliedenergistics2:item.ItemFacade:0, Cable Facade - Oak Wood Planks
appliedenergistics2:item.ItemFacade:0, Cable Facade - Oak Wood Planks
appliedenergistics2:item.ItemFacade:0, Cable Facade - Oak Wood Planks
appliedenergistics2:item.ItemFacade:0, Cable Facade - Spruce Wood Planks
appliedenergistics2:item.ItemFacade:0, Cable Facade - Spruce Wood Planks
appliedenergistics2:item.ItemFacade:0, Cable Facade - Spruce Wood Planks
appliedenergistics2:item.ItemFacade:0, Cable Facade - Spruce Wood Planks
appliedenergistics2:item.ItemFacade:0, Cable Facade - Spruce Wood Planks
appliedenergistics2:item.ItemFacade:0, Cable Facade - Spruce Wood Planks
appliedenergistics2:item.ItemFacade:0, Cable Facade - Spruce Wood Planks
appliedenergistics2:item.ItemFacade:0, Cable Facade - Spruce Wood Planks
appliedenergistics2:item.ItemFacade:0, Cable Facade - Spruce Wood Planks
appliedenergistics2:item.ItemFacade:0, Cable Facade - Spruce Wood Planks
appliedenergistics2:item.ItemFacade:0, Cable Facade - Spruce Wood Planks
appliedenergistics2:item.ItemFacade:0, Cable Facade - Spruce Wood Planks
appliedenergistics2:item.ItemFacade:0, Cable Facade - Spruce Wood Planks
appliedenergistics2:item.ItemFacade:0, Cable Facade - Spruce Wood Planks
appliedenergistics2:item.ItemFacade:0, Cable Facade - Spruce Wood Planks
appliedenergistics2:item.ItemFacade:0, Cable Facade - Birch Wood Planks
appliedenergistics2:item.ItemFacade:0, Cable Facade - Birch Wood Planks
appliedenergistics2:item.ItemFacade:0, Cable Facade - Birch Wood Planks
appliedenergistics2:item.ItemFacade:0, Cable Facade - Birch Wood Planks
appliedenergistics2:item.ItemFacade:0, Cable Facade - Birch Wood Planks
appliedenergistics2:item.ItemFacade:0, Cable Facade - Birch Wood Planks
appliedenergistics2:item.ItemFacade:0, Cable Facade - Birch Wood Planks
appliedenergistics2:item.ItemFacade:0, Cable Facade - Birch Wood Planks
appliedenergistics2:item.ItemFacade:0, Cable Facade - Birch Wood Planks
appliedenergistics2:item.ItemFacade:0, Cable Facade - Birch Wood Planks
appliedenergistics2:item.ItemFacade:0, Cable Facade - Birch Wood Planks
appliedenergistics2:item.ItemFacade:0, Cable Facade - Birch Wood Planks
appliedenergistics2:item.ItemFacade:0, Cable Facade - Birch Wood Planks
appliedenergistics2:item.ItemFacade:0, Cable Facade - Birch Wood Planks
appliedenergistics2:item.ItemFacade:0, Cable Facade - Birch Wood Planks
appliedenergistics2:item.ItemFacade:0, Cable Facade - Jungle Wood Planks
appliedenergistics2:item.ItemFacade:0, Cable Facade - Jungle Wood Planks
appliedenergistics2:item.ItemFacade:0, Cable Facade - Jungle Wood Planks
appliedenergistics2:item.ItemFacade:0, Cable Facade - Jungle Wood Planks
appliedenergistics2:item.ItemFacade:0, Cable Facade - Jungle Wood Planks
appliedenergistics2:item.ItemFacade:0, Cable Facade - Jungle Wood Planks
appliedenergistics2:item.ItemFacade:0, Cable Facade - Jungle Wood Planks
appliedenergistics2:item.ItemFacade:0, Cable Facade - Jungle Wood Planks
appliedenergistics2:item.ItemFacade:0, Cable Facade - Jungle Wood Planks
appliedenergistics2:item.ItemFacade:0, Cable Facade - Jungle Wood Planks
appliedenergistics2:item.ItemFacade:0, Cable Facade - Jungle Wood Planks
appliedenergistics2:item.ItemFacade:0, Cable Facade - Jungle Wood Planks
appliedenergistics2:item.ItemFacade:0, Cable Facade - Jungle Wood Planks
appliedenergistics2:item.ItemFacade:0, Cable Facade - Jungle Wood Planks
appliedenergistics2:item.ItemFacade:0, Cable Facade - Jungle Wood Planks
appliedenergistics2:item.ItemFacade:0, Cable Facade - Acacia Wood Planks
appliedenergistics2:item.ItemFacade:0, Cable Facade - Acacia Wood Planks
appliedenergistics2:item.ItemFacade:0, Cable Facade - Acacia Wood Planks
appliedenergistics2:item.ItemFacade:0, Cable Facade - Acacia Wood Planks
appliedenergistics2:item.ItemFacade:0, Cable Facade - Acacia Wood Planks
appliedenergistics2:item.ItemFacade:0, Cable Facade - Acacia Wood Planks
appliedenergistics2:item.ItemFacade:0, Cable Facade - Acacia Wood Planks
appliedenergistics2:item.ItemFacade:0, Cable Facade - Acacia Wood Planks
appliedenergistics2:item.ItemFacade:0, Cable Facade - Acacia Wood Planks
appliedenergistics2:item.ItemFacade:0, Cable Facade - Acacia Wood Planks
appliedenergistics2:item.ItemFacade:0, Cable Facade - Acacia Wood Planks
appliedenergistics2:item.ItemFacade:0, Cable Facade - Acacia Wood Planks
appliedenergistics2:item.ItemFacade:0, Cable Facade - Acacia Wood Planks
appliedenergistics2:item.ItemFacade:0, Cable Facade - Acacia Wood Planks
appliedenergistics2:item.ItemFacade:0, Cable Facade - Acacia Wood Planks
appliedenergistics2:item.ItemFacade:0, Cable Facade - Dark Oak Wood Planks
appliedenergistics2:item.ItemFacade:0, Cable Facade - Dark Oak Wood Planks
appliedenergistics2:item.ItemFacade:0, Cable Facade - Dark Oak Wood Planks
appliedenergistics2:item.ItemFacade:0, Cable Facade - Dark Oak Wood Planks
appliedenergistics2:item.ItemFacade:0, Cable Facade - Dark Oak Wood Planks
appliedenergistics2:item.ItemFacade:0, Cable Facade - Dark Oak Wood Planks
appliedenergistics2:item.ItemFacade:0, Cable Facade - Dark Oak Wood Planks
appliedenergistics2:item.ItemFacade:0, Cable Facade - Dark Oak Wood Planks
appliedenergistics2:item.ItemFacade:0, Cable Facade - Dark Oak Wood Planks
appliedenergistics2:item.ItemFacade:0, Cable Facade - Dark Oak Wood Planks
appliedenergistics2:item.ItemFacade:0, Cable Facade - Dark Oak Wood Planks
appliedenergistics2:item.ItemFacade:0, Cable Facade - Dark Oak Wood Planks
appliedenergistics2:item.ItemFacade:0, Cable Facade - Dark Oak Wood Planks
appliedenergistics2:item.ItemFacade:0, Cable Facade - Dark Oak Wood Planks
appliedenergistics2:item.ItemFacade:0, Cable Facade - Dark Oak Wood Planks
appliedenergistics2:item.ItemFacade:0, Cable Facade - Woolen Clay
appliedenergistics2:item.ItemFacade:0, Cable Facade - Woolen Clay
appliedenergistics2:item.ItemFacade:0, Cable Facade - Woolen Clay
appliedenergistics2:item.ItemFacade:0, Cable Facade - Woolen Clay
appliedenergistics2:item.ItemFacade:0, Cable Facade - Woolen Clay
appliedenergistics2:item.ItemFacade:0, Cable Facade - Woolen Clay
appliedenergistics2:item.ItemFacade:0, Cable Facade - Woolen Clay
appliedenergistics2:item.ItemFacade:0, Cable Facade - Woolen Clay
appliedenergistics2:item.ItemFacade:0, Cable Facade - Woolen Clay
appliedenergistics2:item.ItemFacade:0, Cable Facade - Woolen Clay
appliedenergistics2:item.ItemFacade:0, Cable Facade - Woolen Clay
appliedenergistics2:item.ItemFacade:0, Cable Facade - Woolen Clay
appliedenergistics2:item.ItemFacade:0, Cable Facade - Woolen Clay
appliedenergistics2:item.ItemFacade:0, Cable Facade - Woolen Clay
appliedenergistics2:item.ItemFacade:0, Cable Facade - Woolen Clay
appliedenergistics2:item.ItemFacade:0, Cable Facade - Woolen Clay
appliedenergistics2:item.ItemFacade:0, Cable Facade - Apatite Ore
appliedenergistics2:item.ItemFacade:0, Cable Facade - Copper Ore
appliedenergistics2:item.ItemFacade:0, Cable Facade - Tin Ore
appliedenergistics2:item.ItemFacade:0, Cable Facade - Block of Apatite
appliedenergistics2:item.ItemFacade:0, Cable Facade - Block of Copper
appliedenergistics2:item.ItemFacade:0, Cable Facade - Block of Tin
appliedenergistics2:item.ItemFacade:0, Cable Facade - Block of Bronze
appliedenergistics2:item.ItemFacade:0, Cable Facade - Acemus Wood
appliedenergistics2:item.ItemFacade:0, Cable Facade - Cedrum Wood
appliedenergistics2:item.ItemFacade:0, Cable Facade - Cerasu Wood
appliedenergistics2:item.ItemFacade:0, Cable Facade - Delnas Wood
appliedenergistics2:item.ItemFacade:0, Cable Facade - Ewcaly Wood
appliedenergistics2:item.ItemFacade:0, Cable Facade - Hekur Wood
appliedenergistics2:item.ItemFacade:0, Cable Facade - Kiparis Wood
appliedenergistics2:item.ItemFacade:0, Cable Facade - Kulist Wood
appliedenergistics2:item.ItemFacade:0, Cable Facade - Lata Wood
appliedenergistics2:item.ItemFacade:0, Cable Facade - Nucis Wood
appliedenergistics2:item.ItemFacade:0, Cable Facade - Porffor Wood
appliedenergistics2:item.ItemFacade:0, Cable Facade - Salyx Wood
appliedenergistics2:item.ItemFacade:0, Cable Facade - Tuopa Wood
appliedenergistics2:item.ItemFacade:0, Cable Facade - Acemus Wood Planks
appliedenergistics2:item.ItemFacade:0, Cable Facade - Cedrum Wood Planks
appliedenergistics2:item.ItemFacade:0, Cable Facade - Cerasu Wood Planks
appliedenergistics2:item.ItemFacade:0, Cable Facade - Delnas Wood Planks
appliedenergistics2:item.ItemFacade:0, Cable Facade - Ewcaly Wood Planks
appliedenergistics2:item.ItemFacade:0, Cable Facade - Hekur Wood Planks
appliedenergistics2:item.ItemFacade:0, Cable Facade - Kiparis Wood Planks
appliedenergistics2:item.ItemFacade:0, Cable Facade - Kulist Wood Planks
appliedenergistics2:item.ItemFacade:0, Cable Facade - Lata Wood Planks
appliedenergistics2:item.ItemFacade:0, Cable Facade - Nucis Wood Planks
appliedenergistics2:item.ItemFacade:0, Cable Facade - Porffor Wood Planks
appliedenergistics2:item.ItemFacade:0, Cable Facade - Salyx Wood Planks
appliedenergistics2:item.ItemFacade:0, Cable Facade - Tuopa Wood Planks
appliedenergistics2:item.ItemFacade:0, Cable Facade - Acemus Wood Planks
appliedenergistics2:item.ItemFacade:0, Cable Facade - Acemus Wood Planks
appliedenergistics2:item.ItemFacade:0, Cable Facade - Acemus Wood Planks
appliedenergistics2:item.ItemFacade:0, Cable Facade - Acemus Wood Planks
appliedenergistics2:item.ItemFacade:0, Cable Facade - Acemus Wood Planks
appliedenergistics2:item.ItemFacade:0, Cable Facade - Acemus Wood Planks
appliedenergistics2:item.ItemFacade:0, Cable Facade - Acemus Wood Planks
appliedenergistics2:item.ItemFacade:0, Cable Facade - Acemus Wood Planks
appliedenergistics2:item.ItemFacade:0, Cable Facade - Acemus Wood Planks
appliedenergistics2:item.ItemFacade:0, Cable Facade - Acemus Wood Planks
appliedenergistics2:item.ItemFacade:0, Cable Facade - Acemus Wood Planks
appliedenergistics2:item.ItemFacade:0, Cable Facade - Acemus Wood Planks
appliedenergistics2:item.ItemFacade:0, Cable Facade - Acemus Wood Planks
appliedenergistics2:item.ItemFacade:0, Cable Facade - Acemus Wood Planks
appliedenergistics2:item.ItemFacade:0, Cable Facade - Acemus Wood Planks
appliedenergistics2:item.ItemFacade:0, Cable Facade - Cedrum Wood Planks
appliedenergistics2:item.ItemFacade:0, Cable Facade - Cedrum Wood Planks
appliedenergistics2:item.ItemFacade:0, Cable Facade - Cedrum Wood Planks
appliedenergistics2:item.ItemFacade:0, Cable Facade - Cedrum Wood Planks
appliedenergistics2:item.ItemFacade:0, Cable Facade - Cedrum Wood Planks
appliedenergistics2:item.ItemFacade:0, Cable Facade - Cedrum Wood Planks
appliedenergistics2:item.ItemFacade:0, Cable Facade - Cedrum Wood Planks
appliedenergistics2:item.ItemFacade:0, Cable Facade - Cedrum Wood Planks
appliedenergistics2:item.ItemFacade:0, Cable Facade - Cedrum Wood Planks
appliedenergistics2:item.ItemFacade:0, Cable Facade - Cedrum Wood Planks
appliedenergistics2:item.ItemFacade:0, Cable Facade - Cedrum Wood Planks
appliedenergistics2:item.ItemFacade:0, Cable Facade - Cedrum Wood Planks
appliedenergistics2:item.ItemFacade:0, Cable Facade - Cedrum Wood Planks
appliedenergistics2:item.ItemFacade:0, Cable Facade - Cedrum Wood Planks
appliedenergistics2:item.ItemFacade:0, Cable Facade - Cedrum Wood Planks
appliedenergistics2:item.ItemFacade:0, Cable Facade - Cerasu Wood Planks
appliedenergistics2:item.ItemFacade:0, Cable Facade - Cerasu Wood Planks
appliedenergistics2:item.ItemFacade:0, Cable Facade - Cerasu Wood Planks
appliedenergistics2:item.ItemFacade:0, Cable Facade - Cerasu Wood Planks
appliedenergistics2:item.ItemFacade:0, Cable Facade - Cerasu Wood Planks
appliedenergistics2:item.ItemFacade:0, Cable Facade - Cerasu Wood Planks
appliedenergistics2:item.ItemFacade:0, Cable Facade - Cerasu Wood Planks
appliedenergistics2:item.ItemFacade:0, Cable Facade - Cerasu Wood Planks
appliedenergistics2:item.ItemFacade:0, Cable Facade - Cerasu Wood Planks
appliedenergistics2:item.ItemFacade:0, Cable Facade - Cerasu Wood Planks
appliedenergistics2:item.ItemFacade:0, Cable Facade - Cerasu Wood Planks
appliedenergistics2:item.ItemFacade:0, Cable Facade - Cerasu Wood Planks
appliedenergistics2:item.ItemFacade:0, Cable Facade - Cerasu Wood Planks
appliedenergistics2:item.ItemFacade:0, Cable Facade - Cerasu Wood Planks
appliedenergistics2:item.ItemFacade:0, Cable Facade - Cerasu Wood Planks
appliedenergistics2:item.ItemFacade:0, Cable Facade - Delnas Wood Planks
appliedenergistics2:item.ItemFacade:0, Cable Facade - Delnas Wood Planks
appliedenergistics2:item.ItemFacade:0, Cable Facade - Delnas Wood Planks
appliedenergistics2:item.ItemFacade:0, Cable Facade - Delnas Wood Planks
appliedenergistics2:item.ItemFacade:0, Cable Facade - Delnas Wood Planks
appliedenergistics2:item.ItemFacade:0, Cable Facade - Delnas Wood Planks
appliedenergistics2:item.ItemFacade:0, Cable Facade - Delnas Wood Planks
appliedenergistics2:item.ItemFacade:0, Cable Facade - Delnas Wood Planks
appliedenergistics2:item.ItemFacade:0, Cable Facade - Delnas Wood Planks
appliedenergistics2:item.ItemFacade:0, Cable Facade - Delnas Wood Planks
appliedenergistics2:item.ItemFacade:0, Cable Facade - Delnas Wood Planks
appliedenergistics2:item.ItemFacade:0, Cable Facade - Delnas Wood Planks
appliedenergistics2:item.ItemFacade:0, Cable Facade - Delnas Wood Planks
appliedenergistics2:item.ItemFacade:0, Cable Facade - Delnas Wood Planks
appliedenergistics2:item.ItemFacade:0, Cable Facade - Delnas Wood Planks
appliedenergistics2:item.ItemFacade:0, Cable Facade - Ewcaly Wood Planks
appliedenergistics2:item.ItemFacade:0, Cable Facade - Ewcaly Wood Planks
appliedenergistics2:item.ItemFacade:0, Cable Facade - Ewcaly Wood Planks
appliedenergistics2:item.ItemFacade:0, Cable Facade - Ewcaly Wood Planks
appliedenergistics2:item.ItemFacade:0, Cable Facade - Ewcaly Wood Planks
appliedenergistics2:item.ItemFacade:0, Cable Facade - Ewcaly Wood Planks
appliedenergistics2:item.ItemFacade:0, Cable Facade - Ewcaly Wood Planks
appliedenergistics2:item.ItemFacade:0, Cable Facade - Ewcaly Wood Planks
appliedenergistics2:item.ItemFacade:0, Cable Facade - Ewcaly Wood Planks
appliedenergistics2:item.ItemFacade:0, Cable Facade - Ewcaly Wood Planks
appliedenergistics2:item.ItemFacade:0, Cable Facade - Ewcaly Wood Planks
appliedenergistics2:item.ItemFacade:0, Cable Facade - Ewcaly Wood Planks
appliedenergistics2:item.ItemFacade:0, Cable Facade - Ewcaly Wood Planks
appliedenergistics2:item.ItemFacade:0, Cable Facade - Ewcaly Wood Planks
appliedenergistics2:item.ItemFacade:0, Cable Facade - Ewcaly Wood Planks
appliedenergistics2:item.ItemFacade:0, Cable Facade - Hekur Wood Planks
appliedenergistics2:item.ItemFacade:0, Cable Facade - Hekur Wood Planks
appliedenergistics2:item.ItemFacade:0, Cable Facade - Hekur Wood Planks
appliedenergistics2:item.ItemFacade:0, Cable Facade - Hekur Wood Planks
appliedenergistics2:item.ItemFacade:0, Cable Facade - Hekur Wood Planks
appliedenergistics2:item.ItemFacade:0, Cable Facade - Hekur Wood Planks
appliedenergistics2:item.ItemFacade:0, Cable Facade - Hekur Wood Planks
appliedenergistics2:item.ItemFacade:0, Cable Facade - Hekur Wood Planks
appliedenergistics2:item.ItemFacade:0, Cable Facade - Hekur Wood Planks
appliedenergistics2:item.ItemFacade:0, Cable Facade - Hekur Wood Planks
appliedenergistics2:item.ItemFacade:0, Cable Facade - Hekur Wood Planks
appliedenergistics2:item.ItemFacade:0, Cable Facade - Hekur Wood Planks
appliedenergistics2:item.ItemFacade:0, Cable Facade - Hekur Wood Planks
appliedenergistics2:item.ItemFacade:0, Cable Facade - Hekur Wood Planks
appliedenergistics2:item.ItemFacade:0, Cable Facade - Hekur Wood Planks
appliedenergistics2:item.ItemFacade:0, Cable Facade - Kiparis Wood Planks
appliedenergistics2:item.ItemFacade:0, Cable Facade - Kiparis Wood Planks
appliedenergistics2:item.ItemFacade:0, Cable Facade - Kiparis Wood Planks
appliedenergistics2:item.ItemFacade:0, Cable Facade - Kiparis Wood Planks
appliedenergistics2:item.ItemFacade:0, Cable Facade - Kiparis Wood Planks
appliedenergistics2:item.ItemFacade:0, Cable Facade - Kiparis Wood Planks
appliedenergistics2:item.ItemFacade:0, Cable Facade - Kiparis Wood Planks
appliedenergistics2:item.ItemFacade:0, Cable Facade - Kiparis Wood Planks
appliedenergistics2:item.ItemFacade:0, Cable Facade - Kiparis Wood Planks
appliedenergistics2:item.ItemFacade:0, Cable Facade - Kiparis Wood Planks
appliedenergistics2:item.ItemFacade:0, Cable Facade - Kiparis Wood Planks
appliedenergistics2:item.ItemFacade:0, Cable Facade - Kiparis Wood Planks
appliedenergistics2:item.ItemFacade:0, Cable Facade - Kiparis Wood Planks
appliedenergistics2:item.ItemFacade:0, Cable Facade - Kiparis Wood Planks
appliedenergistics2:item.ItemFacade:0, Cable Facade - Kiparis Wood Planks
appliedenergistics2:item.ItemFacade:0, Cable Facade - Kulist Wood Planks
appliedenergistics2:item.ItemFacade:0, Cable Facade - Kulist Wood Planks
appliedenergistics2:item.ItemFacade:0, Cable Facade - Kulist Wood Planks
appliedenergistics2:item.ItemFacade:0, Cable Facade - Kulist Wood Planks
appliedenergistics2:item.ItemFacade:0, Cable Facade - Kulist Wood Planks
appliedenergistics2:item.ItemFacade:0, Cable Facade - Kulist Wood Planks
appliedenergistics2:item.ItemFacade:0, Cable Facade - Kulist Wood Planks
appliedenergistics2:item.ItemFacade:0, Cable Facade - Kulist Wood Planks
appliedenergistics2:item.ItemFacade:0, Cable Facade - Kulist Wood Planks
appliedenergistics2:item.ItemFacade:0, Cable Facade - Kulist Wood Planks
appliedenergistics2:item.ItemFacade:0, Cable Facade - Kulist Wood Planks
appliedenergistics2:item.ItemFacade:0, Cable Facade - Kulist Wood Planks
appliedenergistics2:item.ItemFacade:0, Cable Facade - Kulist Wood Planks
appliedenergistics2:item.ItemFacade:0, Cable Facade - Kulist Wood Planks
appliedenergistics2:item.ItemFacade:0, Cable Facade - Kulist Wood Planks
appliedenergistics2:item.ItemFacade:0, Cable Facade - Lata Wood Planks
appliedenergistics2:item.ItemFacade:0, Cable Facade - Lata Wood Planks
appliedenergistics2:item.ItemFacade:0, Cable Facade - Lata Wood Planks
appliedenergistics2:item.ItemFacade:0, Cable Facade - Lata Wood Planks
appliedenergistics2:item.ItemFacade:0, Cable Facade - Lata Wood Planks
appliedenergistics2:item.ItemFacade:0, Cable Facade - Lata Wood Planks
appliedenergistics2:item.ItemFacade:0, Cable Facade - Lata Wood Planks
appliedenergistics2:item.ItemFacade:0, Cable Facade - Lata Wood Planks
appliedenergistics2:item.ItemFacade:0, Cable Facade - Lata Wood Planks
appliedenergistics2:item.ItemFacade:0, Cable Facade - Lata Wood Planks
appliedenergistics2:item.ItemFacade:0, Cable Facade - Lata Wood Planks
appliedenergistics2:item.ItemFacade:0, Cable Facade - Lata Wood Planks
appliedenergistics2:item.ItemFacade:0, Cable Facade - Lata Wood Planks
appliedenergistics2:item.ItemFacade:0, Cable Facade - Lata Wood Planks
appliedenergistics2:item.ItemFacade:0, Cable Facade - Lata Wood Planks
appliedenergistics2:item.ItemFacade:0, Cable Facade - Nucis Wood Planks
appliedenergistics2:item.ItemFacade:0, Cable Facade - Nucis Wood Planks
appliedenergistics2:item.ItemFacade:0, Cable Facade - Nucis Wood Planks
appliedenergistics2:item.ItemFacade:0, Cable Facade - Nucis Wood Planks
appliedenergistics2:item.ItemFacade:0, Cable Facade - Nucis Wood Planks
appliedenergistics2:item.ItemFacade:0, Cable Facade - Nucis Wood Planks
appliedenergistics2:item.ItemFacade:0, Cable Facade - Nucis Wood Planks
appliedenergistics2:item.ItemFacade:0, Cable Facade - Nucis Wood Planks
appliedenergistics2:item.ItemFacade:0, Cable Facade - Nucis Wood Planks
appliedenergistics2:item.ItemFacade:0, Cable Facade - Nucis Wood Planks
appliedenergistics2:item.ItemFacade:0, Cable Facade - Nucis Wood Planks
appliedenergistics2:item.ItemFacade:0, Cable Facade - Nucis Wood Planks
appliedenergistics2:item.ItemFacade:0, Cable Facade - Nucis Wood Planks
appliedenergistics2:item.ItemFacade:0, Cable Facade - Nucis Wood Planks
appliedenergistics2:item.ItemFacade:0, Cable Facade - Nucis Wood Planks
appliedenergistics2:item.ItemFacade:0, Cable Facade - Porffor Wood Planks
appliedenergistics2:item.ItemFacade:0, Cable Facade - Porffor Wood Planks
appliedenergistics2:item.ItemFacade:0, Cable Facade - Porffor Wood Planks
appliedenergistics2:item.ItemFacade:0, Cable Facade - Porffor Wood Planks
appliedenergistics2:item.ItemFacade:0, Cable Facade - Porffor Wood Planks
appliedenergistics2:item.ItemFacade:0, Cable Facade - Porffor Wood Planks
appliedenergistics2:item.ItemFacade:0, Cable Facade - Porffor Wood Planks
appliedenergistics2:item.ItemFacade:0, Cable Facade - Porffor Wood Planks
appliedenergistics2:item.ItemFacade:0, Cable Facade - Porffor Wood Planks
appliedenergistics2:item.ItemFacade:0, Cable Facade - Porffor Wood Planks
appliedenergistics2:item.ItemFacade:0, Cable Facade - Porffor Wood Planks
appliedenergistics2:item.ItemFacade:0, Cable Facade - Porffor Wood Planks
appliedenergistics2:item.ItemFacade:0, Cable Facade - Porffor Wood Planks
appliedenergistics2:item.ItemFacade:0, Cable Facade - Porffor Wood Planks
appliedenergistics2:item.ItemFacade:0, Cable Facade - Porffor Wood Planks
appliedenergistics2:item.ItemFacade:0, Cable Facade - Salyx Wood Planks
appliedenergistics2:item.ItemFacade:0, Cable Facade - Salyx Wood Planks
appliedenergistics2:item.ItemFacade:0, Cable Facade - Salyx Wood Planks
appliedenergistics2:item.ItemFacade:0, Cable Facade - Salyx Wood Planks
appliedenergistics2:item.ItemFacade:0, Cable Facade - Salyx Wood Planks
appliedenergistics2:item.ItemFacade:0, Cable Facade - Salyx Wood Planks
appliedenergistics2:item.ItemFacade:0, Cable Facade - Salyx Wood Planks
appliedenergistics2:item.ItemFacade:0, Cable Facade - Salyx Wood Planks
appliedenergistics2:item.ItemFacade:0, Cable Facade - Salyx Wood Planks
appliedenergistics2:item.ItemFacade:0, Cable Facade - Salyx Wood Planks
appliedenergistics2:item.ItemFacade:0, Cable Facade - Salyx Wood Planks
appliedenergistics2:item.ItemFacade:0, Cable Facade - Salyx Wood Planks
appliedenergistics2:item.ItemFacade:0, Cable Facade - Salyx Wood Planks
appliedenergistics2:item.ItemFacade:0, Cable Facade - Salyx Wood Planks
appliedenergistics2:item.ItemFacade:0, Cable Facade - Salyx Wood Planks
appliedenergistics2:item.ItemFacade:0, Cable Facade - Tuopa Wood Planks
appliedenergistics2:item.ItemFacade:0, Cable Facade - Tuopa Wood Planks
appliedenergistics2:item.ItemFacade:0, Cable Facade - Tuopa Wood Planks
appliedenergistics2:item.ItemFacade:0, Cable Facade - Tuopa Wood Planks
appliedenergistics2:item.ItemFacade:0, Cable Facade - Tuopa Wood Planks
appliedenergistics2:item.ItemFacade:0, Cable Facade - Tuopa Wood Planks
appliedenergistics2:item.ItemFacade:0, Cable Facade - Tuopa Wood Planks
appliedenergistics2:item.ItemFacade:0, Cable Facade - Tuopa Wood Planks
appliedenergistics2:item.ItemFacade:0, Cable Facade - Tuopa Wood Planks
appliedenergistics2:item.ItemFacade:0, Cable Facade - Tuopa Wood Planks
appliedenergistics2:item.ItemFacade:0, Cable Facade - Tuopa Wood Planks
appliedenergistics2:item.ItemFacade:0, Cable Facade - Tuopa Wood Planks
appliedenergistics2:item.ItemFacade:0, Cable Facade - Tuopa Wood Planks
appliedenergistics2:item.ItemFacade:0, Cable Facade - Tuopa Wood Planks
appliedenergistics2:item.ItemFacade:0, Cable Facade - Tuopa Wood Planks
appliedenergistics2:item.ItemFacade:0, Cable Facade - Ankerite Ore
appliedenergistics2:item.ItemFacade:0, Cable Facade - Floater
appliedenergistics2:item.ItemFacade:0, Cable Facade - Air Balloon
appliedenergistics2:item.ItemFacade:0, Cable Facade - Orange Air Balloon
appliedenergistics2:item.ItemFacade:0, Cable Facade - Magenta Air Balloon
appliedenergistics2:item.ItemFacade:0, Cable Facade - Light Blue Air Balloon
appliedenergistics2:item.ItemFacade:0, Cable Facade - Yellow Air Balloon
appliedenergistics2:item.ItemFacade:0, Cable Facade - Lime Air Balloon
appliedenergistics2:item.ItemFacade:0, Cable Facade - Pink Air Balloon
appliedenergistics2:item.ItemFacade:0, Cable Facade - Gray Air Balloon
appliedenergistics2:item.ItemFacade:0, Cable Facade - Silver Air Balloon
appliedenergistics2:item.ItemFacade:0, Cable Facade - Cyan Air Balloon
appliedenergistics2:item.ItemFacade:0, Cable Facade - Purple Air Balloon
appliedenergistics2:item.ItemFacade:0, Cable Facade - Blue Air Balloon
appliedenergistics2:item.ItemFacade:0, Cable Facade - Brown Air Balloon
appliedenergistics2:item.ItemFacade:0, Cable Facade - Green Air Balloon
appliedenergistics2:item.ItemFacade:0, Cable Facade - Red Air Balloon
appliedenergistics2:item.ItemFacade:0, Cable Facade - Black Air Balloon
appliedenergistics2:item.ItemFacade:0, Cable Facade - Shore Buffer
appliedenergistics2:item.ItemFacade:0, Cable Facade - Sticky Buffer
appliedenergistics2:item.ItemFacade:0, Cable Facade - Portal Frame
appliedenergistics2:item.ItemFacade:0, Cable Facade - Sticky Ore
appliedenergistics2:item.ItemFacade:0, Cable Facade - Crystal Ore
appliedenergistics2:item.ItemFacade:0, Cable Facade - Block of Crystal
appliedenergistics2:item.ItemFacade:0, Cable Facade - tile.null.name
appliedenergistics2:item.ItemFacade:0, Cable Facade - Factory Machine Block
appliedenergistics2:item.ItemFacade:0, Cable Facade - Rubber Wood
appliedenergistics2:item.ItemFacade:0, Cable Facade - Rubber Wood
appliedenergistics2:item.ItemFacade:0, Cable Facade - Stained Glass (White)
appliedenergistics2:item.ItemFacade:0, Cable Facade - Road
appliedenergistics2:item.ItemFacade:0, Cable Facade - Block of Plastic
appliedenergistics2:item.ItemFacade:0, Cable Facade - Ice Bricks
appliedenergistics2:item.ItemFacade:0, Cable Facade - Smooth Blackstone
appliedenergistics2:item.ItemFacade:0, Cable Facade - Vitalized Soil
appliedenergistics2:item.ItemFacade:0, Cable Facade - Strange Sand
appliedenergistics2:item.ItemFacade:0, Cable Facade - Limestone
appliedenergistics2:item.ItemFacade:0, Cable Facade - Cracked Limestone
appliedenergistics2:item.ItemFacade:0, Cable Facade - Limestone Small Bricks
appliedenergistics2:item.ItemFacade:0, Cable Facade - Limestone Carved Bricks
appliedenergistics2:item.ItemFacade:0, Cable Facade - Limestone Cracked Large Bricks
appliedenergistics2:item.ItemFacade:0, Cable Facade - Palm Log
appliedenergistics2:item.ItemFacade:0, Cable Facade - Palm Planks
appliedenergistics2:item.ItemFacade:0, Cable Facade - Redstone Ore
appliedenergistics2:item.ItemFacade:0, Cable Facade - Coal Ore
appliedenergistics2:item.ItemFacade:0, Cable Facade - Iron Ore
appliedenergistics2:item.ItemFacade:0, Cable Facade - Gold Ore
appliedenergistics2:item.ItemFacade:0, Cable Facade - Lapis Ore
appliedenergistics2:item.ItemFacade:0, Cable Facade - Diamond Ore
appliedenergistics2:item.ItemFacade:0, Cable Facade - Limestone Large Bricks (Unbreakable)
appliedenergistics2:item.ItemFacade:0, Cable Facade - Limestone Large Bricks (Unbreakable)
appliedenergistics2:item.ItemFacade:0, Cable Facade - Limestone Large Bricks
appliedenergistics2:item.ItemFacade:0, Cable Facade - Smooth Limestone Slab
appliedenergistics2:item.ItemFacade:0, Cable Facade - Smooth Limestone Slab
appliedenergistics2:item.ItemFacade:0, Cable Facade - Smooth Limestone Slab
appliedenergistics2:item.ItemFacade:0, Cable Facade - Smooth Limestone Slab
appliedenergistics2:item.ItemFacade:0, Cable Facade - Redstone Notifier
appliedenergistics2:item.ItemFacade:0, Cable Facade - Redstone Panel
appliedenergistics2:item.ItemFacade:0, Cable Facade - Livingrock
appliedenergistics2:item.ItemFacade:0, Cable Facade - Livingrock Brick
appliedenergistics2:item.ItemFacade:0, Cable Facade - Mossy Livingrock Brick
appliedenergistics2:item.ItemFacade:0, Cable Facade - Cracked Livingrock Brick
appliedenergistics2:item.ItemFacade:0, Cable Facade - Chiseled Livingrock Brick
appliedenergistics2:item.ItemFacade:0, Cable Facade - Livingwood
appliedenergistics2:item.ItemFacade:0, Cable Facade - Livingwood Planks
appliedenergistics2:item.ItemFacade:0, Cable Facade - Mossy Livingwood Planks
appliedenergistics2:item.ItemFacade:0, Cable Facade - Framed Livingwood
appliedenergistics2:item.ItemFacade:0, Cable Facade - Pattern Framed Livingwood
appliedenergistics2:item.ItemFacade:0, Cable Facade - Glimmering Livingwood
appliedenergistics2:item.ItemFacade:0, Cable Facade - Alchemy Catalyst
appliedenergistics2:item.ItemFacade:0, Cable Facade - Block of Manasteel
appliedenergistics2:item.ItemFacade:0, Cable Facade - Block of Terrasteel
appliedenergistics2:item.ItemFacade:0, Cable Facade - Block of Elementium
appliedenergistics2:item.ItemFacade:0, Cable Facade - Block of Mana Diamond
appliedenergistics2:item.ItemFacade:0, Cable Facade - Block of Dragonstone
appliedenergistics2:item.ItemFacade:0, Cable Facade - Dreamwood
appliedenergistics2:item.ItemFacade:0, Cable Facade - Dreamwood Planks
appliedenergistics2:item.ItemFacade:0, Cable Facade - Mossy Dreamwood Planks
appliedenergistics2:item.ItemFacade:0, Cable Facade - Framed Dreamwood
appliedenergistics2:item.ItemFacade:0, Cable Facade - Pattern Framed Dreamwood
appliedenergistics2:item.ItemFacade:0, Cable Facade - Glimmering Dreamwood
appliedenergistics2:item.ItemFacade:0, Cable Facade - Conjuration Catalyst
appliedenergistics2:item.ItemFacade:0, Cable Facade - Prismarine
appliedenergistics2:item.ItemFacade:0, Cable Facade - Prismarine Bricks
appliedenergistics2:item.ItemFacade:0, Cable Facade - Dark Prismarine
appliedenergistics2:item.ItemFacade:0, Cable Facade - Sea Lantern
appliedenergistics2:item.ItemFacade:0, Cable Facade - Reed Block
appliedenergistics2:item.ItemFacade:0, Cable Facade - Thatch
appliedenergistics2:item.ItemFacade:0, Cable Facade - Hellish Brick
appliedenergistics2:item.ItemFacade:0, Cable Facade - Soul Brick
appliedenergistics2:item.ItemFacade:0, Cable Facade - Frosty Brick
appliedenergistics2:item.ItemFacade:0, Cable Facade - Roof Tile
appliedenergistics2:item.ItemFacade:0, Cable Facade - Azulejo
appliedenergistics2:item.ItemFacade:0, Cable Facade - Azulejo
appliedenergistics2:item.ItemFacade:0, Cable Facade - Azulejo
appliedenergistics2:item.ItemFacade:0, Cable Facade - Azulejo
appliedenergistics2:item.ItemFacade:0, Cable Facade - Azulejo
appliedenergistics2:item.ItemFacade:0, Cable Facade - Azulejo
appliedenergistics2:item.ItemFacade:0, Cable Facade - Azulejo
appliedenergistics2:item.ItemFacade:0, Cable Facade - Azulejo
appliedenergistics2:item.ItemFacade:0, Cable Facade - Azulejo
appliedenergistics2:item.ItemFacade:0, Cable Facade - Azulejo
appliedenergistics2:item.ItemFacade:0, Cable Facade - Azulejo
appliedenergistics2:item.ItemFacade:0, Cable Facade - Azulejo
appliedenergistics2:item.ItemFacade:0, Cable Facade - Enchanted Soil
appliedenergistics2:item.ItemFacade:0, Cable Facade - White Petal Block
appliedenergistics2:item.ItemFacade:0, Cable Facade - Orange Petal Block
appliedenergistics2:item.ItemFacade:0, Cable Facade - Magenta Petal Block
appliedenergistics2:item.ItemFacade:0, Cable Facade - Light Blue Petal Block
appliedenergistics2:item.ItemFacade:0, Cable Facade - Yellow Petal Block
appliedenergistics2:item.ItemFacade:0, Cable Facade - Lime Petal Block
appliedenergistics2:item.ItemFacade:0, Cable Facade - Pink Petal Block
appliedenergistics2:item.ItemFacade:0, Cable Facade - Gray Petal Block
appliedenergistics2:item.ItemFacade:0, Cable Facade - Light Gray Petal Block
appliedenergistics2:item.ItemFacade:0, Cable Facade - Cyan Petal Block
appliedenergistics2:item.ItemFacade:0, Cable Facade - Purple Petal Block
appliedenergistics2:item.ItemFacade:0, Cable Facade - Blue Petal Block
appliedenergistics2:item.ItemFacade:0, Cable Facade - Brown Petal Block
appliedenergistics2:item.ItemFacade:0, Cable Facade - Green Petal Block
appliedenergistics2:item.ItemFacade:0, Cable Facade - Red Petal Block
appliedenergistics2:item.ItemFacade:0, Cable Facade - Black Petal Block
appliedenergistics2:item.ItemFacade:0, Cable Facade - End Stone Bricks
appliedenergistics2:item.ItemFacade:0, Cable Facade - Chiseled End Stone Brick
appliedenergistics2:item.ItemFacade:0, Cable Facade - Ender Bricks
appliedenergistics2:item.ItemFacade:0, Cable Facade - Pillar Ender Bricks
appliedenergistics2:item.ItemFacade:0, Cable Facade - Blaze Lamp
appliedenergistics2:item.ItemFacade:0, Cable Facade - Living Root
appliedenergistics2:item.ItemFacade:0, Cable Facade - Fel Pumpkin
appliedenergistics2:item.ItemFacade:0, Cable Facade - Manastorm Charge
appliedenergistics2:item.ItemFacade:0, Cable Facade - Shimmerrock
appliedenergistics2:item.ItemFacade:0, Cable Facade - Shimmerwood Planks
appliedenergistics2:item.ItemFacade:0, Cable Facade - Metamorphic Forest Stone
appliedenergistics2:item.ItemFacade:0, Cable Facade - Metamorphic Plains Stone
appliedenergistics2:item.ItemFacade:0, Cable Facade - Metamorphic Mountain Stone
appliedenergistics2:item.ItemFacade:0, Cable Facade - Metamorphic Fungal Stone
appliedenergistics2:item.ItemFacade:0, Cable Facade - Metamorphic Swamp Stone
appliedenergistics2:item.ItemFacade:0, Cable Facade - Metamorphic Desert Stone
appliedenergistics2:item.ItemFacade:0, Cable Facade - Metamorphic Taiga Stone
appliedenergistics2:item.ItemFacade:0, Cable Facade - Metamorphic Mesa Stone
appliedenergistics2:item.ItemFacade:0, Cable Facade - Metamorphic Forest Cobblestone
appliedenergistics2:item.ItemFacade:0, Cable Facade - Metamorphic Plains Cobblestone
appliedenergistics2:item.ItemFacade:0, Cable Facade - Metamorphic Mountain Cobblestone
appliedenergistics2:item.ItemFacade:0, Cable Facade - Metamorphic Fungal Cobblestone
appliedenergistics2:item.ItemFacade:0, Cable Facade - Metamorphic Swamp Cobblestone
appliedenergistics2:item.ItemFacade:0, Cable Facade - Metamorphic Desert Cobblestone
appliedenergistics2:item.ItemFacade:0, Cable Facade - Metamorphic Taiga Cobblestone
appliedenergistics2:item.ItemFacade:0, Cable Facade - Metamorphic Mesa Cobblestone
appliedenergistics2:item.ItemFacade:0, Cable Facade - Metamorphic Forest Stone Bricks
appliedenergistics2:item.ItemFacade:0, Cable Facade - Metamorphic Plains Stone Bricks
appliedenergistics2:item.ItemFacade:0, Cable Facade - Metamorphic Mountain Stone Bricks
appliedenergistics2:item.ItemFacade:0, Cable Facade - Metamorphic Fungal Stone Bricks
appliedenergistics2:item.ItemFacade:0, Cable Facade - Metamorphic Swamp Stone Bricks
appliedenergistics2:item.ItemFacade:0, Cable Facade - Metamorphic Desert Stone Bricks
appliedenergistics2:item.ItemFacade:0, Cable Facade - Metamorphic Taiga Stone Bricks
appliedenergistics2:item.ItemFacade:0, Cable Facade - Metamorphic Mesa Stone Bricks
appliedenergistics2:item.ItemFacade:0, Cable Facade - Chiseled Metamorphic Forest Stone Brick
appliedenergistics2:item.ItemFacade:0, Cable Facade - Chiseled Metamorphic Plains Stone Brick
appliedenergistics2:item.ItemFacade:0, Cable Facade - Chiseled Metamorphic Mountain Stone Brick
appliedenergistics2:item.ItemFacade:0, Cable Facade - Chiseled Metamorphic Fungal Stone Brick
appliedenergistics2:item.ItemFacade:0, Cable Facade - Chiseled Metamorphic Swamp Stone Brick
appliedenergistics2:item.ItemFacade:0, Cable Facade - Chiseled Metamorphic Desert Stone Brick
appliedenergistics2:item.ItemFacade:0, Cable Facade - Chiseled Metamorphic Taiga Stone Brick
appliedenergistics2:item.ItemFacade:0, Cable Facade - Chiseled Metamorphic Mesa Stone Brick
appliedenergistics2:item.ItemFacade:0, Cable Facade - Andesite
appliedenergistics2:item.ItemFacade:0, Cable Facade - Basalt
appliedenergistics2:item.ItemFacade:0, Cable Facade - Diorite
appliedenergistics2:item.ItemFacade:0, Cable Facade - Granite
appliedenergistics2:item.ItemFacade:0, Cable Facade - Polished Andesite
appliedenergistics2:item.ItemFacade:0, Cable Facade - Polished Basalt
appliedenergistics2:item.ItemFacade:0, Cable Facade - Polished Diorite
appliedenergistics2:item.ItemFacade:0, Cable Facade - Polished Granite
appliedenergistics2:item.ItemFacade:0, Cable Facade - Andesite Bricks
appliedenergistics2:item.ItemFacade:0, Cable Facade - Basalt Bricks
appliedenergistics2:item.ItemFacade:0, Cable Facade - Diorite Bricks
appliedenergistics2:item.ItemFacade:0, Cable Facade - Granite Bricks
appliedenergistics2:item.ItemFacade:0, Cable Facade - Chiseled Andesite Brick
appliedenergistics2:item.ItemFacade:0, Cable Facade - Chiseled Basalt Brick
appliedenergistics2:item.ItemFacade:0, Cable Facade - Chiseled Diorite Brick
appliedenergistics2:item.ItemFacade:0, Cable Facade - Chiseled Granite Brick
appliedenergistics2:item.ItemFacade:0, Cable Facade - White Portuguese Pavement
appliedenergistics2:item.ItemFacade:0, Cable Facade - Black Portuguese Pavement
appliedenergistics2:item.ItemFacade:0, Cable Facade - Blue Portuguese Pavement
appliedenergistics2:item.ItemFacade:0, Cable Facade - Red Portuguese Pavement
appliedenergistics2:item.ItemFacade:0, Cable Facade - Yellow Portuguese Pavement
appliedenergistics2:item.ItemFacade:0, Cable Facade - Green Portuguese Pavement
appliedenergistics2:item.ItemFacade:0, Cable Facade - Block of Smokey Quartz
appliedenergistics2:item.ItemFacade:0, Cable Facade - Chiseled Smokey Quartz Block
appliedenergistics2:item.ItemFacade:0, Cable Facade - Pillar Smokey Quartz Block
appliedenergistics2:item.ItemFacade:0, Cable Facade - Block of Mana Quartz
appliedenergistics2:item.ItemFacade:0, Cable Facade - Chiseled Mana Quartz Block
appliedenergistics2:item.ItemFacade:0, Cable Facade - Pillar Mana Quartz Block
appliedenergistics2:item.ItemFacade:0, Cable Facade - Block of Blaze Quartz
appliedenergistics2:item.ItemFacade:0, Cable Facade - Chiseled Blaze Quartz Block
appliedenergistics2:item.ItemFacade:0, Cable Facade - Pillar Blaze Quartz Block
appliedenergistics2:item.ItemFacade:0, Cable Facade - Block of Lavender Quartz
appliedenergistics2:item.ItemFacade:0, Cable Facade - Chiseled Lavender Quartz Block
appliedenergistics2:item.ItemFacade:0, Cable Facade - Pillar Lavender Quartz Block
appliedenergistics2:item.ItemFacade:0, Cable Facade - Block of Redquartz
appliedenergistics2:item.ItemFacade:0, Cable Facade - Chiseled Redquartz Block
appliedenergistics2:item.ItemFacade:0, Cable Facade - Pillar Redquartz Block
appliedenergistics2:item.ItemFacade:0, Cable Facade - Block of Elven Quartz
appliedenergistics2:item.ItemFacade:0, Cable Facade - Chiseled Elven Quartz Block
appliedenergistics2:item.ItemFacade:0, Cable Facade - Pillar Elven Quartz Block
appliedenergistics2:item.ItemFacade:0, Cable Facade - Block of Sunny Quartz
appliedenergistics2:item.ItemFacade:0, Cable Facade - Chiseled Sunny Quartz Block
appliedenergistics2:item.ItemFacade:0, Cable Facade - Pillar Sunny Quartz Block
appliedenergistics2:item.ItemFacade:0, Cable Facade - Smokey Quartz Slab
appliedenergistics2:item.ItemFacade:0, Cable Facade - Mana Quartz Slab
appliedenergistics2:item.ItemFacade:0, Cable Facade - Blaze Quartz Slab
appliedenergistics2:item.ItemFacade:0, Cable Facade - Lavender Quartz Slab
appliedenergistics2:item.ItemFacade:0, Cable Facade - Redquartz Slab
appliedenergistics2:item.ItemFacade:0, Cable Facade - Elven Quartz Slab
appliedenergistics2:item.ItemFacade:0, Cable Facade - Sunny Quartz Slab
appliedenergistics2:item.ItemFacade:0, Cable Facade - Livingwood Slab
appliedenergistics2:item.ItemFacade:0, Cable Facade - Livingwood Plank Slab
appliedenergistics2:item.ItemFacade:0, Cable Facade - Livingrock Slab
appliedenergistics2:item.ItemFacade:0, Cable Facade - Livingrock Brick Slab
appliedenergistics2:item.ItemFacade:0, Cable Facade - Dreamwood Slab
appliedenergistics2:item.ItemFacade:0, Cable Facade - Dreamwood Plank Slab
appliedenergistics2:item.ItemFacade:0, Cable Facade - Reed Slab
appliedenergistics2:item.ItemFacade:0, Cable Facade - Thatch Slab
appliedenergistics2:item.ItemFacade:0, Cable Facade - Prismarine Slab
appliedenergistics2:item.ItemFacade:0, Cable Facade - Prismarine Brick Slab
appliedenergistics2:item.ItemFacade:0, Cable Facade - Dark Prismarine Slab
appliedenergistics2:item.ItemFacade:0, Cable Facade - Hellish Brick Slab
appliedenergistics2:item.ItemFacade:0, Cable Facade - Soul Brick Slab
appliedenergistics2:item.ItemFacade:0, Cable Facade - Frosty Brick Slab
appliedenergistics2:item.ItemFacade:0, Cable Facade - Roof Tile Slab
appliedenergistics2:item.ItemFacade:0, Cable Facade - Trodden Dirt Slab
appliedenergistics2:item.ItemFacade:0, Cable Facade - End Stone Brick Slab
appliedenergistics2:item.ItemFacade:0, Cable Facade - Ender Brick Slab
appliedenergistics2:item.ItemFacade:0, Cable Facade - Shimmerrock Slab
appliedenergistics2:item.ItemFacade:0, Cable Facade - Shimmerwood Plank Slab
appliedenergistics2:item.ItemFacade:0, Cable Facade - Metamorphic Forest Stone Slab
appliedenergistics2:item.ItemFacade:0, Cable Facade - Metamorphic Plains Stone Slab
appliedenergistics2:item.ItemFacade:0, Cable Facade - Metamorphic Mountain Stone Slab
appliedenergistics2:item.ItemFacade:0, Cable Facade - Metamorphic Fungal Stone Slab
appliedenergistics2:item.ItemFacade:0, Cable Facade - Metamorphic Swamp Stone Slab
appliedenergistics2:item.ItemFacade:0, Cable Facade - Metamorphic Desert Stone Slab
appliedenergistics2:item.ItemFacade:0, Cable Facade - Metamorphic Taiga Stone Slab
appliedenergistics2:item.ItemFacade:0, Cable Facade - Metamorphic Mesa Stone Slab
appliedenergistics2:item.ItemFacade:0, Cable Facade - Metamorphic Forest Cobblestone Slab
appliedenergistics2:item.ItemFacade:0, Cable Facade - Metamorphic Plains Cobblestone Slab
appliedenergistics2:item.ItemFacade:0, Cable Facade - Metamorphic Mountain Cobblestone Slab
appliedenergistics2:item.ItemFacade:0, Cable Facade - Metamorphic Fungal Cobblestone Slab
appliedenergistics2:item.ItemFacade:0, Cable Facade - Metamorphic Swamp Cobblestone Slab
appliedenergistics2:item.ItemFacade:0, Cable Facade - Metamorphic Desert Cobblestone Slab
appliedenergistics2:item.ItemFacade:0, Cable Facade - Metamorphic Taiga Cobblestone Slab
appliedenergistics2:item.ItemFacade:0, Cable Facade - Metamorphic Mesa Cobblestone Slab
appliedenergistics2:item.ItemFacade:0, Cable Facade - Metamorphic Forest Stone Brick Slab
appliedenergistics2:item.ItemFacade:0, Cable Facade - Metamorphic Plains Stone Brick Slab
appliedenergistics2:item.ItemFacade:0, Cable Facade - Metamorphic Mountain Stone Brick Slab
appliedenergistics2:item.ItemFacade:0, Cable Facade - Metamorphic Fungal Stone Brick Slab
appliedenergistics2:item.ItemFacade:0, Cable Facade - Metamorphic Swamp Stone Brick Slab
appliedenergistics2:item.ItemFacade:0, Cable Facade - Metamorphic Desert Stone Brick Slab
appliedenergistics2:item.ItemFacade:0, Cable Facade - Metamorphic Taiga Stone Brick Slab
appliedenergistics2:item.ItemFacade:0, Cable Facade - Metamorphic Mesa Stone Bricks Slab
appliedenergistics2:item.ItemFacade:0, Cable Facade - Andesite Slab
appliedenergistics2:item.ItemFacade:0, Cable Facade - Basalt Slab
appliedenergistics2:item.ItemFacade:0, Cable Facade - Diorite Slab
appliedenergistics2:item.ItemFacade:0, Cable Facade - Granite Slab
appliedenergistics2:item.ItemFacade:0, Cable Facade - Andesite Brick Slab
appliedenergistics2:item.ItemFacade:0, Cable Facade - Basalt Brick Slab
appliedenergistics2:item.ItemFacade:0, Cable Facade - Diorite Brick Slab
appliedenergistics2:item.ItemFacade:0, Cable Facade - Granite Brick Slab
appliedenergistics2:item.ItemFacade:0, Cable Facade - White Portuguese Pavement Slab
appliedenergistics2:item.ItemFacade:0, Cable Facade - Black Portuguese Pavement Slab
appliedenergistics2:item.ItemFacade:0, Cable Facade - Blue Portuguese Pavement Slab
appliedenergistics2:item.ItemFacade:0, Cable Facade - Red Portuguese Pavement Slab
appliedenergistics2:item.ItemFacade:0, Cable Facade - Yellow Portuguese Pavement Slab
appliedenergistics2:item.ItemFacade:0, Cable Facade - Green Portuguese Pavement Slab
appliedenergistics2:item.ItemFacade:0, Cable Facade - Compressed Crafting Table
appliedenergistics2:item.ItemFacade:0, Cable Facade - Double Compressed Crafting Table
appliedenergistics2:item.ItemFacade:0, Cable Facade - Crystal Matrix
appliedenergistics2:item.ItemFacade:0, Cable Facade - Cosmic Neutronium Block
appliedenergistics2:item.ItemFacade:0, Cable Facade - Infinity Block
appliedenergistics2:item.ItemFacade:0, Cable Facade - Bedrockium Stone
appliedenergistics2:item.ItemFacade:0, Cable Facade - Bedrockium Dirt
appliedenergistics2:item.ItemFacade:0, Cable Facade - tile.bedrockium.stonebrick.name
appliedenergistics2:item.ItemFacade:0, Cable Facade - Bedrockium Block of Lapis
appliedenergistics2:item.ItemFacade:0, Cable Facade - Bedrockium Block of Gold
appliedenergistics2:item.ItemFacade:0, Cable Facade - Bedrockium Block of Iron
appliedenergistics2:item.ItemFacade:0, Cable Facade - Bedrockium Obsidian
appliedenergistics2:item.ItemFacade:0, Cable Facade - Bedrockium Block of Diamond
appliedenergistics2:item.ItemFacade:0, Cable Facade - Bedrockium End Stone
appliedenergistics2:item.ItemFacade:0, Cable Facade - Bedrockium Block of Emerald
appliedenergistics2:item.ItemFacade:0, Cable Facade - Compressed Sugar Cane
appliedenergistics2:item.ItemFacade:0, Cable Facade - Double Compressed Sugar Cane
appliedenergistics2:item.ItemFacade:0, Cable Facade - Triple Compressed Sugar Cane
appliedenergistics2:item.ItemFacade:0, Cable Facade - Quadruple Compressed Sugar Cane
appliedenergistics2:item.ItemFacade:0, Cable Facade - Quintuple Compressed Sugar Cane
appliedenergistics2:item.ItemFacade:0, Cable Facade - Sextuple Compressed Sugar Cane
appliedenergistics2:item.ItemFacade:0, Cable Facade - Septuple Compressed Sugar Cane
appliedenergistics2:item.ItemFacade:0, Cable Facade - Octuple Compressed Sugar Cane
appliedenergistics2:item.ItemFacade:0, Cable Facade - Compressed Sugar
appliedenergistics2:item.ItemFacade:0, Cable Facade - Double Compressed Sugar
appliedenergistics2:item.ItemFacade:0, Cable Facade - Yellorite Ore
appliedenergistics2:item.ItemFacade:0, Cable Facade - Yellorium Block
appliedenergistics2:item.ItemFacade:0, Cable Facade - Cyanite Block
appliedenergistics2:item.ItemFacade:0, Cable Facade - Graphite Block
appliedenergistics2:item.ItemFacade:0, Cable Facade - Blutonium Block
appliedenergistics2:item.ItemFacade:0, Cable Facade - Ludicrite Block
appliedenergistics2:item.ItemFacade:0, Cable Facade - Hambone
appliedenergistics2:item.ItemFacade:0, Cable Facade - SDX
appliedenergistics2:item.ItemFacade:0, Cable Facade - SDX
appliedenergistics2:item.ItemFacade:0, Cable Facade - Congealed Blue Slime
appliedenergistics2:item.ItemFacade:0, Cable Facade - Congealed Green Slime
appliedenergistics2:item.ItemFacade:0, Cable Facade - Congealed Purple Slime
appliedenergistics2:item.ItemFacade:0, Cable Facade - Obsidian Brick
appliedenergistics2:item.ItemFacade:0, Cable Facade - Sandstone Brick
appliedenergistics2:item.ItemFacade:0, Cable Facade - Netherrack Brick
appliedenergistics2:item.ItemFacade:0, Cable Facade - Polished Stone Brick
appliedenergistics2:item.ItemFacade:0, Cable Facade - Iron Brick
appliedenergistics2:item.ItemFacade:0, Cable Facade - Gold Brick
appliedenergistics2:item.ItemFacade:0, Cable Facade - Lapis Brick
appliedenergistics2:item.ItemFacade:0, Cable Facade - Diamond Brick
appliedenergistics2:item.ItemFacade:0, Cable Facade - Redstone Brick
appliedenergistics2:item.ItemFacade:0, Cable Facade - Bone Brick
appliedenergistics2:item.ItemFacade:0, Cable Facade - Slime Brick
appliedenergistics2:item.ItemFacade:0, Cable Facade - Slime Brick
appliedenergistics2:item.ItemFacade:0, Cable Facade - Endstone Brick
appliedenergistics2:item.ItemFacade:0, Cable Facade - Obsidian Brick
appliedenergistics2:item.ItemFacade:0, Cable Facade - Fancy Obsidian Brick
appliedenergistics2:item.ItemFacade:0, Cable Facade - Fancy Sandstone Brick
appliedenergistics2:item.ItemFacade:0, Cable Facade - Fancy Netherrack Brick
appliedenergistics2:item.ItemFacade:0, Cable Facade - Fancy Polished Stone Brick
appliedenergistics2:item.ItemFacade:0, Cable Facade - Fancy Iron Brick
appliedenergistics2:item.ItemFacade:0, Cable Facade - Fancy Gold Brick
appliedenergistics2:item.ItemFacade:0, Cable Facade - Fancy Lapis Brick
appliedenergistics2:item.ItemFacade:0, Cable Facade - Fancy Diamond Brick
appliedenergistics2:item.ItemFacade:0, Cable Facade - Fancy Redstone Brick
appliedenergistics2:item.ItemFacade:0, Cable Facade - Fancy Bone Brick
appliedenergistics2:item.ItemFacade:0, Cable Facade - Fancy Slime Brick
appliedenergistics2:item.ItemFacade:0, Cable Facade - Fancy Slime Brick
appliedenergistics2:item.ItemFacade:0, Cable Facade - Fancy Endstone Brick
appliedenergistics2:item.ItemFacade:0, Cable Facade - Fancy Obsidian Brick
appliedenergistics2:item.ItemFacade:0, Cable Facade - Fancy Stone Brick
appliedenergistics2:item.ItemFacade:0, Cable Facade - Stone Road
appliedenergistics2:item.ItemFacade:0, Cable Facade - Alumite Brick
appliedenergistics2:item.ItemFacade:0, Cable Facade - Ardite Brick
appliedenergistics2:item.ItemFacade:0, Cable Facade - Cobalt Brick
appliedenergistics2:item.ItemFacade:0, Cable Facade - Manyullyn Brick
appliedenergistics2:item.ItemFacade:0, Cable Facade - Fancy Alumite Brick
appliedenergistics2:item.ItemFacade:0, Cable Facade - Fancy Ardite Brick
appliedenergistics2:item.ItemFacade:0, Cable Facade - Fancy Cobalt Brick
appliedenergistics2:item.ItemFacade:0, Cable Facade - Fancy Manyullyn Brick
appliedenergistics2:item.ItemFacade:0, Cable Facade - Cobalt Ore
appliedenergistics2:item.ItemFacade:0, Cable Facade - Ardite Ore
appliedenergistics2:item.ItemFacade:0, Cable Facade - Copper Ore
appliedenergistics2:item.ItemFacade:0, Cable Facade - Tin Ore
appliedenergistics2:item.ItemFacade:0, Cable Facade - Aluminum Ore
appliedenergistics2:item.ItemFacade:0, Cable Facade - Iron Gravel Ore
appliedenergistics2:item.ItemFacade:0, Cable Facade - Gold Gravel Ore
appliedenergistics2:item.ItemFacade:0, Cable Facade - Copper Gravel Ore
appliedenergistics2:item.ItemFacade:0, Cable Facade - Tin Gravel Ore
appliedenergistics2:item.ItemFacade:0, Cable Facade - Aluminum Gravel Ore
appliedenergistics2:item.ItemFacade:0, Cable Facade - Cobalt Gravel Ore
appliedenergistics2:item.ItemFacade:0, Cable Facade - Block of Cobalt
appliedenergistics2:item.ItemFacade:0, Cable Facade - Block of Ardite
appliedenergistics2:item.ItemFacade:0, Cable Facade - Block of Manyullyn
appliedenergistics2:item.ItemFacade:0, Cable Facade - Block of Copper
appliedenergistics2:item.ItemFacade:0, Cable Facade - Block of Bronze
appliedenergistics2:item.ItemFacade:0, Cable Facade - Block of Tin
appliedenergistics2:item.ItemFacade:0, Cable Facade - Block of Aluminum
appliedenergistics2:item.ItemFacade:0, Cable Facade - Block of Aluminum Brass
appliedenergistics2:item.ItemFacade:0, Cable Facade - Block of Alumite
appliedenergistics2:item.ItemFacade:0, Cable Facade - Block of Steel
appliedenergistics2:item.ItemFacade:0, Cable Facade - Block of Solid Ender
appliedenergistics2:item.ItemFacade:0, Cable Facade - Slimy Mud
appliedenergistics2:item.ItemFacade:0, Cable Facade - Grout
appliedenergistics2:item.ItemFacade:0, Cable Facade - Slimy Mud
appliedenergistics2:item.ItemFacade:0, Cable Facade - Graveyard Soil
appliedenergistics2:item.ItemFacade:0, Cable Facade - Consecrated Soil
appliedenergistics2:item.ItemFacade:0, Cable Facade - Blue Slimedirt
appliedenergistics2:item.ItemFacade:0, Cable Facade - Slime Soil
appliedenergistics2:item.ItemFacade:0, Cable Facade - Glue Block
appliedenergistics2:item.ItemFacade:0, Cable Facade - Rough Brownstone
appliedenergistics2:item.ItemFacade:0, Cable Facade - Brownstone Road
appliedenergistics2:item.ItemFacade:0, Cable Facade - Brownstone
appliedenergistics2:item.ItemFacade:0, Cable Facade - Brownstone Brick
appliedenergistics2:item.ItemFacade:0, Cable Facade - Brownstone Road
appliedenergistics2:item.ItemFacade:0, Cable Facade - Fancy Brownstone
appliedenergistics2:item.ItemFacade:0, Cable Facade - Chiseled Brownstone
appliedenergistics2:item.ItemFacade:0, Cable Facade - Blank Blood Stone
appliedenergistics2:item.ItemFacade:0, Cable Facade - Reinforced Blood Stone
appliedenergistics2:item.ItemFacade:0, Cable Facade - Imbued Blood Stone
appliedenergistics2:item.ItemFacade:0, Cable Facade - Demonic Blood Stone
appliedenergistics2:item.ItemFacade:0, Cable Facade - Ethereal Blood Stone
appliedenergistics2:item.ItemFacade:0, Cable Facade - Blood TNT
appliedenergistics2:item.ItemFacade:0, Cable Facade - Blood Infused Wood
appliedenergistics2:item.ItemFacade:0, Cable Facade - Blood Infused Wooden Plank
appliedenergistics2:item.ItemFacade:0, Cable Facade - Blood Stained Packed Ice
appliedenergistics2:item.ItemFacade:0, Cable Facade - Blood Infused Iron Block
appliedenergistics2:item.ItemFacade:0, Cable Facade - Blood Infused Glowstone
appliedenergistics2:item.ItemFacade:0, Cable Facade - Blood Lamp
appliedenergistics2:item.ItemFacade:0, Cable Facade - Blood Infused Diamond Block
appliedenergistics2:item.ItemFacade:0, Cable Facade - Target
appliedenergistics2:item.ItemFacade:0, Cable Facade - Armoured Block
appliedenergistics2:item.ItemFacade:0, Cable Facade - Armoured Double Slab
appliedenergistics2:item.ItemFacade:0, Cable Facade - Armoured Glass
appliedenergistics2:item.ItemFacade:0, Cable Facade - Oak Wood Planks
appliedenergistics2:item.ItemFacade:0, Cable Facade - Stone
appliedenergistics2:item.ItemFacade:0, Cable Facade - Stone Bricks
appliedenergistics2:item.ItemFacade:0, Cable Facade - Cobblestone
appliedenergistics2:item.ItemFacade:0, Cable Facade - Armoured Block
appliedenergistics2:item.ItemFacade:0, Cable Facade - Reinforced Stone
appliedenergistics2:item.ItemFacade:0, Cable Facade - Reinforced Stone Bricks
appliedenergistics2:item.ItemFacade:0, Cable Facade - Reinforced Dirt
appliedenergistics2:item.ItemFacade:0, Cable Facade - Reinforced Dirt Bricks
appliedenergistics2:item.ItemFacade:0, Cable Facade - Stable Stone
appliedenergistics2:item.ItemFacade:0, Cable Facade - Orange Stable Stone
appliedenergistics2:item.ItemFacade:0, Cable Facade - Magenta Stable Stone
appliedenergistics2:item.ItemFacade:0, Cable Facade - Light Blue Stable Stone
appliedenergistics2:item.ItemFacade:0, Cable Facade - Yellow Stable Stone
appliedenergistics2:item.ItemFacade:0, Cable Facade - Lime Stable Stone
appliedenergistics2:item.ItemFacade:0, Cable Facade - Pink Stable Stone
appliedenergistics2:item.ItemFacade:0, Cable Facade - Plain Stable Stone
appliedenergistics2:item.ItemFacade:0, Cable Facade - Light Stable Stone
appliedenergistics2:item.ItemFacade:0, Cable Facade - Cyan Stable Stone
appliedenergistics2:item.ItemFacade:0, Cable Facade - Purple Stable Stone
appliedenergistics2:item.ItemFacade:0, Cable Facade - Blue Stable Stone
appliedenergistics2:item.ItemFacade:0, Cable Facade - Brown Stable Stone
appliedenergistics2:item.ItemFacade:0, Cable Facade - Green Stable Stone
appliedenergistics2:item.ItemFacade:0, Cable Facade - Red Stable Stone
appliedenergistics2:item.ItemFacade:0, Cable Facade - Black Stable Stone
appliedenergistics2:item.ItemFacade:0, Cable Facade - Rimmed Stable Stone
appliedenergistics2:item.ItemFacade:0, Cable Facade - Orange Rimmed Stable Stone
appliedenergistics2:item.ItemFacade:0, Cable Facade - Magenta Rimmed Stable Stone
appliedenergistics2:item.ItemFacade:0, Cable Facade - Light Blue Rimmed Stable Stone
appliedenergistics2:item.ItemFacade:0, Cable Facade - Yellow Rimmed Stable Stone
appliedenergistics2:item.ItemFacade:0, Cable Facade - Lime Rimmed Stable Stone
appliedenergistics2:item.ItemFacade:0, Cable Facade - Pink Rimmed Stable Stone
appliedenergistics2:item.ItemFacade:0, Cable Facade - Plain Rimmed Stable Stone
appliedenergistics2:item.ItemFacade:0, Cable Facade - Light Rimmed Stable Stone
appliedenergistics2:item.ItemFacade:0, Cable Facade - Cyan Rimmed Stable Stone
appliedenergistics2:item.ItemFacade:0, Cable Facade - Purple Rimmed Stable Stone
appliedenergistics2:item.ItemFacade:0, Cable Facade - Blue Rimmed Stable Stone
appliedenergistics2:item.ItemFacade:0, Cable Facade - Brown Rimmed Stable Stone
appliedenergistics2:item.ItemFacade:0, Cable Facade - Green Rimmed Stable Stone
appliedenergistics2:item.ItemFacade:0, Cable Facade - Red Rimmed Stable Stone
appliedenergistics2:item.ItemFacade:0, Cable Facade - Black Rimmed Stable Stone
appliedenergistics2:item.ItemFacade:0, Cable Facade - Rimmed Black Stable Stone
appliedenergistics2:item.ItemFacade:0, Cable Facade - Orange Rimmed Black Stable Stone
appliedenergistics2:item.ItemFacade:0, Cable Facade - Magenta Rimmed Black Stable Stone
appliedenergistics2:item.ItemFacade:0, Cable Facade - Light Blue Rimmed Black Stable Stone
appliedenergistics2:item.ItemFacade:0, Cable Facade - Yellow Rimmed Black  Stable Stone
appliedenergistics2:item.ItemFacade:0, Cable Facade - Lime Rimmed Black Stable Stone
appliedenergistics2:item.ItemFacade:0, Cable Facade - Pink Rimmed Black Stable Stone
appliedenergistics2:item.ItemFacade:0, Cable Facade - Plain Rimmed Black Stable Stone
appliedenergistics2:item.ItemFacade:0, Cable Facade - Light Rimmed Black Stable Stone
appliedenergistics2:item.ItemFacade:0, Cable Facade - Cyan Rimmed Black Stable Stone
appliedenergistics2:item.ItemFacade:0, Cable Facade - Purple Rimmed Black Stable Stone
appliedenergistics2:item.ItemFacade:0, Cable Facade - Blue Rimmed Black Stable Stone
appliedenergistics2:item.ItemFacade:0, Cable Facade - Brown Rimmed Black Stable Stone
appliedenergistics2:item.ItemFacade:0, Cable Facade - Green Rimmed Black Stable Stone
appliedenergistics2:item.ItemFacade:0, Cable Facade - Red Rimmed Black Stable Stone
appliedenergistics2:item.ItemFacade:0, Cable Facade - Black Rimmed Black Stable Stone
appliedenergistics2:item.ItemFacade:0, Cable Facade - Purified Obsidian
appliedenergistics2:item.ItemFacade:0, Cable Facade - Amethyst Wood
appliedenergistics2:item.ItemFacade:0, Cable Facade - Amethyst Planks
appliedenergistics2:item.ItemFacade:0, Cable Facade - Tanzanite Wood
appliedenergistics2:item.ItemFacade:0, Cable Facade - Tanzanite Planks
appliedenergistics2:item.ItemFacade:0, Cable Facade - Pear Wood
appliedenergistics2:item.ItemFacade:0, Cable Facade - Pear Planks
appliedenergistics2:item.ItemFacade:0, Cable Facade - Diamond Wood
appliedenergistics2:item.ItemFacade:0, Cable Facade - Diamond Planks
appliedenergistics2:item.ItemFacade:0, Cable Facade - Amethyst Block
appliedenergistics2:item.ItemFacade:0, Cable Facade - Tanzanite Block
appliedenergistics2:item.ItemFacade:0, Cable Facade - Enriched Gold Block
appliedenergistics2:item.ItemFacade:0, Cable Facade - Reinforced Iron Block
appliedenergistics2:item.ItemFacade:0, Cable Facade - Weakened Diamond Block
appliedenergistics2:item.ItemFacade:0, Cable Facade - Flawless Diamond Block
appliedenergistics2:item.ItemFacade:0, Cable Facade - Fire Diamond Block
appliedenergistics2:item.ItemFacade:0, Cable Facade - Electric Diamond Block
appliedenergistics2:item.ItemFacade:0, Cable Facade - End Diamond Block
appliedenergistics2:item.ItemFacade:0, Cable Facade - Reinforced Brick
appliedenergistics2:item.ItemFacade:0, Cable Facade - Reinforced Stone
appliedenergistics2:item.ItemFacade:0, Cable Facade - Soft Reinforced Brick
appliedenergistics2:item.ItemFacade:0, Cable Facade - Soft Reinforced Stone
appliedenergistics2:item.ItemFacade:0, Cable Facade - Formed Reinforced Brick
appliedenergistics2:item.ItemFacade:0, Cable Facade - Formed Reinforced Stone
appliedenergistics2:item.ItemFacade:0, Cable Facade - Cherrywood Log
appliedenergistics2:item.ItemFacade:0, Cable Facade - Cherrywood Plank
appliedenergistics2:item.ItemFacade:0, Cable Facade - tile.cherrywoodplankslab.Cherrywood Slab.name
appliedenergistics2:item.ItemFacade:0, Cable Facade - tile.charcoalblock.name
appliedenergistics2:item.ItemFacade:0, Cable Facade - tile.flintblock.name
appliedenergistics2:item.ItemFacade:0, Cable Facade - Reinforced Obsidian
appliedenergistics2:item.ItemFacade:0, Cable Facade - tile.blockConduitFacade.name
appliedenergistics2:item.ItemFacade:0, Cable Facade - Electrical Steel Block
appliedenergistics2:item.ItemFacade:0, Cable Facade - Clay Compound Block
appliedenergistics2:item.ItemFacade:0, Cable Facade - Hard Wall (Tier 1)
appliedenergistics2:item.ItemFacade:0, Cable Facade - Hard Wall (Tier 2)
appliedenergistics2:item.ItemFacade:0, Cable Facade - Hard Wall (Tier 3)
appliedenergistics2:item.ItemFacade:0, Cable Facade - Hard Wall (Tier 4)
appliedenergistics2:item.ItemFacade:0, Cable Facade - Hard Wall (Tier 5)
appliedenergistics2:item.ItemFacade:0, Cable Facade - Vacant Villager Block
appliedenergistics2:item.ItemFacade:0, Cable Facade - Peculiar Stone
appliedenergistics2:item.ItemFacade:0, Cable Facade - Peculiar CobbleStone
appliedenergistics2:item.ItemFacade:0, Cable Facade - Peculiar Dust
appliedenergistics2:item.ItemFacade:0, Cable Facade - Compressed Peculiar Dust
appliedenergistics2:item.ItemFacade:0, Cable Facade - Dark Dirt
appliedenergistics2:item.ItemFacade:0, Cable Facade - Dark Stone
appliedenergistics2:item.ItemFacade:0, Cable Facade - Dark CobbleStone
appliedenergistics2:item.ItemFacade:0, Cable Facade - Dark Oak Wood Planks
appliedenergistics2:item.ItemFacade:0, Cable Facade - Dark Spruce Wood Planks
appliedenergistics2:item.ItemFacade:0, Cable Facade - Dark Birch Wood Planks
appliedenergistics2:item.ItemFacade:0, Cable Facade - Dark Jungle Wood Planks
appliedenergistics2:item.ItemFacade:0, Cable Facade - Dark Acacia Wood Planks
appliedenergistics2:item.ItemFacade:0, Cable Facade - Darkest Oak Wood Planks
appliedenergistics2:item.ItemFacade:0, Cable Facade - Dark Sand
appliedenergistics2:item.ItemFacade:0, Cable Facade - Dark Red Sand
appliedenergistics2:item.ItemFacade:0, Cable Facade - Dark Gravel
appliedenergistics2:item.ItemFacade:0, Cable Facade - Dark Gold Ore
appliedenergistics2:item.ItemFacade:0, Cable Facade - Dark Iron Ore
appliedenergistics2:item.ItemFacade:0, Cable Facade - Dark Coal Ore
appliedenergistics2:item.ItemFacade:0, Cable Facade - Dark Oak Wood
appliedenergistics2:item.ItemFacade:0, Cable Facade - Dark Spruce Wood
appliedenergistics2:item.ItemFacade:0, Cable Facade - Dark Birch Wood
appliedenergistics2:item.ItemFacade:0, Cable Facade - Dark Jungle Wood
appliedenergistics2:item.ItemFacade:0, Cable Facade - Dark Acacia Wood
appliedenergistics2:item.ItemFacade:0, Cable Facade - Darkest Oak Wood
appliedenergistics2:item.ItemFacade:0, Cable Facade - Dark Sponge
appliedenergistics2:item.ItemFacade:0, Cable Facade - Dark SandStone
appliedenergistics2:item.ItemFacade:0, Cable Facade - Dark Chiseled SandStone
appliedenergistics2:item.ItemFacade:0, Cable Facade - Dark Smooth SandStone
appliedenergistics2:item.ItemFacade:0, Cable Facade - Dark Lapis Lazuli Ore
appliedenergistics2:item.ItemFacade:0, Cable Facade - Dark Brick
appliedenergistics2:item.ItemFacade:0, Cable Facade - Dark Moss Stone
appliedenergistics2:item.ItemFacade:0, Cable Facade - Dark Obsidian
appliedenergistics2:item.ItemFacade:0, Cable Facade - Dark Diamond Ore
appliedenergistics2:item.ItemFacade:0, Cable Facade - Dark Redstone Ore
appliedenergistics2:item.ItemFacade:0, Cable Facade - Dark Emerald Ore
appliedenergistics2:item.ItemFacade:0, Cable Facade - Distortion Flame
appliedenergistics2:item.ItemFacade:0, Cable Facade - Draconium Ore
appliedenergistics2:item.ItemFacade:0, Cable Facade - Draconium Block
appliedenergistics2:item.ItemFacade:0, Cable Facade - Charged Draconium Block
appliedenergistics2:item.ItemFacade:0, Cable Facade - Energy Pylon
appliedenergistics2:item.ItemFacade:0, Cable Facade - Awakened Draconium Block
appliedenergistics2:item.ItemFacade:0, Cable Facade - Draconium Infused Obsidian
appliedenergistics2:item.ItemFacade:0, Cable Facade - Admin Dislocator
appliedenergistics2:item.ItemFacade:0, Cable Facade - Red Dye Log
appliedenergistics2:item.ItemFacade:0, Cable Facade - Yellow Dye Log
appliedenergistics2:item.ItemFacade:0, Cable Facade - Blue Dye Log
appliedenergistics2:item.ItemFacade:0, Cable Facade - Pure Dye Log
appliedenergistics2:item.ItemFacade:0, Cable Facade - Red Dye Heart
appliedenergistics2:item.ItemFacade:0, Cable Facade - Yellow Dye Heart
appliedenergistics2:item.ItemFacade:0, Cable Facade - Blue Dye Heart
appliedenergistics2:item.ItemFacade:0, Cable Facade - Dye Tree Root
appliedenergistics2:item.ItemFacade:0, Cable Facade - Dynamic Ore
appliedenergistics2:item.ItemFacade:0, Cable Facade - Dynamic Block
appliedenergistics2:item.ItemFacade:0, Cable Facade - Copper Ore
appliedenergistics2:item.ItemFacade:0, Cable Facade - Lead Ore
appliedenergistics2:item.ItemFacade:0, Cable Facade - Tungsten Ore
appliedenergistics2:item.ItemFacade:0, Cable Facade - Cinnabar Ore
appliedenergistics2:item.ItemFacade:0, Cable Facade - Arc Clay Block
appliedenergistics2:item.ItemFacade:0, Cable Facade - Arc Metal Block
appliedenergistics2:item.ItemFacade:0, Cable Facade - Chocolate Block
appliedenergistics2:item.ItemFacade:0, Cable Facade - White Sand
appliedenergistics2:item.ItemFacade:0, Cable Facade - Black Sand
appliedenergistics2:item.ItemFacade:0, Cable Facade - White Sandstone
appliedenergistics2:item.ItemFacade:0, Cable Facade - Cut White Sandstone
appliedenergistics2:item.ItemFacade:0, Cable Facade - Chiseled White Sandstone
appliedenergistics2:item.ItemFacade:0, Cable Facade - Smooth White Sandstone
appliedenergistics2:item.ItemFacade:0, Cable Facade - Black Sandstone
appliedenergistics2:item.ItemFacade:0, Cable Facade - Cut Black Sandstone
appliedenergistics2:item.ItemFacade:0, Cable Facade - Chiseled Black Sandstone
appliedenergistics2:item.ItemFacade:0, Cable Facade - Smooth Black Sandstone
appliedenergistics2:item.ItemFacade:0, Cable Facade - Nullite
appliedenergistics2:item.ItemFacade:0, Cable Facade - Eternite
appliedenergistics2:item.ItemFacade:0, Cable Facade - Cobbled Nullite
appliedenergistics2:item.ItemFacade:0, Cable Facade - Polished Nullite
appliedenergistics2:item.ItemFacade:0, Cable Facade - Cobbled Eternite
appliedenergistics2:item.ItemFacade:0, Cable Facade - Polished Eternite
appliedenergistics2:item.ItemFacade:0, Cable Facade - Nullite Bricks
appliedenergistics2:item.ItemFacade:0, Cable Facade - Cracked Nullite Bricks
appliedenergistics2:item.ItemFacade:0, Cable Facade - Nullite Tiles
appliedenergistics2:item.ItemFacade:0, Cable Facade - Cracked Nullite Tiles
appliedenergistics2:item.ItemFacade:0, Cable Facade - Eternite Bricks
appliedenergistics2:item.ItemFacade:0, Cable Facade - Cracked Eternite Bricks
appliedenergistics2:item.ItemFacade:0, Cable Facade - Eternite Tiles
appliedenergistics2:item.ItemFacade:0, Cable Facade - Cracked Eternite Tiles
appliedenergistics2:item.ItemFacade:0, Cable Facade - Sugilite Block
appliedenergistics2:item.ItemFacade:0, Cable Facade - Sugilite Ore
appliedenergistics2:item.ItemFacade:0, Cable Facade - White Double Sandstone Slab
appliedenergistics2:item.ItemFacade:0, Cable Facade - Smooth White Double Sandstone Slab
appliedenergistics2:item.ItemFacade:0, Cable Facade - Black Double Sandstone Slab
appliedenergistics2:item.ItemFacade:0, Cable Facade - Smooth Black Double Sandstone Slab
appliedenergistics2:item.ItemFacade:0, Cable Facade - Cobbled Double Nullite Slab
appliedenergistics2:item.ItemFacade:0, Cable Facade - Polished Double Nullite Slab
appliedenergistics2:item.ItemFacade:0, Cable Facade - Cobbled Double Eternite Slab
appliedenergistics2:item.ItemFacade:0, Cable Facade - Polished Double Eternite Slab
appliedenergistics2:item.ItemFacade:0, Cable Facade - Double Nullite Brick Slab
appliedenergistics2:item.ItemFacade:0, Cable Facade - Double Nullite Tile Slab
appliedenergistics2:item.ItemFacade:0, Cable Facade - Double Eternite Brick Slab
appliedenergistics2:item.ItemFacade:0, Cable Facade - Double Eternite Tile Slab
appliedenergistics2:item.ItemFacade:0, Cable Facade - Diamond Powder Block
appliedenergistics2:item.ItemFacade:0, Cable Facade - Emerald Powder Block
appliedenergistics2:item.ItemFacade:0, Cable Facade - Gold Powder Block
appliedenergistics2:item.ItemFacade:0, Cable Facade - Lapis Lazuli Powder Block
appliedenergistics2:item.ItemFacade:0, Cable Facade - Iron Powder Block
appliedenergistics2:item.ItemFacade:0, Cable Facade - Coal Powder Block
appliedenergistics2:item.ItemFacade:0, Cable Facade - Redstone Powder Block
appliedenergistics2:item.ItemFacade:0, Cable Facade - Nether Quartz Powder Block
appliedenergistics2:item.ItemFacade:0, Cable Facade - Nether Brick Powder Block
appliedenergistics2:item.ItemFacade:0, Cable Facade - Glowstone Powder Block
appliedenergistics2:item.ItemFacade:0, Cable Facade - Leather Powder Block
appliedenergistics2:item.ItemFacade:0, Cable Facade - Golem Head
appliedenergistics2:item.ItemFacade:0, Cable Facade - Block of Charcoal
appliedenergistics2:item.ItemFacade:0, Cable Facade - Block of Cactus Charcoal
appliedenergistics2:item.ItemFacade:0, Cable Facade - Block of Sugar Charcoal
appliedenergistics2:item.ItemFacade:0, Cable Facade - Block of Cactus Coke
appliedenergistics2:item.ItemFacade:0, Cable Facade - Block of Sugar Coke
appliedenergistics2:item.ItemFacade:0, Cable Facade - Copper Ore
appliedenergistics2:item.ItemFacade:0, Cable Facade - Tin Ore
appliedenergistics2:item.ItemFacade:0, Cable Facade - Manganese Ore
appliedenergistics2:item.ItemFacade:0, Cable Facade - Copper Block
appliedenergistics2:item.ItemFacade:0, Cable Facade - Tin Block
appliedenergistics2:item.ItemFacade:0, Cable Facade - Manganese Block
appliedenergistics2:item.ItemFacade:0, Cable Facade - Bronze Block
appliedenergistics2:item.ItemFacade:0, Cable Facade - Hepatizon Block
appliedenergistics2:item.ItemFacade:0, Cable Facade - Damascus Steel Block
appliedenergistics2:item.ItemFacade:0, Cable Facade - Angmallen Block
appliedenergistics2:item.ItemFacade:0, Cable Facade - Steel Block
appliedenergistics2:item.ItemFacade:0, Cable Facade - Copper Brick
appliedenergistics2:item.ItemFacade:0, Cable Facade - Tin Brick
appliedenergistics2:item.ItemFacade:0, Cable Facade - Manganese Brick
appliedenergistics2:item.ItemFacade:0, Cable Facade - Bronze Brick
appliedenergistics2:item.ItemFacade:0, Cable Facade - Hepatizon Brick
appliedenergistics2:item.ItemFacade:0, Cable Facade - Damascus Steel Brick
appliedenergistics2:item.ItemFacade:0, Cable Facade - Angmallen Brick
appliedenergistics2:item.ItemFacade:0, Cable Facade - Steel Brick
appliedenergistics2:item.ItemFacade:0, Cable Facade - Eximite Ore
appliedenergistics2:item.ItemFacade:0, Cable Facade - Meutoite Ore
appliedenergistics2:item.ItemFacade:0, Cable Facade - Eximite Block
appliedenergistics2:item.ItemFacade:0, Cable Facade - Meutoite Block
appliedenergistics2:item.ItemFacade:0, Cable Facade - Desichalkos Block
appliedenergistics2:item.ItemFacade:0, Cable Facade - Eximite Brick
appliedenergistics2:item.ItemFacade:0, Cable Facade - Meutoite Brick
appliedenergistics2:item.ItemFacade:0, Cable Facade - Desichalkos Brick
appliedenergistics2:item.ItemFacade:0, Cable Facade - Prometheum Ore
appliedenergistics2:item.ItemFacade:0, Cable Facade - Deep Iron Ore
appliedenergistics2:item.ItemFacade:0, Cable Facade - Infuscolium Ore
appliedenergistics2:item.ItemFacade:0, Cable Facade - Oureclase Ore
appliedenergistics2:item.ItemFacade:0, Cable Facade - Astral Silver Ore
appliedenergistics2:item.ItemFacade:0, Cable Facade - Carmot Ore
appliedenergistics2:item.ItemFacade:0, Cable Facade - Mithril Ore
appliedenergistics2:item.ItemFacade:0, Cable Facade - Rubracium Ore
appliedenergistics2:item.ItemFacade:0, Cable Facade - Orichalcum Ore
appliedenergistics2:item.ItemFacade:0, Cable Facade - Adamantine Ore
appliedenergistics2:item.ItemFacade:0, Cable Facade - Atlarus Ore
appliedenergistics2:item.ItemFacade:0, Cable Facade - Prometheum Block
appliedenergistics2:item.ItemFacade:0, Cable Facade - Deep Iron Block
appliedenergistics2:item.ItemFacade:0, Cable Facade - Infuscolium Block
appliedenergistics2:item.ItemFacade:0, Cable Facade - Black Steel Block
appliedenergistics2:item.ItemFacade:0, Cable Facade - Oureclase Block
appliedenergistics2:item.ItemFacade:0, Cable Facade - Astral Silver Block
appliedenergistics2:item.ItemFacade:0, Cable Facade - Carmot Block
appliedenergistics2:item.ItemFacade:0, Cable Facade - Mithril Block
appliedenergistics2:item.ItemFacade:0, Cable Facade - Rubracium Block
appliedenergistics2:item.ItemFacade:0, Cable Facade - Quicksilver Block
appliedenergistics2:item.ItemFacade:0, Cable Facade - Haderoth Block
appliedenergistics2:item.ItemFacade:0, Cable Facade - Orichalcum Block
appliedenergistics2:item.ItemFacade:0, Cable Facade - Celenegil Block
appliedenergistics2:item.ItemFacade:0, Cable Facade - Adamantine Block
appliedenergistics2:item.ItemFacade:0, Cable Facade - Atlarus Block
appliedenergistics2:item.ItemFacade:0, Cable Facade - Tartarite Block
appliedenergistics2:item.ItemFacade:0, Cable Facade - Prometheum Brick
appliedenergistics2:item.ItemFacade:0, Cable Facade - Deep Iron Brick
appliedenergistics2:item.ItemFacade:0, Cable Facade - Infuscolium Brick
appliedenergistics2:item.ItemFacade:0, Cable Facade - Black Steel Brick
appliedenergistics2:item.ItemFacade:0, Cable Facade - Oureclase Brick
appliedenergistics2:item.ItemFacade:0, Cable Facade - Astral Silver Brick
appliedenergistics2:item.ItemFacade:0, Cable Facade - Carmot Brick
appliedenergistics2:item.ItemFacade:0, Cable Facade - Mithril Brick
appliedenergistics2:item.ItemFacade:0, Cable Facade - Rubracium Brick
appliedenergistics2:item.ItemFacade:0, Cable Facade - Quicksilver Brick
appliedenergistics2:item.ItemFacade:0, Cable Facade - Haderoth Brick
appliedenergistics2:item.ItemFacade:0, Cable Facade - Orichalcum Brick
appliedenergistics2:item.ItemFacade:0, Cable Facade - Celenegil Brick
appliedenergistics2:item.ItemFacade:0, Cable Facade - Adamantine Brick
appliedenergistics2:item.ItemFacade:0, Cable Facade - Atlarus Brick
appliedenergistics2:item.ItemFacade:0, Cable Facade - Tartarite Brick
appliedenergistics2:item.ItemFacade:0, Cable Facade - Ignatius Ore
appliedenergistics2:item.ItemFacade:0, Cable Facade - Shadow Iron Ore
appliedenergistics2:item.ItemFacade:0, Cable Facade - Lemurite Ore
appliedenergistics2:item.ItemFacade:0, Cable Facade - Midasium Ore
appliedenergistics2:item.ItemFacade:0, Cable Facade - Vyroxeres Ore
appliedenergistics2:item.ItemFacade:0, Cable Facade - Ceruclase Ore
appliedenergistics2:item.ItemFacade:0, Cable Facade - Alduorite Ore
appliedenergistics2:item.ItemFacade:0, Cable Facade - Kalendrite Ore
appliedenergistics2:item.ItemFacade:0, Cable Facade - Vulcanite Ore
appliedenergistics2:item.ItemFacade:0, Cable Facade - Sanguinite Ore
appliedenergistics2:item.ItemFacade:0, Cable Facade - Ignatius Block
appliedenergistics2:item.ItemFacade:0, Cable Facade - Shadow Iron Block
appliedenergistics2:item.ItemFacade:0, Cable Facade - Lemurite Block
appliedenergistics2:item.ItemFacade:0, Cable Facade - Midasium Block
appliedenergistics2:item.ItemFacade:0, Cable Facade - Vyroxeres Block
appliedenergistics2:item.ItemFacade:0, Cable Facade - Ceruclase Block
appliedenergistics2:item.ItemFacade:0, Cable Facade - Alduorite Block
appliedenergistics2:item.ItemFacade:0, Cable Facade - Kalendrite Block
appliedenergistics2:item.ItemFacade:0, Cable Facade - Vulcanite Block
appliedenergistics2:item.ItemFacade:0, Cable Facade - Sanguinite Block
appliedenergistics2:item.ItemFacade:0, Cable Facade - Shadow Steel Block
appliedenergistics2:item.ItemFacade:0, Cable Facade - Inolashite Block
appliedenergistics2:item.ItemFacade:0, Cable Facade - Amordrine Block
appliedenergistics2:item.ItemFacade:0, Cable Facade - Ignatius Brick
appliedenergistics2:item.ItemFacade:0, Cable Facade - Shadow Iron Brick
appliedenergistics2:item.ItemFacade:0, Cable Facade - Lemurite Brick
appliedenergistics2:item.ItemFacade:0, Cable Facade - Midasium Brick
appliedenergistics2:item.ItemFacade:0, Cable Facade - Vyroxeres Brick
appliedenergistics2:item.ItemFacade:0, Cable Facade - Ceruclase Brick
appliedenergistics2:item.ItemFacade:0, Cable Facade - Alduorite Brick
appliedenergistics2:item.ItemFacade:0, Cable Facade - Kalendrite Brick
appliedenergistics2:item.ItemFacade:0, Cable Facade - Vulcanite Brick
appliedenergistics2:item.ItemFacade:0, Cable Facade - Sanguinite Brick
appliedenergistics2:item.ItemFacade:0, Cable Facade - Shadow Steel Brick
appliedenergistics2:item.ItemFacade:0, Cable Facade - Inolashite Brick
appliedenergistics2:item.ItemFacade:0, Cable Facade - Amordrine Brick
appliedenergistics2:item.ItemFacade:0, Cable Facade - Zinc Ore
appliedenergistics2:item.ItemFacade:0, Cable Facade - Silver Ore
appliedenergistics2:item.ItemFacade:0, Cable Facade - Platinum Ore
appliedenergistics2:item.ItemFacade:0, Cable Facade - Zinc Block
appliedenergistics2:item.ItemFacade:0, Cable Facade - Silver Block
appliedenergistics2:item.ItemFacade:0, Cable Facade - Platinum Block
appliedenergistics2:item.ItemFacade:0, Cable Facade - Brass Block
appliedenergistics2:item.ItemFacade:0, Cable Facade - Electrum Block
appliedenergistics2:item.ItemFacade:0, Cable Facade - Zinc Brick
appliedenergistics2:item.ItemFacade:0, Cable Facade - Silver Brick
appliedenergistics2:item.ItemFacade:0, Cable Facade - Platinum Brick
appliedenergistics2:item.ItemFacade:0, Cable Facade - Brass Brick
appliedenergistics2:item.ItemFacade:0, Cable Facade - Electrum Brick
appliedenergistics2:item.ItemFacade:0, Cable Facade - Sulfur Ore
appliedenergistics2:item.ItemFacade:0, Cable Facade - Phosphorite Ore
appliedenergistics2:item.ItemFacade:0, Cable Facade - Saltpeter Ore
appliedenergistics2:item.ItemFacade:0, Cable Facade - Magnesium Ore
appliedenergistics2:item.ItemFacade:0, Cable Facade - Bitumen Ore
appliedenergistics2:item.ItemFacade:0, Cable Facade - Potash Ore
appliedenergistics2:item.ItemFacade:0, Cable Facade - Sulfur Block
appliedenergistics2:item.ItemFacade:0, Cable Facade - Phosphorite Block
appliedenergistics2:item.ItemFacade:0, Cable Facade - Saltpeter Block
appliedenergistics2:item.ItemFacade:0, Cable Facade - Magnesium Block
appliedenergistics2:item.ItemFacade:0, Cable Facade - Bitumen Block
appliedenergistics2:item.ItemFacade:0, Cable Facade - Potash Block
appliedenergistics2:item.ItemFacade:0, Cable Facade - Gold Brick
appliedenergistics2:item.ItemFacade:0, Cable Facade - Iron Brick
appliedenergistics2:item.ItemFacade:0, Cable Facade - Block of Charcoal
appliedenergistics2:item.ItemFacade:0, Cable Facade - High Explosives
appliedenergistics2:item.ItemFacade:0, Cable Facade - Light Explosives
appliedenergistics2:item.ItemFacade:0, Cable Facade - Miners Explosives
appliedenergistics2:item.ItemFacade:0, Cable Facade - Death Explosives
appliedenergistics2:item.ItemFacade:0, Cable Facade - Precision Explosives
appliedenergistics2:item.ItemFacade:0, Cable Facade - tile.metallurgy.tab2.block.name
appliedenergistics2:item.ItemFacade:0, Cable Facade - Fairy Block
appliedenergistics2:item.ItemFacade:0, Cable Facade - Pokefennium Block
appliedenergistics2:item.ItemFacade:0, Cable Facade - RedAurum Block
appliedenergistics2:item.ItemFacade:0, Cable Facade - Endumium Ore
appliedenergistics2:item.ItemFacade:0, Cable Facade - Block of Endumium
appliedenergistics2:item.ItemFacade:0, Cable Facade - Machine Cube
appliedenergistics2:item.ItemFacade:0, Cable Facade - Raw Limestone
appliedenergistics2:item.ItemFacade:0, Cable Facade - Egg Washed Wall
appliedenergistics2:item.ItemFacade:0, Cable Facade - Egg Washed Brick
appliedenergistics2:item.ItemFacade:0, Cable Facade - Wootz Ore
appliedenergistics2:item.ItemFacade:0, Cable Facade - Form Table
appliedenergistics2:item.ItemFacade:0, Cable Facade - Stripped Oak Log
appliedenergistics2:item.ItemFacade:0, Cable Facade - Stripped Acacia Log
appliedenergistics2:item.ItemFacade:0, Cable Facade - Stripped Jungle Log
appliedenergistics2:item.ItemFacade:0, Cable Facade - Stripped Dark Oak Log
appliedenergistics2:item.ItemFacade:0, Cable Facade - Stripped Birch Log
appliedenergistics2:item.ItemFacade:0, Cable Facade - Stripped Spruce Log
appliedenergistics2:item.ItemFacade:0, Cable Facade - Block of Copper
appliedenergistics2:item.ItemFacade:0, Cable Facade - Block of Tin
appliedenergistics2:item.ItemFacade:0, Cable Facade - Block of Bronze
appliedenergistics2:item.ItemFacade:0, Cable Facade - Block of Electrum
appliedenergistics2:item.ItemFacade:0, Cable Facade - Block of Invar
appliedenergistics2:item.ItemFacade:0, Cable Facade - Block of Nickel
appliedenergistics2:item.ItemFacade:0, Cable Facade - Block of Zinc
appliedenergistics2:item.ItemFacade:0, Cable Facade - Block of Brass
appliedenergistics2:item.ItemFacade:0, Cable Facade - Block of Silver
appliedenergistics2:item.ItemFacade:0, Cable Facade - Block of Steel
appliedenergistics2:item.ItemFacade:0, Cable Facade - Block of Lead
appliedenergistics2:item.ItemFacade:0, Cable Facade - Block of Aluminum
appliedenergistics2:item.ItemFacade:0, Cable Facade - Block of Chromium
appliedenergistics2:item.ItemFacade:0, Cable Facade - Block of Platinum
appliedenergistics2:item.ItemFacade:0, Cable Facade - Block of Manganese
appliedenergistics2:item.ItemFacade:0, Cable Facade - Block of Titanium
appliedenergistics2:item.ItemFacade:0, Cable Facade - Block of Cupronickel
appliedenergistics2:item.ItemFacade:0, Cable Facade - Copper Ore
appliedenergistics2:item.ItemFacade:0, Cable Facade - Tin Ore
appliedenergistics2:item.ItemFacade:0, Cable Facade - Nickel Ore
appliedenergistics2:item.ItemFacade:0, Cable Facade - Zinc Ore
appliedenergistics2:item.ItemFacade:0, Cable Facade - Silver Ore
appliedenergistics2:item.ItemFacade:0, Cable Facade - Lead Ore
appliedenergistics2:item.ItemFacade:0, Cable Facade - Copper Ore
appliedenergistics2:item.ItemFacade:0, Cable Facade - Zinc Ore
appliedenergistics2:item.ItemFacade:0, Cable Facade - Block of Brass
appliedenergistics2:item.ItemFacade:0, Cable Facade - Block of Zinc
appliedenergistics2:item.ItemFacade:0, Cable Facade - Block of Copper
appliedenergistics2:item.ItemFacade:0, Cable Facade - Carving Table
appliedenergistics2:item.ItemFacade:0, Cable Facade - Curious Hive
appliedenergistics2:item.ItemFacade:0, Cable Facade - Unusual Hive
appliedenergistics2:item.ItemFacade:0, Cable Facade - Resonating Hive
appliedenergistics2:item.ItemFacade:0, Cable Facade - Magnaninous Log
appliedenergistics2:item.ItemFacade:0, Cable Facade - Magnanimous Planks
appliedenergistics2:item.ItemFacade:0, Cable Facade - Gossip Stone
appliedenergistics2:item.ItemFacade:0, Cable Facade - Block of Charm Alloy
appliedenergistics2:item.ItemFacade:0, Cable Facade - Block of Nether Alloy
appliedenergistics2:item.ItemFacade:0, Cable Facade - Block of Ender Alloy
appliedenergistics2:item.ItemFacade:0, Cable Facade - Block of Ancient Alloy
appliedenergistics2:item.ItemFacade:0, Cable Facade - Mega Bluestone Block
appliedenergistics2:item.ItemFacade:0, Cable Facade - Crystallium Ore
appliedenergistics2:item.ItemFacade:0, Cable Facade - Hellfire Ore
appliedenergistics2:item.ItemFacade:0, Cable Facade - Copper Bar Storage
appliedenergistics2:item.ItemFacade:0, Cable Facade - Tin Bar Storage
appliedenergistics2:item.ItemFacade:0, Cable Facade - Manganese Bar Storage
appliedenergistics2:item.ItemFacade:0, Cable Facade - Bronze Bar Storage
appliedenergistics2:item.ItemFacade:0, Cable Facade - Hepatizon Bar Storage
appliedenergistics2:item.ItemFacade:0, Cable Facade - Damascus Steel Bar Storage
appliedenergistics2:item.ItemFacade:0, Cable Facade - Angmallen Bar Storage
appliedenergistics2:item.ItemFacade:0, Cable Facade - Steel Bar Storage
appliedenergistics2:item.ItemFacade:0, Cable Facade - Copper Blank Plate
appliedenergistics2:item.ItemFacade:0, Cable Facade - Tin Blank Plate
appliedenergistics2:item.ItemFacade:0, Cable Facade - Manganese Blank Plate
appliedenergistics2:item.ItemFacade:0, Cable Facade - Bronze Blank Plate
appliedenergistics2:item.ItemFacade:0, Cable Facade - Hepatizon Blank Plate
appliedenergistics2:item.ItemFacade:0, Cable Facade - Damascus Steel Blank Plate
appliedenergistics2:item.ItemFacade:0, Cable Facade - Angmallen Blank Plate
appliedenergistics2:item.ItemFacade:0, Cable Facade - Steel Blank Plate
appliedenergistics2:item.ItemFacade:0, Cable Facade - Copper Circle Plate
appliedenergistics2:item.ItemFacade:0, Cable Facade - Tin Circle Plate
appliedenergistics2:item.ItemFacade:0, Cable Facade - Manganese Circle Plate
appliedenergistics2:item.ItemFacade:0, Cable Facade - Bronze Circle Plate
appliedenergistics2:item.ItemFacade:0, Cable Facade - Hepatizon Circle Plate
appliedenergistics2:item.ItemFacade:0, Cable Facade - Damascus Steel Circle Plate
appliedenergistics2:item.ItemFacade:0, Cable Facade - Angmallen Circle Plate
appliedenergistics2:item.ItemFacade:0, Cable Facade - Steel Circle Plate
appliedenergistics2:item.ItemFacade:0, Cable Facade - Copper Horizontal Pipes
appliedenergistics2:item.ItemFacade:0, Cable Facade - Tin Horizontal Pipes
appliedenergistics2:item.ItemFacade:0, Cable Facade - Manganese Horizontal Pipes
appliedenergistics2:item.ItemFacade:0, Cable Facade - Bronze Horizontal Pipes
appliedenergistics2:item.ItemFacade:0, Cable Facade - Hepatizon Horizontal Pipes
appliedenergistics2:item.ItemFacade:0, Cable Facade - Damascus Steel Horizontal Pipes
appliedenergistics2:item.ItemFacade:0, Cable Facade - Angmallen Horizontal Pipes
appliedenergistics2:item.ItemFacade:0, Cable Facade - Steel Horizontal Pipes
appliedenergistics2:item.ItemFacade:0, Cable Facade - Copper Horizontal Plate
appliedenergistics2:item.ItemFacade:0, Cable Facade - Tin Horizontal Plate
appliedenergistics2:item.ItemFacade:0, Cable Facade - Manganese Horizontal Plate
appliedenergistics2:item.ItemFacade:0, Cable Facade - Bronze Horizontal Plate
appliedenergistics2:item.ItemFacade:0, Cable Facade - Hepatizon Horizontal Plate
appliedenergistics2:item.ItemFacade:0, Cable Facade - Damascus Steel Horizontal Plate
appliedenergistics2:item.ItemFacade:0, Cable Facade - Angmallen Horizontal Plate
appliedenergistics2:item.ItemFacade:0, Cable Facade - Steel Horizontal Plate
appliedenergistics2:item.ItemFacade:0, Cable Facade - Copper Large Bricks
appliedenergistics2:item.ItemFacade:0, Cable Facade - Tin Large Bricks
appliedenergistics2:item.ItemFacade:0, Cable Facade - Manganese Large Bricks
appliedenergistics2:item.ItemFacade:0, Cable Facade - Bronze Large Bricks
appliedenergistics2:item.ItemFacade:0, Cable Facade - Hepatizon Large Bricks
appliedenergistics2:item.ItemFacade:0, Cable Facade - Damascus Steel Large Bricks
appliedenergistics2:item.ItemFacade:0, Cable Facade - Angmallen Large Bricks
appliedenergistics2:item.ItemFacade:0, Cable Facade - Steel Large Bricks
appliedenergistics2:item.ItemFacade:0, Cable Facade - Copper Ornate
appliedenergistics2:item.ItemFacade:0, Cable Facade - Tin Ornate
appliedenergistics2:item.ItemFacade:0, Cable Facade - Manganese Ornate
appliedenergistics2:item.ItemFacade:0, Cable Facade - Bronze Ornate
appliedenergistics2:item.ItemFacade:0, Cable Facade - Hepatizon Ornate
appliedenergistics2:item.ItemFacade:0, Cable Facade - Damascus Steel Ornate
appliedenergistics2:item.ItemFacade:0, Cable Facade - Angmallen Ornate
appliedenergistics2:item.ItemFacade:0, Cable Facade - Steel Ornate
appliedenergistics2:item.ItemFacade:0, Cable Facade - Copper Plate
appliedenergistics2:item.ItemFacade:0, Cable Facade - Tin Plate
appliedenergistics2:item.ItemFacade:0, Cable Facade - Manganese Plate
appliedenergistics2:item.ItemFacade:0, Cable Facade - Bronze Plate
appliedenergistics2:item.ItemFacade:0, Cable Facade - Hepatizon Plate
appliedenergistics2:item.ItemFacade:0, Cable Facade - Damascus Steel Plate
appliedenergistics2:item.ItemFacade:0, Cable Facade - Angmallen Plate
appliedenergistics2:item.ItemFacade:0, Cable Facade - Steel Plate
appliedenergistics2:item.ItemFacade:0, Cable Facade - Copper Quarter Plate
appliedenergistics2:item.ItemFacade:0, Cable Facade - Tin Quarter Plate
appliedenergistics2:item.ItemFacade:0, Cable Facade - Manganese Quarter Plate
appliedenergistics2:item.ItemFacade:0, Cable Facade - Bronze Quarter Plate
appliedenergistics2:item.ItemFacade:0, Cable Facade - Hepatizon Quarter Plate
appliedenergistics2:item.ItemFacade:0, Cable Facade - Damascus Steel Quarter Plate
appliedenergistics2:item.ItemFacade:0, Cable Facade - Angmallen Quarter Plate
appliedenergistics2:item.ItemFacade:0, Cable Facade - Steel Quarter Plate
appliedenergistics2:item.ItemFacade:0, Cable Facade - Copper Rune
appliedenergistics2:item.ItemFacade:0, Cable Facade - Tin Rune
appliedenergistics2:item.ItemFacade:0, Cable Facade - Manganese Rune
appliedenergistics2:item.ItemFacade:0, Cable Facade - Bronze Rune
appliedenergistics2:item.ItemFacade:0, Cable Facade - Hepatizon Rune
appliedenergistics2:item.ItemFacade:0, Cable Facade - Damascus Steel Rune
appliedenergistics2:item.ItemFacade:0, Cable Facade - Angmallen Rune
appliedenergistics2:item.ItemFacade:0, Cable Facade - Steel Rune
appliedenergistics2:item.ItemFacade:0, Cable Facade - Copper Small Bricks
appliedenergistics2:item.ItemFacade:0, Cable Facade - Tin Small Bricks
appliedenergistics2:item.ItemFacade:0, Cable Facade - Manganese Small Bricks
appliedenergistics2:item.ItemFacade:0, Cable Facade - Bronze Small Bricks
appliedenergistics2:item.ItemFacade:0, Cable Facade - Hepatizon Small Bricks
appliedenergistics2:item.ItemFacade:0, Cable Facade - Damascus Steel Small Bricks
appliedenergistics2:item.ItemFacade:0, Cable Facade - Angmallen Small Bricks
appliedenergistics2:item.ItemFacade:0, Cable Facade - Steel Small Bricks
appliedenergistics2:item.ItemFacade:0, Cable Facade - Copper Spiral
appliedenergistics2:item.ItemFacade:0, Cable Facade - Tin Spiral
appliedenergistics2:item.ItemFacade:0, Cable Facade - Manganese Spiral
appliedenergistics2:item.ItemFacade:0, Cable Facade - Bronze Spiral
appliedenergistics2:item.ItemFacade:0, Cable Facade - Hepatizon Spiral
appliedenergistics2:item.ItemFacade:0, Cable Facade - Damascus Steel Spiral
appliedenergistics2:item.ItemFacade:0, Cable Facade - Angmallen Spiral
appliedenergistics2:item.ItemFacade:0, Cable Facade - Steel Spiral
appliedenergistics2:item.ItemFacade:0, Cable Facade - Copper Vertical Pipes
appliedenergistics2:item.ItemFacade:0, Cable Facade - Tin Vertical Pipes
appliedenergistics2:item.ItemFacade:0, Cable Facade - Manganese Vertical Pipes
appliedenergistics2:item.ItemFacade:0, Cable Facade - Bronze Vertical Pipes
appliedenergistics2:item.ItemFacade:0, Cable Facade - Hepatizon Vertical Pipes
appliedenergistics2:item.ItemFacade:0, Cable Facade - Damascus Steel Vertical Pipes
appliedenergistics2:item.ItemFacade:0, Cable Facade - Angmallen Vertical Pipes
appliedenergistics2:item.ItemFacade:0, Cable Facade - Steel Vertical Pipes
appliedenergistics2:item.ItemFacade:0, Cable Facade - Copper Vertical Plate
appliedenergistics2:item.ItemFacade:0, Cable Facade - Tin Vertical Plate
appliedenergistics2:item.ItemFacade:0, Cable Facade - Manganese Vertical Plate
appliedenergistics2:item.ItemFacade:0, Cable Facade - Bronze Vertical Plate
appliedenergistics2:item.ItemFacade:0, Cable Facade - Hepatizon Vertical Plate
appliedenergistics2:item.ItemFacade:0, Cable Facade - Damascus Steel Vertical Plate
appliedenergistics2:item.ItemFacade:0, Cable Facade - Angmallen Vertical Plate
appliedenergistics2:item.ItemFacade:0, Cable Facade - Steel Vertical Plate
appliedenergistics2:item.ItemFacade:0, Cable Facade - Copper Warning
appliedenergistics2:item.ItemFacade:0, Cable Facade - Tin Warning
appliedenergistics2:item.ItemFacade:0, Cable Facade - Manganese Warning
appliedenergistics2:item.ItemFacade:0, Cable Facade - Bronze Warning
appliedenergistics2:item.ItemFacade:0, Cable Facade - Hepatizon Warning
appliedenergistics2:item.ItemFacade:0, Cable Facade - Damascus Steel Warning
appliedenergistics2:item.ItemFacade:0, Cable Facade - Angmallen Warning
appliedenergistics2:item.ItemFacade:0, Cable Facade - Steel Warning
appliedenergistics2:item.ItemFacade:0, Cable Facade - Eximite Bar Storage
appliedenergistics2:item.ItemFacade:0, Cable Facade - Meutoite Bar Storage
appliedenergistics2:item.ItemFacade:0, Cable Facade - Desichalkos Bar Storage
appliedenergistics2:item.ItemFacade:0, Cable Facade - Eximite Blank Plate
appliedenergistics2:item.ItemFacade:0, Cable Facade - Meutoite Blank Plate
appliedenergistics2:item.ItemFacade:0, Cable Facade - Desichalkos Blank Plate
appliedenergistics2:item.ItemFacade:0, Cable Facade - Eximite Circle Plate
appliedenergistics2:item.ItemFacade:0, Cable Facade - Meutoite Circle Plate
appliedenergistics2:item.ItemFacade:0, Cable Facade - Desichalkos Circle Plate
appliedenergistics2:item.ItemFacade:0, Cable Facade - Eximite Horizontal Pipes
appliedenergistics2:item.ItemFacade:0, Cable Facade - Meutoite Horizontal Pipes
appliedenergistics2:item.ItemFacade:0, Cable Facade - Desichalkos Horizontal Pipes
appliedenergistics2:item.ItemFacade:0, Cable Facade - Eximite Horizontal Plate
appliedenergistics2:item.ItemFacade:0, Cable Facade - Meutoite Horizontal Plate
appliedenergistics2:item.ItemFacade:0, Cable Facade - Desichalkos Horizontal Plate
appliedenergistics2:item.ItemFacade:0, Cable Facade - Eximite Large Bricks
appliedenergistics2:item.ItemFacade:0, Cable Facade - Meutoite Large Bricks
appliedenergistics2:item.ItemFacade:0, Cable Facade - Desichalkos Large Bricks
appliedenergistics2:item.ItemFacade:0, Cable Facade - Eximite Ornate
appliedenergistics2:item.ItemFacade:0, Cable Facade - Meutoite Ornate
appliedenergistics2:item.ItemFacade:0, Cable Facade - Desichalkos Ornate
appliedenergistics2:item.ItemFacade:0, Cable Facade - Eximite Plate
appliedenergistics2:item.ItemFacade:0, Cable Facade - Meutoite Plate
appliedenergistics2:item.ItemFacade:0, Cable Facade - Desichalkos Plate
appliedenergistics2:item.ItemFacade:0, Cable Facade - Eximite Quarter Plate
appliedenergistics2:item.ItemFacade:0, Cable Facade - Meutoite Quarter Plate
appliedenergistics2:item.ItemFacade:0, Cable Facade - Desichalkos Quarter Plate
appliedenergistics2:item.ItemFacade:0, Cable Facade - Eximite Rune
appliedenergistics2:item.ItemFacade:0, Cable Facade - Meutoite Rune
appliedenergistics2:item.ItemFacade:0, Cable Facade - Desichalkos Rune
appliedenergistics2:item.ItemFacade:0, Cable Facade - Eximite Small Bricks
appliedenergistics2:item.ItemFacade:0, Cable Facade - Meutoite Small Bricks
appliedenergistics2:item.ItemFacade:0, Cable Facade - Desichalkos Small Bricks
appliedenergistics2:item.ItemFacade:0, Cable Facade - Eximite Spiral
appliedenergistics2:item.ItemFacade:0, Cable Facade - Meutoite Spiral
appliedenergistics2:item.ItemFacade:0, Cable Facade - Desichalkos Spiral
appliedenergistics2:item.ItemFacade:0, Cable Facade - Eximite Vertical Pipes
appliedenergistics2:item.ItemFacade:0, Cable Facade - Meutoite Vertical Pipes
appliedenergistics2:item.ItemFacade:0, Cable Facade - Desichalkos Vertical Pipes
appliedenergistics2:item.ItemFacade:0, Cable Facade - Eximite Vertical Plate
appliedenergistics2:item.ItemFacade:0, Cable Facade - Meutoite Vertical Plate
appliedenergistics2:item.ItemFacade:0, Cable Facade - Desichalkos Vertical Plate
appliedenergistics2:item.ItemFacade:0, Cable Facade - Eximite Warning
appliedenergistics2:item.ItemFacade:0, Cable Facade - Meutoite Warning
appliedenergistics2:item.ItemFacade:0, Cable Facade - Desichalkos Warning
appliedenergistics2:item.ItemFacade:0, Cable Facade - Prometheum Bar Storage
appliedenergistics2:item.ItemFacade:0, Cable Facade - Deep Iron Bar Storage
appliedenergistics2:item.ItemFacade:0, Cable Facade - Infuscolium Bar Storage
appliedenergistics2:item.ItemFacade:0, Cable Facade - Black Steel Bar Storage
appliedenergistics2:item.ItemFacade:0, Cable Facade - Oureclase Bar Storage
appliedenergistics2:item.ItemFacade:0, Cable Facade - Astral Silver Bar Storage
appliedenergistics2:item.ItemFacade:0, Cable Facade - Carmot Bar Storage
appliedenergistics2:item.ItemFacade:0, Cable Facade - Mithril Bar Storage
appliedenergistics2:item.ItemFacade:0, Cable Facade - Rubracium Bar Storage
appliedenergistics2:item.ItemFacade:0, Cable Facade - Quicksilver Bar Storage
appliedenergistics2:item.ItemFacade:0, Cable Facade - Haderoth Bar Storage
appliedenergistics2:item.ItemFacade:0, Cable Facade - Orichalcum Bar Storage
appliedenergistics2:item.ItemFacade:0, Cable Facade - Celenegil Bar Storage
appliedenergistics2:item.ItemFacade:0, Cable Facade - Adamantine Bar Storage
appliedenergistics2:item.ItemFacade:0, Cable Facade - Atlarus Bar Storage
appliedenergistics2:item.ItemFacade:0, Cable Facade - Tartarite Bar Storage
appliedenergistics2:item.ItemFacade:0, Cable Facade - Prometheum Blank Plate
appliedenergistics2:item.ItemFacade:0, Cable Facade - Deep Iron Blank Plate
appliedenergistics2:item.ItemFacade:0, Cable Facade - Infuscolium Blank Plate
appliedenergistics2:item.ItemFacade:0, Cable Facade - Black Steel Blank Plate
appliedenergistics2:item.ItemFacade:0, Cable Facade - Oureclase Blank Plate
appliedenergistics2:item.ItemFacade:0, Cable Facade - Astral Silver Blank Plate
appliedenergistics2:item.ItemFacade:0, Cable Facade - Carmot Blank Plate
appliedenergistics2:item.ItemFacade:0, Cable Facade - Mithril Blank Plate
appliedenergistics2:item.ItemFacade:0, Cable Facade - Rubracium Blank Plate
appliedenergistics2:item.ItemFacade:0, Cable Facade - Quicksilver Blank Plate
appliedenergistics2:item.ItemFacade:0, Cable Facade - Haderoth Blank Plate
appliedenergistics2:item.ItemFacade:0, Cable Facade - Orichalcum Blank Plate
appliedenergistics2:item.ItemFacade:0, Cable Facade - Celenegil Blank Plate
appliedenergistics2:item.ItemFacade:0, Cable Facade - Adamantine Blank Plate
appliedenergistics2:item.ItemFacade:0, Cable Facade - Atlarus Blank Plate
appliedenergistics2:item.ItemFacade:0, Cable Facade - Tartarite Blank Plate
appliedenergistics2:item.ItemFacade:0, Cable Facade - Prometheum Circle Plate
appliedenergistics2:item.ItemFacade:0, Cable Facade - Deep Iron Circle Plate
appliedenergistics2:item.ItemFacade:0, Cable Facade - Infuscolium Circle Plate
appliedenergistics2:item.ItemFacade:0, Cable Facade - Black Steel Circle Plate
appliedenergistics2:item.ItemFacade:0, Cable Facade - Oureclase Circle Plate
appliedenergistics2:item.ItemFacade:0, Cable Facade - Astral Silver Circle Plate
appliedenergistics2:item.ItemFacade:0, Cable Facade - Carmot Circle Plate
appliedenergistics2:item.ItemFacade:0, Cable Facade - Mithril Circle Plate
appliedenergistics2:item.ItemFacade:0, Cable Facade - Rubracium Circle Plate
appliedenergistics2:item.ItemFacade:0, Cable Facade - Quicksilver Circle Plate
appliedenergistics2:item.ItemFacade:0, Cable Facade - Haderoth Circle Plate
appliedenergistics2:item.ItemFacade:0, Cable Facade - Orichalcum Circle Plate
appliedenergistics2:item.ItemFacade:0, Cable Facade - Celenegil Circle Plate
appliedenergistics2:item.ItemFacade:0, Cable Facade - Adamantine Circle Plate
appliedenergistics2:item.ItemFacade:0, Cable Facade - Atlarus Circle Plate
appliedenergistics2:item.ItemFacade:0, Cable Facade - Tartarite Circle Plate
appliedenergistics2:item.ItemFacade:0, Cable Facade - Prometheum Horizontal Pipes
appliedenergistics2:item.ItemFacade:0, Cable Facade - Deep Iron Horizontal Pipes
appliedenergistics2:item.ItemFacade:0, Cable Facade - Infuscolium Horizontal Pipes
appliedenergistics2:item.ItemFacade:0, Cable Facade - Black Steel Horizontal Pipes
appliedenergistics2:item.ItemFacade:0, Cable Facade - Oureclase Horizontal Pipes
appliedenergistics2:item.ItemFacade:0, Cable Facade - Astral Silver Horizontal Pipes
appliedenergistics2:item.ItemFacade:0, Cable Facade - Carmot Horizontal Pipes
appliedenergistics2:item.ItemFacade:0, Cable Facade - Mithril Horizontal Pipes
appliedenergistics2:item.ItemFacade:0, Cable Facade - Rubracium Horizontal Pipes
appliedenergistics2:item.ItemFacade:0, Cable Facade - Quicksilver Horizontal Pipes
appliedenergistics2:item.ItemFacade:0, Cable Facade - Haderoth Horizontal Pipes
appliedenergistics2:item.ItemFacade:0, Cable Facade - Orichalcum Horizontal Pipes
appliedenergistics2:item.ItemFacade:0, Cable Facade - Celenegil Horizontal Pipes
appliedenergistics2:item.ItemFacade:0, Cable Facade - Adamantine Horizontal Pipes
appliedenergistics2:item.ItemFacade:0, Cable Facade - Atlarus Horizontal Pipes
appliedenergistics2:item.ItemFacade:0, Cable Facade - Tartarite Horizontal Pipes
appliedenergistics2:item.ItemFacade:0, Cable Facade - Prometheum Horizontal Plate
appliedenergistics2:item.ItemFacade:0, Cable Facade - Deep Iron Horizontal Plate
appliedenergistics2:item.ItemFacade:0, Cable Facade - Infuscolium Horizontal Plate
appliedenergistics2:item.ItemFacade:0, Cable Facade - Black Steel Horizontal Plate
appliedenergistics2:item.ItemFacade:0, Cable Facade - Oureclase Horizontal Plate
appliedenergistics2:item.ItemFacade:0, Cable Facade - Astral Silver Horizontal Plate
appliedenergistics2:item.ItemFacade:0, Cable Facade - Carmot Horizontal Plate
appliedenergistics2:item.ItemFacade:0, Cable Facade - Mithril Horizontal Plate
appliedenergistics2:item.ItemFacade:0, Cable Facade - Rubracium Horizontal Plate
appliedenergistics2:item.ItemFacade:0, Cable Facade - Quicksilver Horizontal Plate
appliedenergistics2:item.ItemFacade:0, Cable Facade - Haderoth Horizontal Plate
appliedenergistics2:item.ItemFacade:0, Cable Facade - Orichalcum Horizontal Plate
appliedenergistics2:item.ItemFacade:0, Cable Facade - Celenegil Horizontal Plate
appliedenergistics2:item.ItemFacade:0, Cable Facade - Adamantine Horizontal Plate
appliedenergistics2:item.ItemFacade:0, Cable Facade - Atlarus Horizontal Plate
appliedenergistics2:item.ItemFacade:0, Cable Facade - Tartarite Horizontal Plate
appliedenergistics2:item.ItemFacade:0, Cable Facade - Prometheum Large Bricks
appliedenergistics2:item.ItemFacade:0, Cable Facade - Deep Iron Large Bricks
appliedenergistics2:item.ItemFacade:0, Cable Facade - Infuscolium Large Bricks
appliedenergistics2:item.ItemFacade:0, Cable Facade - Black Steel Large Bricks
appliedenergistics2:item.ItemFacade:0, Cable Facade - Oureclase Large Bricks
appliedenergistics2:item.ItemFacade:0, Cable Facade - Astral Silver Large Bricks
appliedenergistics2:item.ItemFacade:0, Cable Facade - Carmot Large Bricks
appliedenergistics2:item.ItemFacade:0, Cable Facade - Mithril Large Bricks
appliedenergistics2:item.ItemFacade:0, Cable Facade - Rubracium Large Bricks
appliedenergistics2:item.ItemFacade:0, Cable Facade - Quicksilver Large Bricks
appliedenergistics2:item.ItemFacade:0, Cable Facade - Haderoth Large Bricks
appliedenergistics2:item.ItemFacade:0, Cable Facade - Orichalcum Large Bricks
appliedenergistics2:item.ItemFacade:0, Cable Facade - Celenegil Large Bricks
appliedenergistics2:item.ItemFacade:0, Cable Facade - Adamantine Large Bricks
appliedenergistics2:item.ItemFacade:0, Cable Facade - Atlarus Large Bricks
appliedenergistics2:item.ItemFacade:0, Cable Facade - Tartarite Large Bricks
appliedenergistics2:item.ItemFacade:0, Cable Facade - Prometheum Ornate
appliedenergistics2:item.ItemFacade:0, Cable Facade - Deep Iron Ornate
appliedenergistics2:item.ItemFacade:0, Cable Facade - Infuscolium Ornate
appliedenergistics2:item.ItemFacade:0, Cable Facade - Black Steel Ornate
appliedenergistics2:item.ItemFacade:0, Cable Facade - Oureclase Ornate
appliedenergistics2:item.ItemFacade:0, Cable Facade - Astral Silver Ornate
appliedenergistics2:item.ItemFacade:0, Cable Facade - Carmot Ornate
appliedenergistics2:item.ItemFacade:0, Cable Facade - Mithril Ornate
appliedenergistics2:item.ItemFacade:0, Cable Facade - Rubracium Ornate
appliedenergistics2:item.ItemFacade:0, Cable Facade - Quicksilver Ornate
appliedenergistics2:item.ItemFacade:0, Cable Facade - Haderoth Ornate
appliedenergistics2:item.ItemFacade:0, Cable Facade - Orichalcum Ornate
appliedenergistics2:item.ItemFacade:0, Cable Facade - Celenegil Ornate
appliedenergistics2:item.ItemFacade:0, Cable Facade - Adamantine Ornate
appliedenergistics2:item.ItemFacade:0, Cable Facade - Atlarus Ornate
appliedenergistics2:item.ItemFacade:0, Cable Facade - Tartarite Ornate
appliedenergistics2:item.ItemFacade:0, Cable Facade - Prometheum Plate
appliedenergistics2:item.ItemFacade:0, Cable Facade - Deep Iron Plate
appliedenergistics2:item.ItemFacade:0, Cable Facade - Infuscolium Plate
appliedenergistics2:item.ItemFacade:0, Cable Facade - Black Steel Plate
appliedenergistics2:item.ItemFacade:0, Cable Facade - Oureclase Plate
appliedenergistics2:item.ItemFacade:0, Cable Facade - Astral Silver Plate
appliedenergistics2:item.ItemFacade:0, Cable Facade - Carmot Plate
appliedenergistics2:item.ItemFacade:0, Cable Facade - Mithril Plate
appliedenergistics2:item.ItemFacade:0, Cable Facade - Rubracium Plate
appliedenergistics2:item.ItemFacade:0, Cable Facade - Quicksilver Plate
appliedenergistics2:item.ItemFacade:0, Cable Facade - Haderoth Plate
appliedenergistics2:item.ItemFacade:0, Cable Facade - Orichalcum Plate
appliedenergistics2:item.ItemFacade:0, Cable Facade - Celenegil Plate
appliedenergistics2:item.ItemFacade:0, Cable Facade - Adamantine Plate
appliedenergistics2:item.ItemFacade:0, Cable Facade - Atlarus Plate
appliedenergistics2:item.ItemFacade:0, Cable Facade - Tartarite Plate
appliedenergistics2:item.ItemFacade:0, Cable Facade - Prometheum Quarter Plate
appliedenergistics2:item.ItemFacade:0, Cable Facade - Deep Iron Quarter Plate
appliedenergistics2:item.ItemFacade:0, Cable Facade - Infuscolium Quarter Plate
appliedenergistics2:item.ItemFacade:0, Cable Facade - Black Steel Quarter Plate
appliedenergistics2:item.ItemFacade:0, Cable Facade - Oureclase Quarter Plate
appliedenergistics2:item.ItemFacade:0, Cable Facade - Astral Silver Quarter Plate
appliedenergistics2:item.ItemFacade:0, Cable Facade - Carmot Quarter Plate
appliedenergistics2:item.ItemFacade:0, Cable Facade - Mithril Quarter Plate
appliedenergistics2:item.ItemFacade:0, Cable Facade - Rubracium Quarter Plate
appliedenergistics2:item.ItemFacade:0, Cable Facade - Quicksilver Quarter Plate
appliedenergistics2:item.ItemFacade:0, Cable Facade - Haderoth Quarter Plate
appliedenergistics2:item.ItemFacade:0, Cable Facade - Orichalcum Quarter Plate
appliedenergistics2:item.ItemFacade:0, Cable Facade - Celenegil Quarter Plate
appliedenergistics2:item.ItemFacade:0, Cable Facade - Adamantine Quarter Plate
appliedenergistics2:item.ItemFacade:0, Cable Facade - Atlarus Quarter Plate
appliedenergistics2:item.ItemFacade:0, Cable Facade - Tartarite Quarter Plate
appliedenergistics2:item.ItemFacade:0, Cable Facade - Prometheum Rune
appliedenergistics2:item.ItemFacade:0, Cable Facade - Deep Iron Rune
appliedenergistics2:item.ItemFacade:0, Cable Facade - Infuscolium Rune
appliedenergistics2:item.ItemFacade:0, Cable Facade - Black Steel Rune
appliedenergistics2:item.ItemFacade:0, Cable Facade - Oureclase Rune
appliedenergistics2:item.ItemFacade:0, Cable Facade - Astral Silver Rune
appliedenergistics2:item.ItemFacade:0, Cable Facade - Carmot Rune
appliedenergistics2:item.ItemFacade:0, Cable Facade - Mithril Rune
appliedenergistics2:item.ItemFacade:0, Cable Facade - Rubracium Rune
appliedenergistics2:item.ItemFacade:0, Cable Facade - Quicksilver Rune
appliedenergistics2:item.ItemFacade:0, Cable Facade - Haderoth Rune
appliedenergistics2:item.ItemFacade:0, Cable Facade - Orichalcum Rune
appliedenergistics2:item.ItemFacade:0, Cable Facade - Celenegil Rune
appliedenergistics2:item.ItemFacade:0, Cable Facade - Adamantine Rune
appliedenergistics2:item.ItemFacade:0, Cable Facade - Atlarus Rune
appliedenergistics2:item.ItemFacade:0, Cable Facade - Tartarite Rune
appliedenergistics2:item.ItemFacade:0, Cable Facade - Prometheum Small Bricks
appliedenergistics2:item.ItemFacade:0, Cable Facade - Deep Iron Small Bricks
appliedenergistics2:item.ItemFacade:0, Cable Facade - Infuscolium Small Bricks
appliedenergistics2:item.ItemFacade:0, Cable Facade - Black Steel Small Bricks
appliedenergistics2:item.ItemFacade:0, Cable Facade - Oureclase Small Bricks
appliedenergistics2:item.ItemFacade:0, Cable Facade - Astral Silver Small Bricks
appliedenergistics2:item.ItemFacade:0, Cable Facade - Carmot Small Bricks
appliedenergistics2:item.ItemFacade:0, Cable Facade - Mithril Small Bricks
appliedenergistics2:item.ItemFacade:0, Cable Facade - Rubracium Small Bricks
appliedenergistics2:item.ItemFacade:0, Cable Facade - Quicksilver Small Bricks
appliedenergistics2:item.ItemFacade:0, Cable Facade - Haderoth Small Bricks
appliedenergistics2:item.ItemFacade:0, Cable Facade - Orichalcum Small Bricks
appliedenergistics2:item.ItemFacade:0, Cable Facade - Celenegil Small Bricks
appliedenergistics2:item.ItemFacade:0, Cable Facade - Adamantine Small Bricks
appliedenergistics2:item.ItemFacade:0, Cable Facade - Atlarus Small Bricks
appliedenergistics2:item.ItemFacade:0, Cable Facade - Tartarite Small Bricks
appliedenergistics2:item.ItemFacade:0, Cable Facade - Prometheum Spiral
appliedenergistics2:item.ItemFacade:0, Cable Facade - Deep Iron Spiral
appliedenergistics2:item.ItemFacade:0, Cable Facade - Infuscolium Spiral
appliedenergistics2:item.ItemFacade:0, Cable Facade - Black Steel Spiral
appliedenergistics2:item.ItemFacade:0, Cable Facade - Oureclase Spiral
appliedenergistics2:item.ItemFacade:0, Cable Facade - Astral Silver Spiral
appliedenergistics2:item.ItemFacade:0, Cable Facade - Carmot Spiral
appliedenergistics2:item.ItemFacade:0, Cable Facade - Mithril Spiral
appliedenergistics2:item.ItemFacade:0, Cable Facade - Rubracium Spiral
appliedenergistics2:item.ItemFacade:0, Cable Facade - Quicksilver Spiral
appliedenergistics2:item.ItemFacade:0, Cable Facade - Haderoth Spiral
appliedenergistics2:item.ItemFacade:0, Cable Facade - Orichalcum Spiral
appliedenergistics2:item.ItemFacade:0, Cable Facade - Celenegil Spiral
appliedenergistics2:item.ItemFacade:0, Cable Facade - Adamantine Spiral
appliedenergistics2:item.ItemFacade:0, Cable Facade - Atlarus Spiral
appliedenergistics2:item.ItemFacade:0, Cable Facade - Tartarite Spiral
appliedenergistics2:item.ItemFacade:0, Cable Facade - Prometheum Vertical Pipes
appliedenergistics2:item.ItemFacade:0, Cable Facade - Deep Iron Vertical Pipes
appliedenergistics2:item.ItemFacade:0, Cable Facade - Infuscolium Vertical Pipes
appliedenergistics2:item.ItemFacade:0, Cable Facade - Black Steel Vertical Pipes
appliedenergistics2:item.ItemFacade:0, Cable Facade - Oureclase Vertical Pipes
appliedenergistics2:item.ItemFacade:0, Cable Facade - Astral Silver Vertical Pipes
appliedenergistics2:item.ItemFacade:0, Cable Facade - Carmot Vertical Pipes
appliedenergistics2:item.ItemFacade:0, Cable Facade - Mithril Vertical Pipes
appliedenergistics2:item.ItemFacade:0, Cable Facade - Rubracium Vertical Pipes
appliedenergistics2:item.ItemFacade:0, Cable Facade - Quicksilver Vertical Pipes
appliedenergistics2:item.ItemFacade:0, Cable Facade - Haderoth Vertical Pipes
appliedenergistics2:item.ItemFacade:0, Cable Facade - Orichalcum Vertical Pipes
appliedenergistics2:item.ItemFacade:0, Cable Facade - Celenegil Vertical Pipes
appliedenergistics2:item.ItemFacade:0, Cable Facade - Adamantine Vertical Pipes
appliedenergistics2:item.ItemFacade:0, Cable Facade - Atlarus Vertical Pipes
appliedenergistics2:item.ItemFacade:0, Cable Facade - Tartarite Vertical Pipes
appliedenergistics2:item.ItemFacade:0, Cable Facade - Prometheum Vertical Plate
appliedenergistics2:item.ItemFacade:0, Cable Facade - Deep Iron Vertical Plate
appliedenergistics2:item.ItemFacade:0, Cable Facade - Infuscolium Vertical Plate
appliedenergistics2:item.ItemFacade:0, Cable Facade - Black Steel Vertical Plate
appliedenergistics2:item.ItemFacade:0, Cable Facade - Oureclase Vertical Plate
appliedenergistics2:item.ItemFacade:0, Cable Facade - Astral Silver Vertical Plate
appliedenergistics2:item.ItemFacade:0, Cable Facade - Carmot Vertical Plate
appliedenergistics2:item.ItemFacade:0, Cable Facade - Mithril Vertical Plate
appliedenergistics2:item.ItemFacade:0, Cable Facade - Rubracium Vertical Plate
appliedenergistics2:item.ItemFacade:0, Cable Facade - Quicksilver Vertical Plate
appliedenergistics2:item.ItemFacade:0, Cable Facade - Haderoth Vertical Plate
appliedenergistics2:item.ItemFacade:0, Cable Facade - Orichalcum Vertical Plate
appliedenergistics2:item.ItemFacade:0, Cable Facade - Celenegil Vertical Plate
appliedenergistics2:item.ItemFacade:0, Cable Facade - Adamantine Vertical Plate
appliedenergistics2:item.ItemFacade:0, Cable Facade - Atlarus Vertical Plate
appliedenergistics2:item.ItemFacade:0, Cable Facade - Tartarite Vertical Plate
appliedenergistics2:item.ItemFacade:0, Cable Facade - Prometheum Warning
appliedenergistics2:item.ItemFacade:0, Cable Facade - Deep Iron Warning
appliedenergistics2:item.ItemFacade:0, Cable Facade - Infuscolium Warning
appliedenergistics2:item.ItemFacade:0, Cable Facade - Black Steel Warning
appliedenergistics2:item.ItemFacade:0, Cable Facade - Oureclase Warning
appliedenergistics2:item.ItemFacade:0, Cable Facade - Astral Silver Warning
appliedenergistics2:item.ItemFacade:0, Cable Facade - Carmot Warning
appliedenergistics2:item.ItemFacade:0, Cable Facade - Mithril Warning
appliedenergistics2:item.ItemFacade:0, Cable Facade - Rubracium Warning
appliedenergistics2:item.ItemFacade:0, Cable Facade - Quicksilver Warning
appliedenergistics2:item.ItemFacade:0, Cable Facade - Haderoth Warning
appliedenergistics2:item.ItemFacade:0, Cable Facade - Orichalcum Warning
appliedenergistics2:item.ItemFacade:0, Cable Facade - Celenegil Warning
appliedenergistics2:item.ItemFacade:0, Cable Facade - Adamantine Warning
appliedenergistics2:item.ItemFacade:0, Cable Facade - Atlarus Warning
appliedenergistics2:item.ItemFacade:0, Cable Facade - Tartarite Warning
appliedenergistics2:item.ItemFacade:0, Cable Facade - Ignatius Bar Storage
appliedenergistics2:item.ItemFacade:0, Cable Facade - Shadow Iron Bar Storage
appliedenergistics2:item.ItemFacade:0, Cable Facade - Lemurite Bar Storage
appliedenergistics2:item.ItemFacade:0, Cable Facade - Midasium Bar Storage
appliedenergistics2:item.ItemFacade:0, Cable Facade - Vyroxeres Bar Storage
appliedenergistics2:item.ItemFacade:0, Cable Facade - Ceruclase Bar Storage
appliedenergistics2:item.ItemFacade:0, Cable Facade - Alduorite Bar Storage
appliedenergistics2:item.ItemFacade:0, Cable Facade - Kalendrite Bar Storage
appliedenergistics2:item.ItemFacade:0, Cable Facade - Vulcanite Bar Storage
appliedenergistics2:item.ItemFacade:0, Cable Facade - Sanguinite Bar Storage
appliedenergistics2:item.ItemFacade:0, Cable Facade - Shadow Steel Bar Storage
appliedenergistics2:item.ItemFacade:0, Cable Facade - Inolashite Bar Storage
appliedenergistics2:item.ItemFacade:0, Cable Facade - Amordrine Bar Storage
appliedenergistics2:item.ItemFacade:0, Cable Facade - Ignatius Blank Plate
appliedenergistics2:item.ItemFacade:0, Cable Facade - Shadow Iron Blank Plate
appliedenergistics2:item.ItemFacade:0, Cable Facade - Lemurite Blank Plate
appliedenergistics2:item.ItemFacade:0, Cable Facade - Midasium Blank Plate
appliedenergistics2:item.ItemFacade:0, Cable Facade - Vyroxeres Blank Plate
appliedenergistics2:item.ItemFacade:0, Cable Facade - Ceruclase Blank Plate
appliedenergistics2:item.ItemFacade:0, Cable Facade - Alduorite Blank Plate
appliedenergistics2:item.ItemFacade:0, Cable Facade - Kalendrite Blank Plate
appliedenergistics2:item.ItemFacade:0, Cable Facade - Vulcanite Blank Plate
appliedenergistics2:item.ItemFacade:0, Cable Facade - Sanguinite Blank Plate
appliedenergistics2:item.ItemFacade:0, Cable Facade - Shadow Steel Blank Plate
appliedenergistics2:item.ItemFacade:0, Cable Facade - Inolashite Blank Plate
appliedenergistics2:item.ItemFacade:0, Cable Facade - Amordrine Blank Plate
appliedenergistics2:item.ItemFacade:0, Cable Facade - Ignatius Circle Plate
appliedenergistics2:item.ItemFacade:0, Cable Facade - Shadow Iron Circle Plate
appliedenergistics2:item.ItemFacade:0, Cable Facade - Lemurite Circle Plate
appliedenergistics2:item.ItemFacade:0, Cable Facade - Midasium Circle Plate
appliedenergistics2:item.ItemFacade:0, Cable Facade - Vyroxeres Circle Plate
appliedenergistics2:item.ItemFacade:0, Cable Facade - Ceruclase Circle Plate
appliedenergistics2:item.ItemFacade:0, Cable Facade - Alduorite Circle Plate
appliedenergistics2:item.ItemFacade:0, Cable Facade - Kalendrite Circle Plate
appliedenergistics2:item.ItemFacade:0, Cable Facade - Vulcanite Circle Plate
appliedenergistics2:item.ItemFacade:0, Cable Facade - Sanguinite Circle Plate
appliedenergistics2:item.ItemFacade:0, Cable Facade - Shadow Steel Circle Plate
appliedenergistics2:item.ItemFacade:0, Cable Facade - Inolashite Circle Plate
appliedenergistics2:item.ItemFacade:0, Cable Facade - Amordrine Circle Plate
appliedenergistics2:item.ItemFacade:0, Cable Facade - Ignatius Horizontal Pipes
appliedenergistics2:item.ItemFacade:0, Cable Facade - Shadow Iron Horizontal Pipes
appliedenergistics2:item.ItemFacade:0, Cable Facade - Lemurite Horizontal Pipes
appliedenergistics2:item.ItemFacade:0, Cable Facade - Midasium Horizontal Pipes
appliedenergistics2:item.ItemFacade:0, Cable Facade - Vyroxeres Horizontal Pipes
appliedenergistics2:item.ItemFacade:0, Cable Facade - Ceruclase Horizontal Pipes
appliedenergistics2:item.ItemFacade:0, Cable Facade - Alduorite Horizontal Pipes
appliedenergistics2:item.ItemFacade:0, Cable Facade - Kalendrite Horizontal Pipes
appliedenergistics2:item.ItemFacade:0, Cable Facade - Vulcanite Horizontal Pipes
appliedenergistics2:item.ItemFacade:0, Cable Facade - Sanguinite Horizontal Pipes
appliedenergistics2:item.ItemFacade:0, Cable Facade - Shadow Steel Horizontal Pipes
appliedenergistics2:item.ItemFacade:0, Cable Facade - Inolashite Horizontal Pipes
appliedenergistics2:item.ItemFacade:0, Cable Facade - Amordrine Horizontal Pipes
appliedenergistics2:item.ItemFacade:0, Cable Facade - Ignatius Horizontal Plate
appliedenergistics2:item.ItemFacade:0, Cable Facade - Shadow Iron Horizontal Plate
appliedenergistics2:item.ItemFacade:0, Cable Facade - Lemurite Horizontal Plate
appliedenergistics2:item.ItemFacade:0, Cable Facade - Midasium Horizontal Plate
appliedenergistics2:item.ItemFacade:0, Cable Facade - Vyroxeres Horizontal Plate
appliedenergistics2:item.ItemFacade:0, Cable Facade - Ceruclase Horizontal Plate
appliedenergistics2:item.ItemFacade:0, Cable Facade - Alduorite Horizontal Plate
appliedenergistics2:item.ItemFacade:0, Cable Facade - Kalendrite Horizontal Plate
appliedenergistics2:item.ItemFacade:0, Cable Facade - Vulcanite Horizontal Plate
appliedenergistics2:item.ItemFacade:0, Cable Facade - Sanguinite Horizontal Plate
appliedenergistics2:item.ItemFacade:0, Cable Facade - Shadow Steel Horizontal Plate
appliedenergistics2:item.ItemFacade:0, Cable Facade - Inolashite Horizontal Plate
appliedenergistics2:item.ItemFacade:0, Cable Facade - Amordrine Horizontal Plate
appliedenergistics2:item.ItemFacade:0, Cable Facade - Ignatius Large Bricks
appliedenergistics2:item.ItemFacade:0, Cable Facade - Shadow Iron Large Bricks
appliedenergistics2:item.ItemFacade:0, Cable Facade - Lemurite Large Bricks
appliedenergistics2:item.ItemFacade:0, Cable Facade - Midasium Large Bricks
appliedenergistics2:item.ItemFacade:0, Cable Facade - Vyroxeres Large Bricks
appliedenergistics2:item.ItemFacade:0, Cable Facade - Ceruclase Large Bricks
appliedenergistics2:item.ItemFacade:0, Cable Facade - Alduorite Large Bricks
appliedenergistics2:item.ItemFacade:0, Cable Facade - Kalendrite Large Bricks
appliedenergistics2:item.ItemFacade:0, Cable Facade - Vulcanite Large Bricks
appliedenergistics2:item.ItemFacade:0, Cable Facade - Sanguinite Large Bricks
appliedenergistics2:item.ItemFacade:0, Cable Facade - Shadow Steel Large Bricks
appliedenergistics2:item.ItemFacade:0, Cable Facade - Inolashite Large Bricks
appliedenergistics2:item.ItemFacade:0, Cable Facade - Amordrine Large Bricks
appliedenergistics2:item.ItemFacade:0, Cable Facade - Ignatius Ornate
appliedenergistics2:item.ItemFacade:0, Cable Facade - Shadow Iron Ornate
appliedenergistics2:item.ItemFacade:0, Cable Facade - Lemurite Ornate
appliedenergistics2:item.ItemFacade:0, Cable Facade - Midasium Ornate
appliedenergistics2:item.ItemFacade:0, Cable Facade - Vyroxeres Ornate
appliedenergistics2:item.ItemFacade:0, Cable Facade - Ceruclase Ornate
appliedenergistics2:item.ItemFacade:0, Cable Facade - Alduorite Ornate
appliedenergistics2:item.ItemFacade:0, Cable Facade - Kalendrite Ornate
appliedenergistics2:item.ItemFacade:0, Cable Facade - Vulcanite Ornate
appliedenergistics2:item.ItemFacade:0, Cable Facade - Sanguinite Ornate
appliedenergistics2:item.ItemFacade:0, Cable Facade - Shadow Steel Ornate
appliedenergistics2:item.ItemFacade:0, Cable Facade - Inolashite Ornate
appliedenergistics2:item.ItemFacade:0, Cable Facade - Amordrine Ornate
appliedenergistics2:item.ItemFacade:0, Cable Facade - Ignatius Plate
appliedenergistics2:item.ItemFacade:0, Cable Facade - Shadow Iron Plate
appliedenergistics2:item.ItemFacade:0, Cable Facade - Lemurite Plate
appliedenergistics2:item.ItemFacade:0, Cable Facade - Midasium Plate
appliedenergistics2:item.ItemFacade:0, Cable Facade - Vyroxeres Plate
appliedenergistics2:item.ItemFacade:0, Cable Facade - Ceruclase Plate
appliedenergistics2:item.ItemFacade:0, Cable Facade - Alduorite Plate
appliedenergistics2:item.ItemFacade:0, Cable Facade - Kalendrite Plate
appliedenergistics2:item.ItemFacade:0, Cable Facade - Vulcanite Plate
appliedenergistics2:item.ItemFacade:0, Cable Facade - Sanguinite Plate
appliedenergistics2:item.ItemFacade:0, Cable Facade - Shadow Steel Plate
appliedenergistics2:item.ItemFacade:0, Cable Facade - Inolashite Plate
appliedenergistics2:item.ItemFacade:0, Cable Facade - Amordrine Plate
appliedenergistics2:item.ItemFacade:0, Cable Facade - Ignatius Quarter Plate
appliedenergistics2:item.ItemFacade:0, Cable Facade - Shadow Iron Quarter Plate
appliedenergistics2:item.ItemFacade:0, Cable Facade - Lemurite Quarter Plate
appliedenergistics2:item.ItemFacade:0, Cable Facade - Midasium Quarter Plate
appliedenergistics2:item.ItemFacade:0, Cable Facade - Vyroxeres Quarter Plate
appliedenergistics2:item.ItemFacade:0, Cable Facade - Ceruclase Quarter Plate
appliedenergistics2:item.ItemFacade:0, Cable Facade - Alduorite Quarter Plate
appliedenergistics2:item.ItemFacade:0, Cable Facade - Kalendrite Quarter Plate
appliedenergistics2:item.ItemFacade:0, Cable Facade - Vulcanite Quarter Plate
appliedenergistics2:item.ItemFacade:0, Cable Facade - Sanguinite Quarter Plate
appliedenergistics2:item.ItemFacade:0, Cable Facade - Shadow Steel Quarter Plate
appliedenergistics2:item.ItemFacade:0, Cable Facade - Inolashite Quarter Plate
appliedenergistics2:item.ItemFacade:0, Cable Facade - Amordrine Quarter Plate
appliedenergistics2:item.ItemFacade:0, Cable Facade - Ignatius Rune
appliedenergistics2:item.ItemFacade:0, Cable Facade - Shadow Iron Rune
appliedenergistics2:item.ItemFacade:0, Cable Facade - Lemurite Rune
appliedenergistics2:item.ItemFacade:0, Cable Facade - Midasium Rune
appliedenergistics2:item.ItemFacade:0, Cable Facade - Vyroxeres Rune
appliedenergistics2:item.ItemFacade:0, Cable Facade - Ceruclase Rune
appliedenergistics2:item.ItemFacade:0, Cable Facade - Alduorite Rune
appliedenergistics2:item.ItemFacade:0, Cable Facade - Kalendrite Rune
appliedenergistics2:item.ItemFacade:0, Cable Facade - Vulcanite Rune
appliedenergistics2:item.ItemFacade:0, Cable Facade - Sanguinite Rune
appliedenergistics2:item.ItemFacade:0, Cable Facade - Shadow Steel Rune
appliedenergistics2:item.ItemFacade:0, Cable Facade - Inolashite Rune
appliedenergistics2:item.ItemFacade:0, Cable Facade - Amordrine Rune
appliedenergistics2:item.ItemFacade:0, Cable Facade - Ignatius Small Bricks
appliedenergistics2:item.ItemFacade:0, Cable Facade - Shadow Iron Small Bricks
appliedenergistics2:item.ItemFacade:0, Cable Facade - Lemurite Small Bricks
appliedenergistics2:item.ItemFacade:0, Cable Facade - Midasium Small Bricks
appliedenergistics2:item.ItemFacade:0, Cable Facade - Vyroxeres Small Bricks
appliedenergistics2:item.ItemFacade:0, Cable Facade - Ceruclase Small Bricks
appliedenergistics2:item.ItemFacade:0, Cable Facade - Alduorite Small Bricks
appliedenergistics2:item.ItemFacade:0, Cable Facade - Kalendrite Small Bricks
appliedenergistics2:item.ItemFacade:0, Cable Facade - Vulcanite Small Bricks
appliedenergistics2:item.ItemFacade:0, Cable Facade - Sanguinite Small Bricks
appliedenergistics2:item.ItemFacade:0, Cable Facade - Shadow Steel Small Bricks
appliedenergistics2:item.ItemFacade:0, Cable Facade - Inolashite Small Bricks
appliedenergistics2:item.ItemFacade:0, Cable Facade - Amordrine Small Bricks
appliedenergistics2:item.ItemFacade:0, Cable Facade - Ignatius Spiral
appliedenergistics2:item.ItemFacade:0, Cable Facade - Shadow Iron Spiral
appliedenergistics2:item.ItemFacade:0, Cable Facade - Lemurite Spiral
appliedenergistics2:item.ItemFacade:0, Cable Facade - Midasium Spiral
appliedenergistics2:item.ItemFacade:0, Cable Facade - Vyroxeres Spiral
appliedenergistics2:item.ItemFacade:0, Cable Facade - Ceruclase Spiral
appliedenergistics2:item.ItemFacade:0, Cable Facade - Alduorite Spiral
appliedenergistics2:item.ItemFacade:0, Cable Facade - Kalendrite Spiral
appliedenergistics2:item.ItemFacade:0, Cable Facade - Vulcanite Spiral
appliedenergistics2:item.ItemFacade:0, Cable Facade - Sanguinite Spiral
appliedenergistics2:item.ItemFacade:0, Cable Facade - Shadow Steel Spiral
appliedenergistics2:item.ItemFacade:0, Cable Facade - Inolashite Spiral
appliedenergistics2:item.ItemFacade:0, Cable Facade - Amordrine Spiral
appliedenergistics2:item.ItemFacade:0, Cable Facade - Ignatius Vertical Pipes
appliedenergistics2:item.ItemFacade:0, Cable Facade - Shadow Iron Vertical Pipes
appliedenergistics2:item.ItemFacade:0, Cable Facade - Lemurite Vertical Pipes
appliedenergistics2:item.ItemFacade:0, Cable Facade - Midasium Vertical Pipes
appliedenergistics2:item.ItemFacade:0, Cable Facade - Vyroxeres Vertical Pipes
appliedenergistics2:item.ItemFacade:0, Cable Facade - Ceruclase Vertical Pipes
appliedenergistics2:item.ItemFacade:0, Cable Facade - Alduorite Vertical Pipes
appliedenergistics2:item.ItemFacade:0, Cable Facade - Kalendrite Vertical Pipes
appliedenergistics2:item.ItemFacade:0, Cable Facade - Vulcanite Vertical Pipes
appliedenergistics2:item.ItemFacade:0, Cable Facade - Sanguinite Vertical Pipes
appliedenergistics2:item.ItemFacade:0, Cable Facade - Shadow Steel Vertical Pipes
appliedenergistics2:item.ItemFacade:0, Cable Facade - Inolashite Vertical Pipes
appliedenergistics2:item.ItemFacade:0, Cable Facade - Amordrine Vertical Pipes
appliedenergistics2:item.ItemFacade:0, Cable Facade - Ignatius Vertical Plate
appliedenergistics2:item.ItemFacade:0, Cable Facade - Shadow Iron Vertical Plate
appliedenergistics2:item.ItemFacade:0, Cable Facade - Lemurite Vertical Plate
appliedenergistics2:item.ItemFacade:0, Cable Facade - Midasium Vertical Plate
appliedenergistics2:item.ItemFacade:0, Cable Facade - Vyroxeres Vertical Plate
appliedenergistics2:item.ItemFacade:0, Cable Facade - Ceruclase Vertical Plate
appliedenergistics2:item.ItemFacade:0, Cable Facade - Alduorite Vertical Plate
appliedenergistics2:item.ItemFacade:0, Cable Facade - Kalendrite Vertical Plate
appliedenergistics2:item.ItemFacade:0, Cable Facade - Vulcanite Vertical Plate
appliedenergistics2:item.ItemFacade:0, Cable Facade - Sanguinite Vertical Plate
appliedenergistics2:item.ItemFacade:0, Cable Facade - Shadow Steel Vertical Plate
appliedenergistics2:item.ItemFacade:0, Cable Facade - Inolashite Vertical Plate
appliedenergistics2:item.ItemFacade:0, Cable Facade - Amordrine Vertical Plate
appliedenergistics2:item.ItemFacade:0, Cable Facade - Ignatius Warning
appliedenergistics2:item.ItemFacade:0, Cable Facade - Shadow Iron Warning
appliedenergistics2:item.ItemFacade:0, Cable Facade - Lemurite Warning
appliedenergistics2:item.ItemFacade:0, Cable Facade - Midasium Warning
appliedenergistics2:item.ItemFacade:0, Cable Facade - Vyroxeres Warning
appliedenergistics2:item.ItemFacade:0, Cable Facade - Ceruclase Warning
appliedenergistics2:item.ItemFacade:0, Cable Facade - Alduorite Warning
appliedenergistics2:item.ItemFacade:0, Cable Facade - Kalendrite Warning
appliedenergistics2:item.ItemFacade:0, Cable Facade - Vulcanite Warning
appliedenergistics2:item.ItemFacade:0, Cable Facade - Sanguinite Warning
appliedenergistics2:item.ItemFacade:0, Cable Facade - Shadow Steel Warning
appliedenergistics2:item.ItemFacade:0, Cable Facade - Inolashite Warning
appliedenergistics2:item.ItemFacade:0, Cable Facade - Amordrine Warning
appliedenergistics2:item.ItemFacade:0, Cable Facade - Zinc Bar Storage
appliedenergistics2:item.ItemFacade:0, Cable Facade - Silver Bar Storage
appliedenergistics2:item.ItemFacade:0, Cable Facade - Platinum Bar Storage
appliedenergistics2:item.ItemFacade:0, Cable Facade - Brass Bar Storage
appliedenergistics2:item.ItemFacade:0, Cable Facade - Electrum Bar Storage
appliedenergistics2:item.ItemFacade:0, Cable Facade - Zinc Blank Plate
appliedenergistics2:item.ItemFacade:0, Cable Facade - Silver Blank Plate
appliedenergistics2:item.ItemFacade:0, Cable Facade - Platinum Blank Plate
appliedenergistics2:item.ItemFacade:0, Cable Facade - Brass Blank Plate
appliedenergistics2:item.ItemFacade:0, Cable Facade - Electrum Blank Plate
appliedenergistics2:item.ItemFacade:0, Cable Facade - Zinc Circle Plate
appliedenergistics2:item.ItemFacade:0, Cable Facade - Silver Circle Plate
appliedenergistics2:item.ItemFacade:0, Cable Facade - Platinum Circle Plate
appliedenergistics2:item.ItemFacade:0, Cable Facade - Brass Circle Plate
appliedenergistics2:item.ItemFacade:0, Cable Facade - Electrum Circle Plate
appliedenergistics2:item.ItemFacade:0, Cable Facade - Zinc Horizontal Pipes
appliedenergistics2:item.ItemFacade:0, Cable Facade - Silver Horizontal Pipes
appliedenergistics2:item.ItemFacade:0, Cable Facade - Platinum Horizontal Pipes
appliedenergistics2:item.ItemFacade:0, Cable Facade - Brass Horizontal Pipes
appliedenergistics2:item.ItemFacade:0, Cable Facade - Electrum Horizontal Pipes
appliedenergistics2:item.ItemFacade:0, Cable Facade - Zinc Horizontal Plate
appliedenergistics2:item.ItemFacade:0, Cable Facade - Silver Horizontal Plate
appliedenergistics2:item.ItemFacade:0, Cable Facade - Platinum Horizontal Plate
appliedenergistics2:item.ItemFacade:0, Cable Facade - Brass Horizontal Plate
appliedenergistics2:item.ItemFacade:0, Cable Facade - Electrum Horizontal Plate
appliedenergistics2:item.ItemFacade:0, Cable Facade - Zinc Large Bricks
appliedenergistics2:item.ItemFacade:0, Cable Facade - Silver Large Bricks
appliedenergistics2:item.ItemFacade:0, Cable Facade - Platinum Large Bricks
appliedenergistics2:item.ItemFacade:0, Cable Facade - Brass Large Bricks
appliedenergistics2:item.ItemFacade:0, Cable Facade - Electrum Large Bricks
appliedenergistics2:item.ItemFacade:0, Cable Facade - Zinc Ornate
appliedenergistics2:item.ItemFacade:0, Cable Facade - Silver Ornate
appliedenergistics2:item.ItemFacade:0, Cable Facade - Platinum Ornate
appliedenergistics2:item.ItemFacade:0, Cable Facade - Brass Ornate
appliedenergistics2:item.ItemFacade:0, Cable Facade - Electrum Ornate
appliedenergistics2:item.ItemFacade:0, Cable Facade - Zinc Plate
appliedenergistics2:item.ItemFacade:0, Cable Facade - Silver Plate
appliedenergistics2:item.ItemFacade:0, Cable Facade - Platinum Plate
appliedenergistics2:item.ItemFacade:0, Cable Facade - Brass Plate
appliedenergistics2:item.ItemFacade:0, Cable Facade - Electrum Plate
appliedenergistics2:item.ItemFacade:0, Cable Facade - Zinc Quarter Plate
appliedenergistics2:item.ItemFacade:0, Cable Facade - Silver Quarter Plate
appliedenergistics2:item.ItemFacade:0, Cable Facade - Platinum Quarter Plate
appliedenergistics2:item.ItemFacade:0, Cable Facade - Brass Quarter Plate
appliedenergistics2:item.ItemFacade:0, Cable Facade - Electrum Quarter Plate
appliedenergistics2:item.ItemFacade:0, Cable Facade - Zinc Rune
appliedenergistics2:item.ItemFacade:0, Cable Facade - Silver Rune
appliedenergistics2:item.ItemFacade:0, Cable Facade - Platinum Rune
appliedenergistics2:item.ItemFacade:0, Cable Facade - Brass Rune
appliedenergistics2:item.ItemFacade:0, Cable Facade - Electrum Rune
appliedenergistics2:item.ItemFacade:0, Cable Facade - Zinc Small Bricks
appliedenergistics2:item.ItemFacade:0, Cable Facade - Silver Small Bricks
appliedenergistics2:item.ItemFacade:0, Cable Facade - Platinum Small Bricks
appliedenergistics2:item.ItemFacade:0, Cable Facade - Brass Small Bricks
appliedenergistics2:item.ItemFacade:0, Cable Facade - Electrum Small Bricks
appliedenergistics2:item.ItemFacade:0, Cable Facade - Zinc Spiral
appliedenergistics2:item.ItemFacade:0, Cable Facade - Silver Spiral
appliedenergistics2:item.ItemFacade:0, Cable Facade - Platinum Spiral
appliedenergistics2:item.ItemFacade:0, Cable Facade - Brass Spiral
appliedenergistics2:item.ItemFacade:0, Cable Facade - Electrum Spiral
appliedenergistics2:item.ItemFacade:0, Cable Facade - Zinc Vertical Pipes
appliedenergistics2:item.ItemFacade:0, Cable Facade - Silver Vertical Pipes
appliedenergistics2:item.ItemFacade:0, Cable Facade - Platinum Vertical Pipes
appliedenergistics2:item.ItemFacade:0, Cable Facade - Brass Vertical Pipes
appliedenergistics2:item.ItemFacade:0, Cable Facade - Electrum Vertical Pipes
appliedenergistics2:item.ItemFacade:0, Cable Facade - Zinc Vertical Plate
appliedenergistics2:item.ItemFacade:0, Cable Facade - Silver Vertical Plate
appliedenergistics2:item.ItemFacade:0, Cable Facade - Platinum Vertical Plate
appliedenergistics2:item.ItemFacade:0, Cable Facade - Brass Vertical Plate
appliedenergistics2:item.ItemFacade:0, Cable Facade - Electrum Vertical Plate
appliedenergistics2:item.ItemFacade:0, Cable Facade - Zinc Warning
appliedenergistics2:item.ItemFacade:0, Cable Facade - Silver Warning
appliedenergistics2:item.ItemFacade:0, Cable Facade - Platinum Warning
appliedenergistics2:item.ItemFacade:0, Cable Facade - Brass Warning
appliedenergistics2:item.ItemFacade:0, Cable Facade - Electrum Warning
appliedenergistics2:item.ItemFacade:0, Cable Facade - Andesite
appliedenergistics2:item.ItemFacade:0, Cable Facade - Polished Andesite
appliedenergistics2:item.ItemFacade:0, Cable Facade - Vesicular Basalt
appliedenergistics2:item.ItemFacade:0, Cable Facade - Polished Basalt
appliedenergistics2:item.ItemFacade:0, Cable Facade - Diorite
appliedenergistics2:item.ItemFacade:0, Cable Facade - Polished Diorite
appliedenergistics2:item.ItemFacade:0, Cable Facade - Granite
appliedenergistics2:item.ItemFacade:0, Cable Facade - Polished Granite
appliedenergistics2:item.ItemFacade:0, Cable Facade - Pumice
appliedenergistics2:item.ItemFacade:0, Cable Facade - Pumice Block
appliedenergistics2:item.ItemFacade:0, Cable Facade - Rhyolite
appliedenergistics2:item.ItemFacade:0, Cable Facade - Polished Rhyolite
appliedenergistics2:item.ItemFacade:0, Cable Facade - Pegmatite
appliedenergistics2:item.ItemFacade:0, Cable Facade - Polished Pegmatite
appliedenergistics2:item.ItemFacade:0, Cable Facade - Shale
appliedenergistics2:item.ItemFacade:0, Cable Facade - Polished Shale
appliedenergistics2:item.ItemFacade:0, Cable Facade - Shale Brick
appliedenergistics2:item.ItemFacade:0, Cable Facade - Conglomerate Stone
appliedenergistics2:item.ItemFacade:0, Cable Facade - Polished Conglomerate Block
appliedenergistics2:item.ItemFacade:0, Cable Facade - Dolomite
appliedenergistics2:item.ItemFacade:0, Cable Facade - Polished Dolomite
appliedenergistics2:item.ItemFacade:0, Cable Facade - Limestone
appliedenergistics2:item.ItemFacade:0, Cable Facade - Polished Limestone
appliedenergistics2:item.ItemFacade:0, Cable Facade - Limestone Brick
appliedenergistics2:item.ItemFacade:0, Cable Facade - Gypsum
appliedenergistics2:item.ItemFacade:0, Cable Facade - Chert
appliedenergistics2:item.ItemFacade:0, Cable Facade - Slate
appliedenergistics2:item.ItemFacade:0, Cable Facade - Polished Slate
appliedenergistics2:item.ItemFacade:0, Cable Facade - Slate Brick
appliedenergistics2:item.ItemFacade:0, Cable Facade - Schist
appliedenergistics2:item.ItemFacade:0, Cable Facade - Polished Schist
appliedenergistics2:item.ItemFacade:0, Cable Facade - Gneiss
appliedenergistics2:item.ItemFacade:0, Cable Facade - Polished Gneiss
appliedenergistics2:item.ItemFacade:0, Cable Facade - Sulfur
appliedenergistics2:item.ItemFacade:0, Cable Facade - Phosphorite
appliedenergistics2:item.ItemFacade:0, Cable Facade - Saltpeter
appliedenergistics2:item.ItemFacade:0, Cable Facade - Block of Shredded Wheat
appliedenergistics2:item.ItemFacade:0, Cable Facade - Block of Frosted Shredded Wheat
appliedenergistics2:item.ItemFacade:0, Cable Facade - Block of Sugar
appliedenergistics2:item.ItemFacade:0, Cable Facade - Mini-Wheat Workbench (I can't get it to work)
appliedenergistics2:item.ItemFacade:0, Cable Facade - Creative Tab Icon Block
appliedenergistics2:item.ItemFacade:0, Cable Facade - Electric Ore
appliedenergistics2:item.ItemFacade:0, Cable Facade - Dark Endstone
appliedenergistics2:item.ItemFacade:0, Cable Facade - Block of Steel
appliedenergistics2:item.ItemFacade:0, Cable Facade - tile.hey.name
appliedenergistics2:item.ItemFacade:0, Cable Facade - tile.nyan.name
appliedenergistics2:item.ItemFacade:0, Cable Facade - tile.pattern.name
appliedenergistics2:item.ItemFacade:0, Cable Facade - tile.yellowGlow.name
appliedenergistics2:item.ItemFacade:0, Cable Facade - tile.whiteGlass.name
appliedenergistics2:item.ItemFacade:0, Cable Facade - Reinforced Wooden Planks MK1
appliedenergistics2:item.ItemFacade:0, Cable Facade - Reinforced Wooden Planks MK2
appliedenergistics2:item.ItemFacade:0, Cable Facade - Reinforced Wooden Planks MK3
appliedenergistics2:item.ItemFacade:0, Cable Facade - Reinforced Cobblestone MK1
appliedenergistics2:item.ItemFacade:0, Cable Facade - Reinforced Cobblestone MK2
appliedenergistics2:item.ItemFacade:0, Cable Facade - Reinforced Cobblestone MK3
appliedenergistics2:item.ItemFacade:0, Cable Facade - Reinforced Iron Block MK1
appliedenergistics2:item.ItemFacade:0, Cable Facade - Reinforced Iron Block MK2
appliedenergistics2:item.ItemFacade:0, Cable Facade - Reinforced Iron Block MK3
appliedenergistics2:item.ItemFacade:0, Cable Facade - Reinforced Gold Block MK1
appliedenergistics2:item.ItemFacade:0, Cable Facade - Reinforced Gold Block MK2
appliedenergistics2:item.ItemFacade:0, Cable Facade - Reinforced Gold Block MK3
appliedenergistics2:item.ItemFacade:0, Cable Facade - Reinforced Diamond Block MK1
appliedenergistics2:item.ItemFacade:0, Cable Facade - Reinforced Diamond Block MK2
appliedenergistics2:item.ItemFacade:0, Cable Facade - Reinforced Diamond Block MK3
appliedenergistics2:item.ItemFacade:0, Cable Facade - White Panel
appliedenergistics2:item.ItemFacade:0, Cable Facade - Orange Panel
appliedenergistics2:item.ItemFacade:0, Cable Facade - Magenta Panel
appliedenergistics2:item.ItemFacade:0, Cable Facade - Light Blue Panel
appliedenergistics2:item.ItemFacade:0, Cable Facade - Yellow Panel
appliedenergistics2:item.ItemFacade:0, Cable Facade - Lime Panel
appliedenergistics2:item.ItemFacade:0, Cable Facade - Pink Panel
appliedenergistics2:item.ItemFacade:0, Cable Facade - Gray Panel
appliedenergistics2:item.ItemFacade:0, Cable Facade - Silver Panel
appliedenergistics2:item.ItemFacade:0, Cable Facade - Cyan Panel
appliedenergistics2:item.ItemFacade:0, Cable Facade - Purple Panel
appliedenergistics2:item.ItemFacade:0, Cable Facade - Blue Panel
appliedenergistics2:item.ItemFacade:0, Cable Facade - Brown Panel
appliedenergistics2:item.ItemFacade:0, Cable Facade - Green Panel
appliedenergistics2:item.ItemFacade:0, Cable Facade - Red Panel
appliedenergistics2:item.ItemFacade:0, Cable Facade - Black Panel
appliedenergistics2:item.ItemFacade:0, Cable Facade - White Stripe Panel
appliedenergistics2:item.ItemFacade:0, Cable Facade - Orange Stripe Panel
appliedenergistics2:item.ItemFacade:0, Cable Facade - Magenta Stripe Panel
appliedenergistics2:item.ItemFacade:0, Cable Facade - Light Blue Stripe Panel
appliedenergistics2:item.ItemFacade:0, Cable Facade - Yellow Stripe Panel
appliedenergistics2:item.ItemFacade:0, Cable Facade - Lime Stripe Panel
appliedenergistics2:item.ItemFacade:0, Cable Facade - Pink Stripe Panel
appliedenergistics2:item.ItemFacade:0, Cable Facade - Gray Stripe Panel
appliedenergistics2:item.ItemFacade:0, Cable Facade - Silver Stripe Panel
appliedenergistics2:item.ItemFacade:0, Cable Facade - Cyan Stripe Panel
appliedenergistics2:item.ItemFacade:0, Cable Facade - Purple Stripe Panel
appliedenergistics2:item.ItemFacade:0, Cable Facade - Blue Stripe Panel
appliedenergistics2:item.ItemFacade:0, Cable Facade - Brown Stripe Panel
appliedenergistics2:item.ItemFacade:0, Cable Facade - Green Stripe Panel
appliedenergistics2:item.ItemFacade:0, Cable Facade - Red Stripe Panel
appliedenergistics2:item.ItemFacade:0, Cable Facade - Black Stripe Panel
appliedenergistics2:item.ItemFacade:0, Cable Facade - White Spiral Tile
appliedenergistics2:item.ItemFacade:0, Cable Facade - Orange Spiral Tile
appliedenergistics2:item.ItemFacade:0, Cable Facade - Yellow Spiral Tile
appliedenergistics2:item.ItemFacade:0, Cable Facade - Gray Spiral Tile
appliedenergistics2:item.ItemFacade:0, Cable Facade - Silver Spiral Tile
appliedenergistics2:item.ItemFacade:0, Cable Facade - Cyan Spiral Tile
appliedenergistics2:item.ItemFacade:0, Cable Facade - Blue Spiral Tile
appliedenergistics2:item.ItemFacade:0, Cable Facade - Brown Spiral Tile
appliedenergistics2:item.ItemFacade:0, Cable Facade - Green Spiral Tile
appliedenergistics2:item.ItemFacade:0, Cable Facade - Red Spiral Tile
appliedenergistics2:item.ItemFacade:0, Cable Facade - Black Spiral Tile
appliedenergistics2:item.ItemFacade:0, Cable Facade - Light Color Mix Spiral Tile
appliedenergistics2:item.ItemFacade:0, Cable Facade - Dark Color Mix Spiral Tile
appliedenergistics2:item.ItemFacade:0, Cable Facade - Red Mix Spiral Tile
appliedenergistics2:item.ItemFacade:0, Cable Facade - Green Mix Spiral Tile
appliedenergistics2:item.ItemFacade:0, Cable Facade - Blue Mix Spiral Tile
appliedenergistics2:item.ItemFacade:0, Cable Facade - White Grid Tile
appliedenergistics2:item.ItemFacade:0, Cable Facade - Orange Grid Tile
appliedenergistics2:item.ItemFacade:0, Cable Facade - Yellow Grid Tile
appliedenergistics2:item.ItemFacade:0, Cable Facade - Gray Grid Tile
appliedenergistics2:item.ItemFacade:0, Cable Facade - Silver Grid Tile
appliedenergistics2:item.ItemFacade:0, Cable Facade - Cyan Grid Tile
appliedenergistics2:item.ItemFacade:0, Cable Facade - Blue Grid Tile
appliedenergistics2:item.ItemFacade:0, Cable Facade - Brown Grid Tile
appliedenergistics2:item.ItemFacade:0, Cable Facade - Green Grid Tile
appliedenergistics2:item.ItemFacade:0, Cable Facade - Red Grid Tile
appliedenergistics2:item.ItemFacade:0, Cable Facade - Black Grid Tile
appliedenergistics2:item.ItemFacade:0, Cable Facade - Light Color Mix Grid Tile
appliedenergistics2:item.ItemFacade:0, Cable Facade - Dark Color Mix Grid Tile
appliedenergistics2:item.ItemFacade:0, Cable Facade - Red Mix Grid Tile
appliedenergistics2:item.ItemFacade:0, Cable Facade - Green Mix Grid Tile
appliedenergistics2:item.ItemFacade:0, Cable Facade - Blue Mix Grid Tile
appliedenergistics2:item.ItemFacade:0, Cable Facade - White Square Tile
appliedenergistics2:item.ItemFacade:0, Cable Facade - Orange Square Tile
appliedenergistics2:item.ItemFacade:0, Cable Facade - Yellow Square Tile
appliedenergistics2:item.ItemFacade:0, Cable Facade - Gray Square Tile
appliedenergistics2:item.ItemFacade:0, Cable Facade - Silver Square Tile
appliedenergistics2:item.ItemFacade:0, Cable Facade - Cyan Square Tile
appliedenergistics2:item.ItemFacade:0, Cable Facade - Blue Square Tile
appliedenergistics2:item.ItemFacade:0, Cable Facade - Brown Square Tile
appliedenergistics2:item.ItemFacade:0, Cable Facade - Green Square Tile
appliedenergistics2:item.ItemFacade:0, Cable Facade - Red Square Tile
appliedenergistics2:item.ItemFacade:0, Cable Facade - Black Square Tile
appliedenergistics2:item.ItemFacade:0, Cable Facade - Light Color Mix Square Tile
appliedenergistics2:item.ItemFacade:0, Cable Facade - Dark Color Mix Square Tile
appliedenergistics2:item.ItemFacade:0, Cable Facade - Red Mix Square Tile
appliedenergistics2:item.ItemFacade:0, Cable Facade - Green Mix Square Tile
appliedenergistics2:item.ItemFacade:0, Cable Facade - Blue Mix Square Tile
appliedenergistics2:item.ItemFacade:0, Cable Facade - White Random Tile
appliedenergistics2:item.ItemFacade:0, Cable Facade - Orange Random Tile
appliedenergistics2:item.ItemFacade:0, Cable Facade - Yellow Random Tile
appliedenergistics2:item.ItemFacade:0, Cable Facade - Gray Random Tile
appliedenergistics2:item.ItemFacade:0, Cable Facade - Silver Random Tile
appliedenergistics2:item.ItemFacade:0, Cable Facade - Cyan Random Tile
appliedenergistics2:item.ItemFacade:0, Cable Facade - Blue Random Tile
appliedenergistics2:item.ItemFacade:0, Cable Facade - Brown Random Tile
appliedenergistics2:item.ItemFacade:0, Cable Facade - Green Random Tile
appliedenergistics2:item.ItemFacade:0, Cable Facade - Red Random Tile
appliedenergistics2:item.ItemFacade:0, Cable Facade - Black Random Tile
appliedenergistics2:item.ItemFacade:0, Cable Facade - Light Color Mix Random Tile
appliedenergistics2:item.ItemFacade:0, Cable Facade - Dark Color Mix Random Tile
appliedenergistics2:item.ItemFacade:0, Cable Facade - Red Mix Random Tile
appliedenergistics2:item.ItemFacade:0, Cable Facade - Green Mix Random Tile
appliedenergistics2:item.ItemFacade:0, Cable Facade - Blue Mix Random Tile
appliedenergistics2:item.ItemFacade:0, Cable Facade - Elevator
appliedenergistics2:item.ItemFacade:0, Cable Facade - Hint 1 dot
appliedenergistics2:item.ItemFacade:0, Cable Facade - Hint 2 dots
appliedenergistics2:item.ItemFacade:0, Cable Facade - Hint 3 dots
appliedenergistics2:item.ItemFacade:0, Cable Facade - Hint 4 dots
appliedenergistics2:item.ItemFacade:0, Cable Facade - Hint 5 dots
appliedenergistics2:item.ItemFacade:0, Cable Facade - Hint 6 dots
appliedenergistics2:item.ItemFacade:0, Cable Facade - Hint 7 dots
appliedenergistics2:item.ItemFacade:0, Cable Facade - Hint 8 dots
appliedenergistics2:item.ItemFacade:0, Cable Facade - Hint 9 dots
appliedenergistics2:item.ItemFacade:0, Cable Facade - Hint 10 dots
appliedenergistics2:item.ItemFacade:0, Cable Facade - Hint 11 dots
appliedenergistics2:item.ItemFacade:0, Cable Facade - Hint 12 dots
appliedenergistics2:item.ItemFacade:0, Cable Facade - Hint general
appliedenergistics2:item.ItemFacade:0, Cable Facade - Hint air
appliedenergistics2:item.ItemFacade:0, Cable Facade - Hint no air
appliedenergistics2:item.ItemFacade:0, Cable Facade - Hint error
appliedenergistics2:item.ItemFacade:0, Cable Facade - Rotten Flesh Cube
appliedenergistics2:item.ItemFacade:0, Cable Facade - Titandia
appliedenergistics2:item.ItemFacade:0, Cable Facade - Bluradien Ore
appliedenergistics2:item.ItemFacade:0, Cable Facade - Bluradien Ore
appliedenergistics2:item.ItemFacade:0, Cable Facade - Bluradien Ore
appliedenergistics2:item.ItemCrystalSeed:0, Certus Quartz Seed
appliedenergistics2:item.ItemCrystalSeed:600, Nether Quartz Seed
appliedenergistics2:item.ItemCrystalSeed:1200, Fluix Seed
appliedenergistics2:item.ItemCrystalSeed:0, Certus Quartz Seed
appliedenergistics2:item.ItemCrystalSeed:600, Nether Quartz Seed
appliedenergistics2:item.ItemCrystalSeed:1200, Fluix Seed
appliedenergistics2:item.ItemCrystalSeed:0, Certus Quartz Seed
appliedenergistics2:item.ItemCrystalSeed:600, Nether Quartz Seed
appliedenergistics2:item.ItemCrystalSeed:1200, Fluix Seed
appliedenergistics2:item.ItemEncodedPattern, Encoded Pattern
appliedenergistics2:item.ToolColorApplicator, Color Applicator
appliedenergistics2:item.ItemPaintBall:0, Paint Ball - White
appliedenergistics2:item.ItemPaintBall:1, Paint Ball - Orange
appliedenergistics2:item.ItemPaintBall:2, Paint Ball - Magenta
appliedenergistics2:item.ItemPaintBall:3, Paint Ball - Light Blue
appliedenergistics2:item.ItemPaintBall:4, Paint Ball - Yellow
appliedenergistics2:item.ItemPaintBall:5, Paint Ball - Lime
appliedenergistics2:item.ItemPaintBall:6, Paint Ball - Pink
appliedenergistics2:item.ItemPaintBall:7, Paint Ball - Gray
appliedenergistics2:item.ItemPaintBall:8, Paint Ball - Light Gray
appliedenergistics2:item.ItemPaintBall:9, Paint Ball - Cyan
appliedenergistics2:item.ItemPaintBall:10, Paint Ball - Purple
appliedenergistics2:item.ItemPaintBall:11, Paint Ball - Blue
appliedenergistics2:item.ItemPaintBall:12, Paint Ball - Brown
appliedenergistics2:item.ItemPaintBall:13, Paint Ball - Green
appliedenergistics2:item.ItemPaintBall:14, Paint Ball - Red
appliedenergistics2:item.ItemPaintBall:15, Paint Ball - Black
appliedenergistics2:item.ItemPaintBall:20, Paint Ball - Lumen White
appliedenergistics2:item.ItemPaintBall:21, Paint Ball - Lumen Orange
appliedenergistics2:item.ItemPaintBall:22, Paint Ball - Lumen Magenta
appliedenergistics2:item.ItemPaintBall:23, Paint Ball - Lumen Light Blue
appliedenergistics2:item.ItemPaintBall:24, Paint Ball - Lumen Yellow
appliedenergistics2:item.ItemPaintBall:25, Paint Ball - Lumen Lime
appliedenergistics2:item.ItemPaintBall:26, Paint Ball - Lumen Pink
appliedenergistics2:item.ItemPaintBall:27, Paint Ball - Lumen Gray
appliedenergistics2:item.ItemPaintBall:28, Paint Ball - Lumen Light Gray
appliedenergistics2:item.ItemPaintBall:29, Paint Ball - Lumen Cyan
appliedenergistics2:item.ItemPaintBall:30, Paint Ball - Lumen Purple
appliedenergistics2:item.ItemPaintBall:31, Paint Ball - Lumen Blue
appliedenergistics2:item.ItemPaintBall:32, Paint Ball - Lumen Brown
appliedenergistics2:item.ItemPaintBall:33, Paint Ball - Lumen Green
appliedenergistics2:item.ItemPaintBall:34, Paint Ball - Lumen Red
appliedenergistics2:item.ItemPaintBall:35, Paint Ball - Lumen Black
appliedenergistics2:item.ItemMultiMaterial:28, Advanced Card
appliedenergistics2:item.ItemMultiMaterial:44, Annihilation Core
appliedenergistics2:item.ItemMultiMaterial:25, Basic Card
appliedenergistics2:item.ItemMultiMaterial:52, Blank Pattern
appliedenergistics2:item.ItemMultiMaterial:23, Calculation Processor
appliedenergistics2:item.ItemMultiMaterial:13, Inscriber Calculation Press
appliedenergistics2:item.ItemMultiMaterial:16, Printed Calculation Circuit
appliedenergistics2:item.ItemMultiMaterial:63, Advanced Blocking Card
appliedenergistics2:item.ItemMultiMaterial:27, Capacity Card
appliedenergistics2:item.ItemMultiMaterial:53, Crafting Card
appliedenergistics2:item.ItemMultiMaterial:29, Fuzzy Card
appliedenergistics2:item.ItemMultiMaterial:31, Inverter Card
appliedenergistics2:item.ItemMultiMaterial:55, Oredictionary Filter Card
appliedenergistics2:item.ItemMultiMaterial:54, Pattern Capacity Card
appliedenergistics2:item.ItemMultiMaterial:62, Pattern Refiller Card
appliedenergistics2:item.ItemMultiMaterial:26, Redstone Card
appliedenergistics2:item.ItemMultiMaterial:30, Acceleration Card
appliedenergistics2:item.ItemMultiMaterial:56, Hyper-Acceleration Card
appliedenergistics2:item.ItemMultiMaterial:58, 1024k ME Storage Component
appliedenergistics2:item.ItemMultiMaterial:34, 128³ Spatial Component
appliedenergistics2:item.ItemMultiMaterial:60, 16384k ME Storage Component
appliedenergistics2:item.ItemMultiMaterial:33, 16³ Spatial Component
appliedenergistics2:item.ItemMultiMaterial:37, 16k ME Storage Component
appliedenergistics2:item.ItemMultiMaterial:35, 1k ME Storage Component
appliedenergistics2:item.ItemMultiMaterial:57, 256k ME Storage Component
appliedenergistics2:item.ItemMultiMaterial:32, 2³ Spatial Component
appliedenergistics2:item.ItemMultiMaterial:59, 4096k ME Storage Component
appliedenergistics2:item.ItemMultiMaterial:36, 4k ME Storage Component
appliedenergistics2:item.ItemMultiMaterial:38, 64k ME Storage Component
appliedenergistics2:item.ItemMultiMaterial:0, Certus Quartz Crystal
appliedenergistics2:item.ItemMultiMaterial:1, Charged Certus Quartz Crystal
appliedenergistics2:item.ItemMultiMaterial:2, Certus Quartz Dust
appliedenergistics2:item.ItemMultiMaterial:61, ME Advanced Storage Housing
appliedenergistics2:item.ItemMultiMaterial:39, ME Storage Housing
appliedenergistics2:item.ItemMultiMaterial:24, Engineering Processor
appliedenergistics2:item.ItemMultiMaterial:14, Inscriber Engineering Press
appliedenergistics2:item.ItemMultiMaterial:17, Printed Engineering Circuit
appliedenergistics2:item.ItemMultiMaterial:4, Flour
appliedenergistics2:item.ItemMultiMaterial:7, Fluix Crystal
appliedenergistics2:item.ItemMultiMaterial:8, Fluix Dust
appliedenergistics2:item.ItemMultiMaterial:9, Fluix Pearl
appliedenergistics2:item.ItemMultiMaterial:43, Formation Core
appliedenergistics2:item.ItemMultiMaterial:22, Logic Processor
appliedenergistics2:item.ItemMultiMaterial:15, Inscriber Logic Press
appliedenergistics2:item.ItemMultiMaterial:18, Printed Logic Circuit
appliedenergistics2:item.ItemMultiMaterial:6, Matter Ball
appliedenergistics2:item.ItemMultiMaterial:21, Inscriber Name Press
appliedenergistics2:item.ItemMultiMaterial:3, Nether Quartz Dust
appliedenergistics2:item.ItemMultiMaterial:10, Pure Certus Quartz Crystal
appliedenergistics2:item.ItemMultiMaterial:12, Pure Fluix Crystal
appliedenergistics2:item.ItemMultiMaterial:11, Pure Nether Quartz Crystal
appliedenergistics2:item.ItemMultiMaterial:48, Quantum Entangled Singularity
appliedenergistics2:item.ItemMultiMaterial:19, Inscriber Silicon Press
appliedenergistics2:item.ItemMultiMaterial:20, Printed Silicon
appliedenergistics2:item.ItemMultiMaterial:47, Singularity
appliedenergistics2:item.ItemMultiMaterial:45, Sky Stone Dust
appliedenergistics2:item.ItemMultiMaterial:41, Wireless Receiver
appliedenergistics2:item.ItemMultiMaterial:42, Wireless Booster
appliedenergistics2:item.ItemMultiPart:300, ME Annihilation Plane
appliedenergistics2:item.ItemMultiPart:120, Cable Anchor
appliedenergistics2:item.ItemMultiPart:20, ME Covered Cable - White
appliedenergistics2:item.ItemMultiPart:21, ME Covered Cable - Orange
appliedenergistics2:item.ItemMultiPart:22, ME Covered Cable - Magenta
appliedenergistics2:item.ItemMultiPart:23, ME Covered Cable - Light Blue
appliedenergistics2:item.ItemMultiPart:24, ME Covered Cable - Yellow
appliedenergistics2:item.ItemMultiPart:25, ME Covered Cable - Lime
appliedenergistics2:item.ItemMultiPart:26, ME Covered Cable - Pink
appliedenergistics2:item.ItemMultiPart:27, ME Covered Cable - Gray
appliedenergistics2:item.ItemMultiPart:28, ME Covered Cable - Light Gray
appliedenergistics2:item.ItemMultiPart:29, ME Covered Cable - Cyan
appliedenergistics2:item.ItemMultiPart:30, ME Covered Cable - Purple
appliedenergistics2:item.ItemMultiPart:31, ME Covered Cable - Blue
appliedenergistics2:item.ItemMultiPart:32, ME Covered Cable - Brown
appliedenergistics2:item.ItemMultiPart:33, ME Covered Cable - Green
appliedenergistics2:item.ItemMultiPart:34, ME Covered Cable - Red
appliedenergistics2:item.ItemMultiPart:35, ME Covered Cable - Black
appliedenergistics2:item.ItemMultiPart:36, ME Covered Cable - Fluix
appliedenergistics2:item.ItemMultiPart:60, ME Dense Smart Cable - White
appliedenergistics2:item.ItemMultiPart:61, ME Dense Smart Cable - Orange
appliedenergistics2:item.ItemMultiPart:62, ME Dense Smart Cable - Magenta
appliedenergistics2:item.ItemMultiPart:63, ME Dense Smart Cable - Light Blue
appliedenergistics2:item.ItemMultiPart:64, ME Dense Smart Cable - Yellow
appliedenergistics2:item.ItemMultiPart:65, ME Dense Smart Cable - Lime
appliedenergistics2:item.ItemMultiPart:66, ME Dense Smart Cable - Pink
appliedenergistics2:item.ItemMultiPart:67, ME Dense Smart Cable - Gray
appliedenergistics2:item.ItemMultiPart:68, ME Dense Smart Cable - Light Gray
appliedenergistics2:item.ItemMultiPart:69, ME Dense Smart Cable - Cyan
appliedenergistics2:item.ItemMultiPart:70, ME Dense Smart Cable - Purple
appliedenergistics2:item.ItemMultiPart:71, ME Dense Smart Cable - Blue
appliedenergistics2:item.ItemMultiPart:72, ME Dense Smart Cable - Brown
appliedenergistics2:item.ItemMultiPart:73, ME Dense Smart Cable - Green
appliedenergistics2:item.ItemMultiPart:74, ME Dense Smart Cable - Red
appliedenergistics2:item.ItemMultiPart:75, ME Dense Smart Cable - Black
appliedenergistics2:item.ItemMultiPart:76, ME Dense Smart Cable - Fluix
appliedenergistics2:item.ItemMultiPart:520, ME Dense Covered Cable - White
appliedenergistics2:item.ItemMultiPart:521, ME Dense Covered Cable - Orange
appliedenergistics2:item.ItemMultiPart:522, ME Dense Covered Cable - Magenta
appliedenergistics2:item.ItemMultiPart:523, ME Dense Covered Cable - Light Blue
appliedenergistics2:item.ItemMultiPart:524, ME Dense Covered Cable - Yellow
appliedenergistics2:item.ItemMultiPart:525, ME Dense Covered Cable - Lime
appliedenergistics2:item.ItemMultiPart:526, ME Dense Covered Cable - Pink
appliedenergistics2:item.ItemMultiPart:527, ME Dense Covered Cable - Gray
appliedenergistics2:item.ItemMultiPart:528, ME Dense Covered Cable - Light Gray
appliedenergistics2:item.ItemMultiPart:529, ME Dense Covered Cable - Cyan
appliedenergistics2:item.ItemMultiPart:530, ME Dense Covered Cable - Purple
appliedenergistics2:item.ItemMultiPart:531, ME Dense Covered Cable - Blue
appliedenergistics2:item.ItemMultiPart:532, ME Dense Covered Cable - Brown
appliedenergistics2:item.ItemMultiPart:533, ME Dense Covered Cable - Green
appliedenergistics2:item.ItemMultiPart:534, ME Dense Covered Cable - Red
appliedenergistics2:item.ItemMultiPart:535, ME Dense Covered Cable - Black
appliedenergistics2:item.ItemMultiPart:536, ME Dense Covered Cable - Fluix
appliedenergistics2:item.ItemMultiPart:0, ME Glass Cable - White
appliedenergistics2:item.ItemMultiPart:1, ME Glass Cable - Orange
appliedenergistics2:item.ItemMultiPart:2, ME Glass Cable - Magenta
appliedenergistics2:item.ItemMultiPart:3, ME Glass Cable - Light Blue
appliedenergistics2:item.ItemMultiPart:4, ME Glass Cable - Yellow
appliedenergistics2:item.ItemMultiPart:5, ME Glass Cable - Lime
appliedenergistics2:item.ItemMultiPart:6, ME Glass Cable - Pink
appliedenergistics2:item.ItemMultiPart:7, ME Glass Cable - Gray
appliedenergistics2:item.ItemMultiPart:8, ME Glass Cable - Light Gray
appliedenergistics2:item.ItemMultiPart:9, ME Glass Cable - Cyan
appliedenergistics2:item.ItemMultiPart:10, ME Glass Cable - Purple
appliedenergistics2:item.ItemMultiPart:11, ME Glass Cable - Blue
appliedenergistics2:item.ItemMultiPart:12, ME Glass Cable - Brown
appliedenergistics2:item.ItemMultiPart:13, ME Glass Cable - Green
appliedenergistics2:item.ItemMultiPart:14, ME Glass Cable - Red
appliedenergistics2:item.ItemMultiPart:15, ME Glass Cable - Black
appliedenergistics2:item.ItemMultiPart:16, ME Glass Cable - Fluix
appliedenergistics2:item.ItemMultiPart:40, ME Smart Cable - White
appliedenergistics2:item.ItemMultiPart:41, ME Smart Cable - Orange
appliedenergistics2:item.ItemMultiPart:42, ME Smart Cable - Magenta
appliedenergistics2:item.ItemMultiPart:43, ME Smart Cable - Light Blue
appliedenergistics2:item.ItemMultiPart:44, ME Smart Cable - Yellow
appliedenergistics2:item.ItemMultiPart:45, ME Smart Cable - Lime
appliedenergistics2:item.ItemMultiPart:46, ME Smart Cable - Pink
appliedenergistics2:item.ItemMultiPart:47, ME Smart Cable - Gray
appliedenergistics2:item.ItemMultiPart:48, ME Smart Cable - Light Gray
appliedenergistics2:item.ItemMultiPart:49, ME Smart Cable - Cyan
appliedenergistics2:item.ItemMultiPart:50, ME Smart Cable - Purple
appliedenergistics2:item.ItemMultiPart:51, ME Smart Cable - Blue
appliedenergistics2:item.ItemMultiPart:52, ME Smart Cable - Brown
appliedenergistics2:item.ItemMultiPart:53, ME Smart Cable - Green
appliedenergistics2:item.ItemMultiPart:54, ME Smart Cable - Red
appliedenergistics2:item.ItemMultiPart:55, ME Smart Cable - Black
appliedenergistics2:item.ItemMultiPart:56, ME Smart Cable - Fluix
appliedenergistics2:item.ItemMultiPart:540, ME Backbone Covered Cable - White
appliedenergistics2:item.ItemMultiPart:541, ME Backbone Covered Cable - Orange
appliedenergistics2:item.ItemMultiPart:542, ME Backbone Covered Cable - Magenta
appliedenergistics2:item.ItemMultiPart:543, ME Backbone Covered Cable - Light Blue
appliedenergistics2:item.ItemMultiPart:544, ME Backbone Covered Cable - Yellow
appliedenergistics2:item.ItemMultiPart:545, ME Backbone Covered Cable - Lime
appliedenergistics2:item.ItemMultiPart:546, ME Backbone Covered Cable - Pink
appliedenergistics2:item.ItemMultiPart:547, ME Backbone Covered Cable - Gray
appliedenergistics2:item.ItemMultiPart:548, ME Backbone Covered Cable - Light Gray
appliedenergistics2:item.ItemMultiPart:549, ME Backbone Covered Cable - Cyan
appliedenergistics2:item.ItemMultiPart:550, ME Backbone Covered Cable - Purple
appliedenergistics2:item.ItemMultiPart:551, ME Backbone Covered Cable - Blue
appliedenergistics2:item.ItemMultiPart:552, ME Backbone Covered Cable - Brown
appliedenergistics2:item.ItemMultiPart:553, ME Backbone Covered Cable - Green
appliedenergistics2:item.ItemMultiPart:554, ME Backbone Covered Cable - Red
appliedenergistics2:item.ItemMultiPart:555, ME Backbone Covered Cable - Black
appliedenergistics2:item.ItemMultiPart:556, ME Backbone Covered Cable - Fluix
appliedenergistics2:item.ItemMultiPart:560, ME Backbone Smart Cable - White
appliedenergistics2:item.ItemMultiPart:561, ME Backbone Smart Cable - Orange
appliedenergistics2:item.ItemMultiPart:562, ME Backbone Smart Cable - Magenta
appliedenergistics2:item.ItemMultiPart:563, ME Backbone Smart Cable - Light Blue
appliedenergistics2:item.ItemMultiPart:564, ME Backbone Smart Cable - Yellow
appliedenergistics2:item.ItemMultiPart:565, ME Backbone Smart Cable - Lime
appliedenergistics2:item.ItemMultiPart:566, ME Backbone Smart Cable - Pink
appliedenergistics2:item.ItemMultiPart:567, ME Backbone Smart Cable - Gray
appliedenergistics2:item.ItemMultiPart:568, ME Backbone Smart Cable - Light Gray
appliedenergistics2:item.ItemMultiPart:569, ME Backbone Smart Cable - Cyan
appliedenergistics2:item.ItemMultiPart:570, ME Backbone Smart Cable - Purple
appliedenergistics2:item.ItemMultiPart:571, ME Backbone Smart Cable - Blue
appliedenergistics2:item.ItemMultiPart:572, ME Backbone Smart Cable - Brown
appliedenergistics2:item.ItemMultiPart:573, ME Backbone Smart Cable - Green
appliedenergistics2:item.ItemMultiPart:574, ME Backbone Smart Cable - Red
appliedenergistics2:item.ItemMultiPart:575, ME Backbone Smart Cable - Black
appliedenergistics2:item.ItemMultiPart:576, ME Backbone Smart Cable - Fluix
appliedenergistics2:item.ItemMultiPart:420, ME Conversion Monitor
appliedenergistics2:item.ItemMultiPart:360, ME Crafting Terminal
appliedenergistics2:item.ItemMultiPart:200, Dark Illuminated Panel
appliedenergistics2:item.ItemMultiPart:260, ME Export Bus
appliedenergistics2:item.ItemMultiPart:320, ME Formation Plane
appliedenergistics2:item.ItemMultiPart:301, ME Identity Annihilation Plane
appliedenergistics2:item.ItemMultiPart:240, ME Import Bus
appliedenergistics2:item.ItemMultiPart:440, ME Interface
appliedenergistics2:item.ItemMultiPart:480, ME Interface Terminal
appliedenergistics2:item.ItemMultiPart:100, ME Inverted Toggle Bus
appliedenergistics2:item.ItemMultiPart:280, ME Level Emitter
appliedenergistics2:item.ItemMultiPart:160, Bright Illuminated Panel
appliedenergistics2:item.ItemMultiPart:465, P2P Tunnel - EU
appliedenergistics2:item.ItemMultiPart:471, P2P Tunnel - ME Interface
appliedenergistics2:item.ItemMultiPart:462, P2P Tunnel - Item
appliedenergistics2:item.ItemMultiPart:467, P2P Tunnel - Light
appliedenergistics2:item.ItemMultiPart:463, P2P Tunnel - Fluid
appliedenergistics2:item.ItemMultiPart:460, P2P Tunnel - ME
appliedenergistics2:item.ItemMultiPart:466, P2P Tunnel - RF
appliedenergistics2:item.ItemMultiPart:461, P2P Tunnel - Redstone
appliedenergistics2:item.ItemMultiPart:340, ME Pattern Terminal
appliedenergistics2:item.ItemMultiPart:500, ME Processing Pattern Terminal
appliedenergistics2:item.ItemMultiPart:140, Quartz Fiber
appliedenergistics2:item.ItemMultiPart:180, Illuminated Panel
appliedenergistics2:item.ItemMultiPart:220, ME Storage Bus
appliedenergistics2:item.ItemMultiPart:400, ME Storage Monitor
appliedenergistics2:item.ItemMultiPart:380, ME Terminal
appliedenergistics2:item.ItemMultiPart:80, ME Toggle Bus
ComputerCraft:disk:0, Floppy Disk
ComputerCraft:diskExpanded:0, Floppy Disk
ComputerCraft:diskExpanded:0, Floppy Disk
ComputerCraft:diskExpanded:0, Floppy Disk
ComputerCraft:diskExpanded:0, Floppy Disk
ComputerCraft:diskExpanded:0, Floppy Disk
ComputerCraft:diskExpanded:0, Floppy Disk
ComputerCraft:diskExpanded:0, Floppy Disk
ComputerCraft:diskExpanded:0, Floppy Disk
ComputerCraft:diskExpanded:0, Floppy Disk
ComputerCraft:diskExpanded:0, Floppy Disk
ComputerCraft:diskExpanded:0, Floppy Disk
ComputerCraft:diskExpanded:0, Floppy Disk
ComputerCraft:diskExpanded:0, Floppy Disk
ComputerCraft:diskExpanded:0, Floppy Disk
ComputerCraft:diskExpanded:0, Floppy Disk
ComputerCraft:printout:0, Printed Page
ComputerCraft:printout:1, Printed Pages
ComputerCraft:printout:2, Printed Book
ComputerCraft:pocketComputer:0, Pocket Computer
ComputerCraft:pocketComputer:0, Wireless Pocket Computer
ComputerCraft:pocketComputer:1, Advanced Pocket Computer
ComputerCraft:pocketComputer:1, Advanced Wireless Pocket Computer
IC2:itemHarz, ic2.itemHarz.name
IC2:itemRubber, ic2.itemRubber.name
IC2:itemFluidCell, ic2.itemFluidCell.name
IC2:itemupgradekit:0, ic2.itemMFSUupgradekit
IC2:itemRecipePart:0, ic2.itemPartCoil
IC2:itemRecipePart:1, ic2.itemPartEleMotor
IC2:itemRecipePart:2, ic2.itempowerunit
IC2:itemRecipePart:3, ic2.itempowerunitsmall
IC2:itemRecipePart:4, ic2.itemrawcrystalmemory
IC2:itemRecipePart:5, ic2.itemheatconductor
IC2:itemRecipePart:6, ic2.itemcopperboiler
IC2:itemRecipePart:7, ic2.itemwoodrotorblade
IC2:itemRecipePart:8, ic2.itemironrotorblade
IC2:itemRecipePart:9, ic2.itemcarbonrotorblade
IC2:itemRecipePart:10, ic2.itemsteelrotorblade
IC2:itemRecipePart:11, ic2.itemironshaft
IC2:itemRecipePart:12, ic2.itemsteelshaft
IC2:itemCasing:0, ic2.itemCasingCopper
IC2:itemCasing:1, ic2.itemCasingTin
IC2:itemCasing:2, ic2.itemCasingBronze
IC2:itemCasing:3, ic2.itemCasingGold
IC2:itemCasing:4, ic2.itemCasingIron
IC2:itemCasing:5, ic2.itemCasingAdvIron
IC2:itemCasing:6, ic2.itemCasingLead
IC2:itemCrushedOre:0, ic2.itemCrushedIronOre
IC2:itemCrushedOre:1, ic2.itemCrushedCopperOre
IC2:itemCrushedOre:2, ic2.itemCrushedGoldOre
IC2:itemCrushedOre:3, ic2.itemCrushedTinOre
IC2:itemCrushedOre:4, ic2.itemCrushedUranOre
IC2:itemCrushedOre:5, ic2.itemCrushedSilverOre
IC2:itemCrushedOre:6, ic2.itemCrushedLeadOre
IC2:itemPurifiedCrushedOre:0, ic2.itemPurifiedCrushedIronOre
IC2:itemPurifiedCrushedOre:1, ic2.itemPurifiedCrushedCopperOre
IC2:itemPurifiedCrushedOre:2, ic2.itemPurifiedCrushedGoldOre
IC2:itemPurifiedCrushedOre:3, ic2.itemPurifiedCrushedTinOre
IC2:itemPurifiedCrushedOre:4, ic2.itemPurifiedCrushedUranOre
IC2:itemPurifiedCrushedOre:5, ic2.itemPurifiedCrushedSilverOre
IC2:itemPurifiedCrushedOre:6, ic2.itemPurifiedCrushedLeadOre
IC2:itemPlates:0, ic2.itemPlateCopper
IC2:itemPlates:1, ic2.itemPlateTin
IC2:itemPlates:2, ic2.itemPlateBronze
IC2:itemPlates:3, ic2.itemPlateGold
IC2:itemPlates:4, ic2.itemPlateIron
IC2:itemPlates:5, ic2.itemPlateAdvIron
IC2:itemPlates:6, ic2.itemPlateLead
IC2:itemPlates:7, ic2.itemPlateObsidian
IC2:itemPlates:8, ic2.itemPlateLapi
IC2:itemDensePlates:0, ic2.itemDensePlateCopper
IC2:itemDensePlates:1, ic2.itemDensePlateTin
IC2:itemDensePlates:2, ic2.itemDensePlateBronze
IC2:itemDensePlates:3, ic2.itemDensePlateGold
IC2:itemDensePlates:4, ic2.itemDensePlateIron
IC2:itemDensePlates:5, ic2.itemDensePlateAdvIron
IC2:itemDensePlates:6, ic2.itemDensePlateLead
IC2:itemDensePlates:7, ic2.itemDensePlateObsidian
IC2:itemDensePlates:8, ic2.itemDensePlateLapi
IC2:itemTurningBlanks:349525, ic2.itemTurningBlanksIRON
IC2:itemTurningBlanksWood:209715, ic2.itemTurningBlanksWOOD
IC2:itemDustSmall:0, ic2.itemDustIronSmall
IC2:itemDustSmall:1, ic2.itemDustCopperSmall
IC2:itemDustSmall:2, ic2.itemDustGoldSmall
IC2:itemDustSmall:3, ic2.itemDustTinSmall
IC2:itemDustSmall:4, ic2.itemDustSilverSmall
IC2:itemDustSmall:5, ic2.itemDustLeadSmall
IC2:itemDustSmall:6, ic2.itemDustSulfurSmall
IC2:itemDustSmall:7, ic2.itemDustLithiumSmall
IC2:itemDustSmall:8, ic2.itemDustBronzeSmall
IC2:itemDustSmall:9, ic2.itemDustLapiSmall
IC2:itemDustSmall:10, ic2.itemDustObsidianSmall
IC2:itemDust:0, ic2.itemDustBronze
IC2:itemDust:1, ic2.itemDustClay
IC2:itemDust:2, ic2.itemDustCoal
IC2:itemDust:3, ic2.itemDustCopper
IC2:itemDust:4, ic2.itemDustGold
IC2:itemDust:5, ic2.itemDustIron
IC2:itemDust:6, ic2.itemDustSilver
IC2:itemDust:7, ic2.itemDustTin
IC2:itemDust:8, ic2.itemFuelCoalDust
IC2:itemDust:9, ic2.itemDustStone
IC2:itemDust:10, ic2.itemDustLead
IC2:itemDust:11, ic2.itemDustObsidian
IC2:itemDust:12, ic2.itemDustLapi
IC2:itemDust:13, ic2.itemDustSulfur
IC2:itemDust:14, ic2.itemDustLithium
IC2:itemDust2:0, ic2.itemDustsilicondioxide
IC2:itemDust2:1, ic2.itemDustdiamond
IC2:itemDust2:2, ic2.itemDustenergium
IC2:itemDust2:3, ic2.itemAshes
IC2:itemIngot:0, ic2.itemIngotCopper
IC2:itemIngot:1, ic2.itemIngotTin
IC2:itemIngot:2, ic2.itemIngotBronze
IC2:itemIngot:3, ic2.itemIngotAdvIron
IC2:itemIngot:4, ic2.itemIngotAlloy
IC2:itemIngot:5, ic2.itemIngotLead
IC2:itemIngot:6, ic2.itemIngotSilver
IC2:reactorLithiumCell, ic2.reactorLithiumCell.name
IC2:itemTritiumCell, ic2.itemTritiumCell.name
IC2:itemUran, ic2.itemUran.name
IC2:itemMOX, ic2.itemMOX.name
IC2:itemPlutonium, ic2.itemPlutonium.name
IC2:itemPlutoniumSmall, ic2.itemPlutoniumSmall.name
IC2:itemUran235, ic2.itemUran235.name
IC2:itemUran235small, ic2.itemUran235small.name
IC2:itemUran238, ic2.itemUran238.name
IC2:itemFuelRod, ic2.itemFuelRod.name
IC2:itemRTGPellet, ic2.itemRTGPellet.name
IC2:itemPartCircuit, ic2.itemPartCircuit.name
IC2:itemPartCircuitAdv, ic2.itemPartCircuitAdv.name
IC2:itemPartAlloy, ic2.itemPartAlloy.name
IC2:itemPartCarbonFibre, ic2.itemPartCarbonFibre.name
IC2:itemPartCarbonMesh, ic2.itemPartCarbonMesh.name
IC2:itemPartCarbonPlate, ic2.itemPartCarbonPlate.name
IC2:itemOreIridium, ic2.itemOreIridium.name
IC2:itemPartIridium, ic2.itemPartIridium.name
IC2:itemShardIridium, ic2.itemShardIridium.name
IC2:itemTreetap, ic2.itemTreetap.name
IC2:itemToolBronzePickaxe, ic2.itemToolBronzePickaxe.name
IC2:itemToolBronzeAxe, ic2.itemToolBronzeAxe.name
IC2:itemToolBronzeSword, ic2.itemToolBronzeSword.name
IC2:itemToolBronzeSpade, ic2.itemToolBronzeSpade.name
IC2:itemToolBronzeHoe, ic2.itemToolBronzeHoe.name
IC2:itemToolWrench, ic2.itemToolWrench.name
IC2:itemToolCutter, ic2.itemToolCutter.name
IC2:itemFoamSprayer, ic2.itemFoamSprayer.name
IC2:itemToolbox, ic2.itemToolbox.name
IC2:itemContainmentbox, ic2.itemContainmentbox.name
IC2:itemToolForgeHammer, ic2.itemToolForgeHammer.name
IC2:itemLathingTool, ic2.itemLathingTool.name
IC2:itemcrystalmemory, ic2.itemcrystalmemory.name
IC2:itemToolDrill, ic2.itemToolDrill.name
IC2:itemToolDDrill, ic2.itemToolDDrill.name
IC2:itemToolIridiumDrill, ic2.itemToolIridiumDrill.name
IC2:itemToolChainsaw, ic2.itemToolChainsaw.name
IC2:itemToolWrenchElectric, ic2.itemToolWrenchElectric.name
IC2:itemTreetapElectric, ic2.itemTreetapElectric.name
IC2:itemToolMiningLaser, ic2.itemToolMiningLaser.name
IC2:itemToolMEter, ic2.itemToolMEter.name
IC2:itemScanner, ic2.itemScanner.name
IC2:itemScannerAdv, ic2.itemScannerAdv.name
IC2:obscurator, ic2.obscurator.name
IC2:itemFreq, ic2.itemFreq.name
IC2:itemNanoSaber, ic2.itemNanoSaber.name
IC2:plasmaLauncher, ic2.plasmaLauncher.name
IC2:windmeter, ic2.windmeter.name
IC2:itemArmorHazmatHelmet, ic2.itemArmorHazmatHelmet.name
IC2:itemArmorHazmatChestplate, ic2.itemArmorHazmatChestplate.name
IC2:itemArmorHazmatLeggings, ic2.itemArmorHazmatLeggings.name
IC2:itemArmorRubBoots, ic2.itemArmorRubBoots.name
IC2:itemArmorBronzeHelmet, ic2.itemArmorBronzeHelmet.name
IC2:itemArmorBronzeChestplate, ic2.itemArmorBronzeChestplate.name
IC2:itemArmorBronzeLegs, ic2.itemArmorBronzeLegs.name
IC2:itemArmorBronzeBoots, ic2.itemArmorBronzeBoots.name
IC2:itemArmorAlloyChestplate, ic2.itemArmorAlloyChestplate.name
IC2:itemArmorNanoHelmet, ic2.itemArmorNanoHelmet.name
IC2:itemArmorNanoChestplate, ic2.itemArmorNanoChestplate.name
IC2:itemArmorNanoLegs, ic2.itemArmorNanoLegs.name
IC2:itemArmorNanoBoots, ic2.itemArmorNanoBoots.name
IC2:itemArmorQuantumHelmet, ic2.itemArmorQuantumHelmet.name
IC2:itemArmorQuantumChestplate, ic2.itemArmorQuantumChestplate.name
IC2:itemArmorQuantumLegs, ic2.itemArmorQuantumLegs.name
IC2:itemArmorQuantumBoots, ic2.itemArmorQuantumBoots.name
IC2:itemArmorJetpack, ic2.itemArmorJetpack.name
IC2:itemArmorJetpackElectric, ic2.itemArmorJetpackElectric.name
IC2:itemArmorBatpack, ic2.itemArmorBatpack.name
IC2:itemArmorAdvBatpack, ic2.itemArmorAdvBatpack.name
IC2:itemArmorEnergypack, ic2.itemArmorEnergypack.name
IC2:itemArmorCFPack, ic2.itemArmorCFPack.name
IC2:itemSolarHelmet, ic2.itemSolarHelmet.name
IC2:itemStaticBoots, ic2.itemStaticBoots.name
IC2:itemNightvisionGoggles, ic2.itemNightvisionGoggles.name
IC2:itemBatREDischarged, ic2.itemBatREDischarged.name
IC2:itemBatRE, ic2.itemBatRE.name
IC2:itemAdvBat, ic2.itemAdvBat.name
IC2:itemBatCrystal, ic2.itemBatCrystal.name
IC2:itemBatLamaCrystal, ic2.itemBatLamaCrystal.name
IC2:itemBatSU, ic2.itemBatSU.name
IC2:itemBatChargeRE, ic2.itemBatChargeRE.name
IC2:itemBatChargeAdv, ic2.itemBatChargeAdv.name
IC2:itemBatChargeCrystal, ic2.itemBatChargeCrystal.name
IC2:itemBatChargeLamaCrystal, ic2.itemBatChargeLamaCrystal.name
IC2:itemCable:0, ic2.itemCable
IC2:itemCable:1, ic2.itemCableO
IC2:itemCable:2, ic2.itemGoldCable
IC2:itemCable:3, ic2.itemGoldCableI
IC2:itemCable:5, ic2.itemIronCable
IC2:itemCable:6, ic2.itemIronCableI
IC2:itemCable:9, ic2.itemGlassCable
IC2:itemCable:10, ic2.itemTinCable
IC2:itemCable:11, ic2.itemDetectorCable
IC2:itemCable:12, ic2.itemSplitterCable
IC2:itemCable:13, ic2.itemTinCableI
IC2:itemCellEmpty:0, ic2.itemCellEmpty
IC2:itemCellEmpty:1, ic2.itemCellWater
IC2:itemCellEmpty:2, ic2.itemCellLava
IC2:itemCellEmpty:3, ic2.itemCellUuMatter
IC2:itemCellEmpty:4, ic2.itemCellCF
IC2:itemCellEmpty:5, ic2.itemCellAir
IC2:itemCellEmpty:6, ic2.itemCellBiomass
IC2:itemCellEmpty:7, ic2.itemCellBiogas
IC2:itemCellEmpty:8, ic2.itemCellWaterElectro
IC2:itemCellEmpty:9, ic2.itemCellCoolant
IC2:itemCellEmpty:10, ic2.itemCellHotCoolant
IC2:itemCellEmpty:11, ic2.itemCellPahoehoelava
IC2:itemCellEmpty:12, ic2.itemCellDistilledWater
IC2:itemCellEmpty:13, ic2.itemCellSuperheatedSteam
IC2:itemCellEmpty:14, ic2.itemCellSteam
IC2:itemTinCan, ic2.itemTinCan.name
IC2:itemTinCanFilled, ic2.itemTinCanFilled.name
IC2:reactorMOXSimple, ic2.reactorMOXSimple.name
IC2:reactorMOXDual, ic2.reactorMOXDual.name
IC2:reactorMOXQuad, ic2.reactorMOXQuad.name
IC2:reactorUraniumSimple, ic2.reactorUraniumSimple.name
IC2:reactorUraniumDual, ic2.reactorUraniumDual.name
IC2:reactorUraniumQuad, ic2.reactorUraniumQuad.name
IC2:reactorMOXSimpledepleted, ic2.reactorMOXSimpledepleted.name
IC2:reactorMOXDualdepleted, ic2.reactorMOXDualdepleted.name
IC2:reactorMOXQuaddepleted, ic2.reactorMOXQuaddepleted.name
IC2:reactorUraniumSimpledepleted, ic2.reactorUraniumSimpledepleted.name
IC2:reactorUraniumDualdepleted, ic2.reactorUraniumDualdepleted.name
IC2:reactorUraniumQuaddepleted, ic2.reactorUraniumQuaddepleted.name
IC2:reactorCoolantSimple, ic2.reactorCoolantSimple.name
IC2:reactorCoolantTriple, ic2.reactorCoolantTriple.name
IC2:reactorCoolantSix, ic2.reactorCoolantSix.name
IC2:reactorPlating, ic2.reactorPlating.name
IC2:reactorPlatingHeat, ic2.reactorPlatingHeat.name
IC2:reactorPlatingExplosive, ic2.reactorPlatingExplosive.name
IC2:reactorHeatSwitch, ic2.reactorHeatSwitch.name
IC2:reactorHeatSwitchCore, ic2.reactorHeatSwitchCore.name
IC2:reactorHeatSwitchSpread, ic2.reactorHeatSwitchSpread.name
IC2:reactorHeatSwitchDiamond, ic2.reactorHeatSwitchDiamond.name
IC2:reactorVent, ic2.reactorVent.name
IC2:reactorVentCore, ic2.reactorVentCore.name
IC2:reactorVentGold, ic2.reactorVentGold.name
IC2:reactorVentSpread, ic2.reactorVentSpread.name
IC2:reactorVentDiamond, ic2.reactorVentDiamond.name
IC2:reactorReflector, ic2.reactorReflector.name
IC2:reactorReflectorThick, ic2.reactorReflectorThick.name
IC2:reactorCondensator, ic2.reactorCondensator.name
IC2:reactorCondensatorLap, ic2.reactorCondensatorLap.name
IC2:itemTFBP, ic2.itemTFBP.name
IC2:itemTFBPCultivation, ic2.itemTFBPCultivation.name
IC2:itemTFBPIrrigation, ic2.itemTFBPIrrigation.name
IC2:itemTFBPChilling, ic2.itemTFBPChilling.name
IC2:itemTFBPDesertification, ic2.itemTFBPDesertification.name
IC2:itemTFBPFlatification, ic2.itemTFBPFlatification.name
IC2:itemTFBPMushroom, ic2.itemTFBPMushroom.name
IC2:itemPartCoalBall, ic2.itemPartCoalBall.name
IC2:itemPartCoalBlock, ic2.itemPartCoalBlock.name
IC2:itemPartCoalChunk, ic2.itemPartCoalChunk.name
IC2:itemPartIndustrialDiamond, ic2.itemPartIndustrialDiamond.name
IC2:itemSlag, ic2.itemSlag.name
IC2:itemScrap, ic2.itemScrap.name
IC2:itemScrapbox, ic2.itemScrapbox.name
IC2:itemFuelPlantBall, ic2.itemFuelPlantBall.name
IC2:itemBiochaff, ic2.itemBiochaff.name
IC2:itemToolPainter, ic2.itemToolPainter.name
IC2:itemToolPainterBlack, ic2.itemToolPainterBlack.name
IC2:itemToolPainterRed, ic2.itemToolPainterRed.name
IC2:itemToolPainterGreen, ic2.itemToolPainterGreen.name
IC2:itemToolPainterBrown, ic2.itemToolPainterBrown.name
IC2:itemToolPainterBlue, ic2.itemToolPainterBlue.name
IC2:itemToolPainterPurple, ic2.itemToolPainterPurple.name
IC2:itemToolPainterCyan, ic2.itemToolPainterCyan.name
IC2:itemToolPainterLightGrey, ic2.itemToolPainterLightGrey.name
IC2:itemToolPainterDarkGrey, ic2.itemToolPainterDarkGrey.name
IC2:itemToolPainterPink, ic2.itemToolPainterPink.name
IC2:itemToolPainterLime, ic2.itemToolPainterLime.name
IC2:itemToolPainterYellow, ic2.itemToolPainterYellow.name
IC2:itemToolPainterCloud, ic2.itemToolPainterCloud.name
IC2:itemToolPainterMagenta, ic2.itemToolPainterMagenta.name
IC2:itemToolPainterOrange, ic2.itemToolPainterOrange.name
IC2:itemToolPainterWhite, ic2.itemToolPainterWhite.name
IC2:itemDynamite, ic2.itemDynamite.name
IC2:itemDynamiteSticky, ic2.itemDynamiteSticky.name
IC2:itemRemote, ic2.itemRemote.name
IC2:upgradeModule:0, ic2.overclockerUpgrade
IC2:upgradeModule:1, ic2.transformerUpgrade
IC2:upgradeModule:2, ic2.energyStorageUpgrade
IC2:upgradeModule:3, ic2.ejectorUpgrade
IC2:upgradeModule:4, ic2.fluidEjectorUpgrade
IC2:upgradeModule:5, ic2.redstoneinvUpgrade
IC2:upgradeModule:6, ic2.pullingUpgrade
IC2:itemCoin, ic2.itemCoin.name
IC2:itemDoorAlloy, ic2.itemDoorAlloy.name
IC2:itemPartCFPowder, ic2.itemPartCFPowder.name
IC2:itemGrinPowder, ic2.itemGrinPowder.name
IC2:itemDebug, ic2.itemDebug.name
IC2:itemBoat:0, ic2.boatCarbon
IC2:itemBoat:1, ic2.boatRubber
IC2:itemBoat:2, ic2.boatRubberBroken
IC2:itemBoat:3, ic2.boatElectric
IC2:itemWeedingTrowel, ic2.itemWeedingTrowel.name
IC2:itemWeed, ic2.itemWeed.name
IC2:itemCropSeed, ic2.itemCropSeed.name
IC2:itemCropnalyzer, ic2.itemCropnalyzer.name
IC2:itemFertilizer, ic2.itemFertilizer.name
IC2:itemCellHydrant, ic2.itemCellHydrant.name
IC2:itemToolHoe, ic2.itemToolHoe.name
IC2:itemTerraWart, ic2.itemTerraWart.name
IC2:itemWeedEx, ic2.itemWeedEx.name
IC2:itemMugEmpty, ic2.itemMugEmpty.name
IC2:itemCofeeBeans, ic2.itemCofeeBeans.name
IC2:itemCofeePowder, ic2.itemCofeePowder.name
IC2:itemMugCoffee:0, ic2.itemMugCoffee_0
IC2:itemMugCoffee:1, ic2.itemMugCoffee_1
IC2:itemMugCoffee:2, ic2.itemMugCoffee_2
IC2:itemHops, ic2.itemHops.name
IC2:itemBarrel, ic2.itemBarrel.name
IC2:itemMugBooze, ic2.itemMugBooze.name
IC2:itemwoodrotor, ic2.itemwoodrotor.name
IC2:itemironrotor, ic2.itemironrotor.name
IC2:itemsteelrotor, ic2.itemsteelrotor.name
IC2:itemwcarbonrotor, ic2.itemwcarbonrotor.name
IC2:itemSteamTurbine, ic2.itemSteamTurbine.name
IC2:itemSteamTurbineBlade, ic2.itemSteamTurbineBlade.name
IC2:itemIronBlockCuttingBlade, ic2.itemIronBlockCuttingBlade.name
IC2:itemAdvIronBlockCuttingBlade, ic2.itemAdvIronBlockCuttingBlade.name
IC2:itemDiamondBlockCuttingBlade, ic2.itemDiamondBlockCuttingBlade.name
Mekanism:PartTransmitter:0, Basic Universal Cable
Mekanism:PartTransmitter:1, Advanced Universal Cable
Mekanism:PartTransmitter:2, Elite Universal Cable
Mekanism:PartTransmitter:3, Ultimate Universal Cable
Mekanism:PartTransmitter:4, Basic Mechanical Pipe
Mekanism:PartTransmitter:5, Advanced Mechanical Pipe
Mekanism:PartTransmitter:6, Elite Mechanical Pipe
Mekanism:PartTransmitter:7, Ultimate Mechanical Pipe
Mekanism:PartTransmitter:8, Basic Pressurized Tube
Mekanism:PartTransmitter:9, Advanced Pressurized Tube
Mekanism:PartTransmitter:10, Elite Pressurized Tube
Mekanism:PartTransmitter:11, Ultimate Pressurized Tube
Mekanism:PartTransmitter:12, Basic Logistical Transporter
Mekanism:PartTransmitter:13, Advanced Logistical Transporter
Mekanism:PartTransmitter:14, Elite Logistical Transporter
Mekanism:PartTransmitter:15, Ultimate Logistical Transporter
Mekanism:PartTransmitter:16, Restrictive Transporter
Mekanism:PartTransmitter:17, Diversion Transporter
Mekanism:PartTransmitter:18, Basic Thermodynamic Conductor
Mekanism:PartTransmitter:19, Advanced Thermodynamic Conductor
Mekanism:PartTransmitter:20, Elite Thermodynamic Conductor
Mekanism:PartTransmitter:21, Ultimate Thermodynamic Conductor
Mekanism:ElectricBow, Electric Bow
Mekanism:Dust:0, Iron Dust
Mekanism:Dust:1, Gold Dust
Mekanism:Dust:2, Osmium Dust
Mekanism:Dust:3, Copper Dust
Mekanism:Dust:4, Tin Dust
Mekanism:Dust:5, Silver Dust
Mekanism:Dust:6, Lead Dust
Mekanism:Ingot:0, Refined Obsidian Ingot
Mekanism:Ingot:1, Osmium Ingot
Mekanism:Ingot:2, Bronze Ingot
Mekanism:Ingot:3, Glowstone Ingot
Mekanism:Ingot:4, Steel Ingot
Mekanism:Ingot:5, Copper Ingot
Mekanism:Ingot:6, Tin Ingot
Mekanism:Ingot:7, Lazuli Ingot
Mekanism:EnergyTablet, Energy Tablet
Mekanism:SpeedUpgrade, Speed Upgrade
Mekanism:EnergyUpgrade, Energy Upgrade
Mekanism:FilterUpgrade, Filter Upgrade
Mekanism:MufflingUpgrade, Muffling Upgrade
Mekanism:GasUpgrade, Gas Upgrade
Mekanism:Robit, Robit
Mekanism:AtomicDisassembler, Atomic Disassembler
Mekanism:EnrichedAlloy, Enriched Alloy
Mekanism:ReinforcedAlloy, Reinforced Alloy
Mekanism:AtomicAlloy, Atomic Alloy
Mekanism:ItemProxy, item.ItemProxy.name
Mekanism:ControlCircuit:0, Basic Control Circuit
Mekanism:ControlCircuit:1, Advanced Control Circuit
Mekanism:ControlCircuit:2, Elite Control Circuit
Mekanism:ControlCircuit:3, Ultimate Control Circuit
Mekanism:EnrichedIron, Enriched Iron
Mekanism:CompressedCarbon, Compressed Carbon
Mekanism:CompressedRedstone, Compressed Redstone
Mekanism:CompressedDiamond, Compressed Diamond
Mekanism:CompressedObsidian, Compressed Obsidian
Mekanism:CompressedEnder, Compressed Ender Amethyst
Mekanism:PortableTeleporter, Portable Teleporter
Mekanism:TeleportationCore, Teleportation Core
Mekanism:Clump:0, Iron Clump
Mekanism:Clump:1, Gold Clump
Mekanism:Clump:2, Osmium Clump
Mekanism:Clump:3, Copper Clump
Mekanism:Clump:4, Tin Clump
Mekanism:Clump:5, Silver Clump
Mekanism:Clump:6, Lead Clump
Mekanism:DirtyDust:0, Dirty Iron Dust
Mekanism:DirtyDust:1, Dirty Gold Dust
Mekanism:DirtyDust:2, Dirty Osmium Dust
Mekanism:DirtyDust:3, Dirty Copper Dust
Mekanism:DirtyDust:4, Dirty Tin Dust
Mekanism:DirtyDust:5, Dirty Silver Dust
Mekanism:DirtyDust:6, Dirty Lead Dust
Mekanism:Configurator, Configurator
Mekanism:NetworkReader, Network Reader
Mekanism:WalkieTalkie, Walkie-Talkie
Mekanism:Jetpack, Jetpack
Mekanism:Dictionary, Dictionary
Mekanism:GasMask, Gas Mask
Mekanism:ScubaTank, Scuba Tank
Mekanism:Balloon:0, §8Black Balloon
Mekanism:Balloon:1, §cRed Balloon
Mekanism:Balloon:2, §2Green Balloon
Mekanism:Balloon:3, §6Brown Balloon
Mekanism:Balloon:4, §1Blue Balloon
Mekanism:Balloon:5, §5Purple Balloon
Mekanism:Balloon:6, §3Cyan Balloon
Mekanism:Balloon:7, §7Light Grey Balloon
Mekanism:Balloon:8, §8Grey Balloon
Mekanism:Balloon:9, §dPink Balloon
Mekanism:Balloon:10, §aLime Balloon
Mekanism:Balloon:11, §eYellow Balloon
Mekanism:Balloon:12, §9Light Blue Balloon
Mekanism:Balloon:13, §dMagenta Balloon
Mekanism:Balloon:14, §6Orange Balloon
Mekanism:Balloon:15, §fWhite Balloon
Mekanism:Shard:0, Iron Shard
Mekanism:Shard:1, Gold Shard
Mekanism:Shard:2, Osmium Shard
Mekanism:Shard:3, Copper Shard
Mekanism:Shard:4, Tin Shard
Mekanism:Shard:5, Silver Shard
Mekanism:Shard:6, Lead Shard
Mekanism:ElectrolyticCore, Electrolytic Core
Mekanism:Sawdust, Sawdust
Mekanism:Salt, Salt
Mekanism:Yeast, Yeast
Mekanism:BrineBucket, Brine Bucket
Mekanism:LithiumBucket, Lithium Bucket
Mekanism:HeavyWaterBucket, Heavy Water Bucket
Mekanism:Crystal:0, Iron Crystal
Mekanism:Crystal:1, Gold Crystal
Mekanism:Crystal:2, Osmium Crystal
Mekanism:Crystal:3, Copper Crystal
Mekanism:Crystal:4, Tin Crystal
Mekanism:Crystal:5, Silver Crystal
Mekanism:Crystal:6, Lead Crystal
Mekanism:FreeRunners, Free Runners
Mekanism:ArmoredJetpack, Armored Jetpack
Mekanism:ConfigurationCard, Configuration Card
Mekanism:CraftingFormula, Crafting Formula
Mekanism:SeismicReader, Seismic Reader
Mekanism:Substrate, Substrate
Mekanism:Polyethene:0, HDPE Pellet
Mekanism:Polyethene:1, HDPE Rod
Mekanism:Polyethene:2, HDPE Sheet
Mekanism:Polyethene:3, PlaStick
Mekanism:BioFuel, Biomass
Mekanism:GlowPanel:0, §8Black Glow Panel
Mekanism:GlowPanel:1, §cRed Glow Panel
Mekanism:GlowPanel:2, §2Green Glow Panel
Mekanism:GlowPanel:3, §6Brown Glow Panel
Mekanism:GlowPanel:4, §1Blue Glow Panel
Mekanism:GlowPanel:5, §5Purple Glow Panel
Mekanism:GlowPanel:6, §3Cyan Glow Panel
Mekanism:GlowPanel:7, §7Light Grey Glow Panel
Mekanism:GlowPanel:8, §8Grey Glow Panel
Mekanism:GlowPanel:9, §dPink Glow Panel
Mekanism:GlowPanel:10, §aLime Glow Panel
Mekanism:GlowPanel:11, §eYellow Glow Panel
Mekanism:GlowPanel:12, §9Light Blue Glow Panel
Mekanism:GlowPanel:13, §dMagenta Glow Panel
Mekanism:GlowPanel:14, §6Orange Glow Panel
Mekanism:GlowPanel:15, §fWhite Glow Panel
Mekanism:Flamethrower, Flamethrower
Mekanism:GaugeDropper, Gauge Dropper
Mekanism:FactoryInstaller:0, Basic Tier Installer
Mekanism:FactoryInstaller:1, Advanced Tier Installer
Mekanism:FactoryInstaller:2, Elite Tier Installer
Mekanism:FactoryInstaller:3, Ultimate Tier Installer
Mekanism:OtherDust:0, Diamond Dust
Mekanism:OtherDust:1, Steel Dust
Mekanism:OtherDust:3, Sulfur Dust
Mekanism:OtherDust:4, Lithium Dust
Mekanism:OtherDust:5, Refined Obsidian Dust
Mekanism:OtherDust:6, Obsidian Dust
additionalrecipes:item_glass_mixture, Glass Mixture
additionalrecipes:item_dark_glass_mixture, Dark Glass Mixture
additionalrecipes:item_obsidian_mixture, Obsidian Mixture
alchemyrocks:item.IronStick, Iron Stick
alchemyrocks:item.VermiculiteIngot, Vermiculite Ingot
alchemyrocks:item.VermiculitePickaxe, Vermiculite Pickaxe
alchemyrocks:item.VermiculiteAxe, Vermiculite Axe
alchemyrocks:item.VermiculiteShovel, Vermiculite Shovel
alchemyrocks:item.VermiculiteSword, Vermiculite Sword
alchemyrocks:item.VermiculiteHoe, Vermiculite Hoe
alchemyrocks:item.VermiculiteHelmet, Vermiculite Helmet
alchemyrocks:item.VermiculiteChestplate, Vermiculite Chestplate
alchemyrocks:item.VermiculiteLeggings, Vermiculite Leggings
alchemyrocks:item.VermiculiteBoots, Vermiculite Boots
alchemyrocks:item.Pyrite, Pyrite
alchemyrocks:item.PurifiedCarbonatiteAsh, Purified Carbonatite Ash
alchemyrocks:item.PurifiedEclogiteAsh, Purified Eclogite Ash
alchemyrocks:item.PurifiedJasperoidAsh, Purified Jasperoid Ash
alchemyrocks:item.PurifiedJaspilliteAsh, Purified Jaspillite Ash
alchemyrocks:item.PurifiedLamprophyreAsh, Purified Lamprophyre Ash
alchemyrocks:item.PurifiedPeridotiteAsh, Purified Peridotite Ash
alchemyrocks:item.AnorthositeAsh, Anorthosite Ash
alchemyrocks:item.ApliteAsh, Aplite Ash
alchemyrocks:item.CarbonatiteAsh, Carbonatite Ash
alchemyrocks:item.DaciteAsh, Dacite Ash
alchemyrocks:item.EclogiteAsh, Eclogite Ash
alchemyrocks:item.FoidoliteAsh, Foidolite Ash
alchemyrocks:item.GranodioriteAsh, Granodiorite Ash
alchemyrocks:item.GranuliteAsh, Granulite Ash
alchemyrocks:item.JasperoidAsh, Jasperoid Ash
alchemyrocks:item.JaspilliteAsh, Jaspillite Ash
alchemyrocks:item.LamprophyreAsh, Lamprophyre Ash
alchemyrocks:item.PeridotiteAsh, Peridotite Ash
alchemyrocks:item.ShaleAsh, Shale Ash
alchemyrocks:item.ChromiumIngot, Chromium Ingot
alchemyrocks:item.ChromiumPickaxe, Chromium Pickaxe
alchemyrocks:item.ChromiumAxe, Chromium Axe
alchemyrocks:item.ChromiumShovel, Chromium Shovel
alchemyrocks:item.ChromiumSword, Chromium Sword
alchemyrocks:item.ChromiumHoe, Chromium Hoe
alchemyrocks:item.ChromiumHelmet, Chromium Helmet
alchemyrocks:item.ChromiumChestplate, Chromium Chestplate
alchemyrocks:item.ChromiumLeggings, Chromium Leggings
alchemyrocks:item.ChromiumBoots, Chromium Boots
alchemyrocks:item.Peridot, Peridot
alchemyrocks:item.PeridotPickaxe, Peridot Pickaxe
alchemyrocks:item.PeridotAxe, Peridot Axe
alchemyrocks:item.PeridotShovel, Peridot Shovel
alchemyrocks:item.PeridotSword, Peridot Sword
alchemyrocks:item.PeridotHoe, Peridot Hoe
alchemyrocks:item.PeridotHelmet, Peridot Helmet
alchemyrocks:item.PeridotChestplate, Peridot Chestplate
alchemyrocks:item.PeridotLeggings, Peridot Leggings
alchemyrocks:item.PeridotBoots, Peridot Boots
alchemyrocks:item.Anthracite, Anthracite
alchemyrocks:item.Lignite, Lignite
alchemyrocks:item.RockHoe, Rock Hoe
alchemyrocks:item.RockWand, Rock Wand
alchemyrocks:item.VermiculiteApple:0, Vermiculite Apple
alchemyrocks:item.VermiculiteApple:1, Vermiculite Apple
alchemyrocks:item.ChromiumApple:0, Chromium Apple
alchemyrocks:item.ChromiumApple:1, Chromium Apple
alchemyrocks:item.PeridotApple:0, Peridot Apple
alchemyrocks:item.PeridotApple:1, Peridot Apple
alchemyrocks:item.RockEssenceSeed, Rock Essence Seed
alchemyrocks:item.RockEssence, Rock Essence
securitycraft:codebreaker, Codebreaker
securitycraft:doorIndestructibleIronItem, Reinforced Iron Door
securitycraft:scannerDoorItem, Scanner Door
securitycraft:universalBlockRemover, Universal Block Remover
securitycraft:keycards:0, Level 1 Keycard
securitycraft:keycards:1, Level 2 Keycard
securitycraft:keycards:2, Level 3 Keycard
securitycraft:keycards:3, Limited Use Keycard
securitycraft:keycards:4, Level 4 Keycard
securitycraft:keycards:5, Level 5 Keycard
securitycraft:remoteAccessMine, Mine Remote Access Tool
securitycraft:bucketFWater, Bucket Of Fake Water
securitycraft:bucketFLava, Bucket Of Fake Lava
securitycraft:universalBlockModifier, Universal Block Modifier
securitycraft:redstoneModule, Redstone Module
securitycraft:whitelistModule, Whitelist Module
securitycraft:blacklistModule, Blacklist Module
securitycraft:harmingModule, Harming Module
securitycraft:smartModule, Smart Module
securitycraft:storageModule, Storage Module
securitycraft:disguiseModule, Disguise Module
securitycraft:wireCutters, Wire Cutters
securitycraft:adminTool, Admin Tool
securitycraft:keypadItem, Key Panel
securitycraft:cameraMonitor:0, Camera Monitor
securitycraft:taser, Taser
securitycraft:scManual, SecurityCraft Manual
securitycraft:universalOwnerChanger, Universal Owner Changer
securitycraft:universalBlockReinforcerLvL1, Universal Block Reinforcer (LvL1)
securitycraft:universalBlockReinforcerLvL2, Universal Block Reinforcer (LvL2)
securitycraft:universalBlockReinforcerLvL3, Universal Block Reinforcer (LvL3)
securitycraft:briefcase, Briefcase
securitycraft:universalKeyChanger, Universal Key Changer
securitycraft:taserPowered, Taser
securitycraft:secretSignItem, Secret Sign
securitycraft:sentry, Sentry
securitycraft:crystalQuartzItem, Crystal Quartz
CrystalWing:crystalwing.crystalWing, Crystal Wing
CrystalWing:crystalwing.crystalWingBurning, Burning Wing
CrystalWing:crystalwing.crystalWingBurned, Burned Wing
CrystalWing:crystalwing.enderScepter, Ender Scepter
BuildCraft|Core:wrenchItem, Wrench
BuildCraft|Core:mapLocation, Map Location
BuildCraft|Core:list:0, List
BuildCraft|Core:list:1, List
BuildCraft|Core:debugger, Debugger
BuildCraft|Core:woodenGearItem, Wood Gear
BuildCraft|Core:stoneGearItem, Stone Gear
BuildCraft|Core:ironGearItem, Iron Gear
BuildCraft|Core:goldGearItem, Gold Gear
BuildCraft|Core:diamondGearItem, Diamond Gear
BuildCraft|Core:paintbrush, Paint Brush
BuildCraft|Energy:bucketOil, Oil Bucket
BuildCraft|Energy:bucketFuel, Fuel Bucket
BuildCraft|Builders:templateItem, Template
BuildCraft|Builders:blueprintItem, Blueprint
BuildCraft|Silicon:redstoneChipset:0, Redstone Chipset
BuildCraft|Silicon:redstoneChipset:1, Iron Chipset
BuildCraft|Silicon:redstoneChipset:2, Golden Chipset
BuildCraft|Silicon:redstoneChipset:3, Diamond Chipset
BuildCraft|Silicon:redstoneChipset:4, Pulsating Chipset
BuildCraft|Silicon:redstoneChipset:5, Quartz Chipset
BuildCraft|Silicon:redstoneChipset:6, Redstone Comp Chipset
BuildCraft|Silicon:redstoneChipset:7, Emerald Chipset
BuildCraft|Silicon:package, Package
BuildCraft|Silicon:redstoneCrystal, Redstone Crystal
BuildCraft|Robotics:robot, Robot
BuildCraft|Robotics:robotStation, item.robotStation.name
BuildCraft|Robotics:redstone_board, Redstone Board
BuildCraft|Transport:pipeWaterproof, Pipe Sealant
BuildCraft|Transport:item.buildcraftPipe.pipeitemswood:0, Wooden Transport Pipe
BuildCraft|Transport:item.buildcraftPipe.pipeitemsemerald:0, Emerald Transport Pipe
BuildCraft|Transport:item.buildcraftPipe.pipeitemscobblestone:0, Cobblestone Transport Pipe
BuildCraft|Transport:item.buildcraftPipe.pipeitemsstone:0, Stone Transport Pipe
BuildCraft|Transport:item.buildcraftPipe.pipeitemsquartz:0, Quartz Transport Pipe
BuildCraft|Transport:item.buildcraftPipe.pipeitemsiron:0, Iron Transport Pipe
BuildCraft|Transport:item.buildcraftPipe.pipeitemsgold:0, Golden Transport Pipe
BuildCraft|Transport:item.buildcraftPipe.pipeitemsdiamond:0, Diamond Transport Pipe
BuildCraft|Transport:item.buildcraftPipe.pipeitemsobsidian:0, Obsidian Transport Pipe
BuildCraft|Transport:item.buildcraftPipe.pipeitemslapis:0, Lazuli Transport Pipe
BuildCraft|Transport:item.buildcraftPipe.pipeitemsdaizuli:0, Daizuli Transport Pipe
BuildCraft|Transport:item.buildcraftPipe.pipeitemssandstone:0, Sandstone Transport Pipe
BuildCraft|Transport:item.buildcraftPipe.pipeitemsvoid:0, Void Transport Pipe
BuildCraft|Transport:item.buildcraftPipe.pipeitemsemzuli:0, Emzuli Transport Pipe
BuildCraft|Transport:item.buildcraftPipe.pipeitemsstripes:0, Stripes Transport Pipe
BuildCraft|Transport:item.buildcraftPipe.pipeitemsclay:0, Clay Transport Pipe
BuildCraft|Transport:item.buildcraftPipe.pipefluidswood:0, Wooden Fluid Pipe
BuildCraft|Transport:item.buildcraftPipe.pipefluidscobblestone:0, Cobblestone Fluid Pipe
BuildCraft|Transport:item.buildcraftPipe.pipefluidsstone:0, Stone Fluid Pipe
BuildCraft|Transport:item.buildcraftPipe.pipefluidsquartz:0, Quartz Fluid Pipe
BuildCraft|Transport:item.buildcraftPipe.pipefluidsiron:0, Iron Fluid Pipe
BuildCraft|Transport:item.buildcraftPipe.pipefluidsgold:0, Golden Fluid Pipe
BuildCraft|Transport:item.buildcraftPipe.pipefluidsemerald:0, Emerald Fluid Pipe
BuildCraft|Transport:item.buildcraftPipe.pipefluidsdiamond:0, Diamond Fluid Pipe
BuildCraft|Transport:item.buildcraftPipe.pipefluidssandstone:0, Sandstone Fluid Pipe
BuildCraft|Transport:item.buildcraftPipe.pipefluidsvoid:0, Void Fluid Pipe
BuildCraft|Transport:item.buildcraftPipe.pipefluidsclay:0, Clay Fluid Pipe
BuildCraft|Transport:item.buildcraftPipe.pipepowerwood:0, Wooden Kinesis Pipe
BuildCraft|Transport:item.buildcraftPipe.pipepowercobblestone:0, Cobblestone Kinesis Pipe
BuildCraft|Transport:item.buildcraftPipe.pipepowerstone:0, Stone Kinesis Pipe
BuildCraft|Transport:item.buildcraftPipe.pipepowerquartz:0, Quartz Kinesis Pipe
BuildCraft|Transport:item.buildcraftPipe.pipepoweriron:0, Iron Kinesis Pipe
BuildCraft|Transport:item.buildcraftPipe.pipepowergold:0, Golden Kinesis Pipe
BuildCraft|Transport:item.buildcraftPipe.pipepowerdiamond:0, Diamond Kinesis Pipe
BuildCraft|Transport:item.buildcraftPipe.pipepoweremerald:0, Emerald Kinesis Pipe
BuildCraft|Transport:item.buildcraftPipe.pipepowersandstone:0, Sandstone Kinesis Pipe
BuildCraft|Transport:item.buildcraftPipe.pipestructurecobblestone:0, Cobblestone Structure Pipe
BuildCraft|Transport:pipeWire:0, Red Pipe Wire
BuildCraft|Transport:pipeWire:1, Blue Pipe Wire
BuildCraft|Transport:pipeWire:2, Green Pipe Wire
BuildCraft|Transport:pipeWire:3, Yellow Pipe Wire
BuildCraft|Transport:pipeGate, item.pipeGate.name
BuildCraft|Transport:pipePlug, item.pipePlug.name
BuildCraft|Transport:pipeLens:0, Lens (Black)
BuildCraft|Transport:pipeLens:1, Lens (Red)
BuildCraft|Transport:pipeLens:2, Lens (Green)
BuildCraft|Transport:pipeLens:3, Lens (Brown)
BuildCraft|Transport:pipeLens:4, Lens (Blue)
BuildCraft|Transport:pipeLens:5, Lens (Purple)
BuildCraft|Transport:pipeLens:6, Lens (Cyan)
BuildCraft|Transport:pipeLens:7, Lens (Light Gray)
BuildCraft|Transport:pipeLens:8, Lens (Gray)
BuildCraft|Transport:pipeLens:9, Lens (Pink)
BuildCraft|Transport:pipeLens:10, Lens (Lime)
BuildCraft|Transport:pipeLens:11, Lens (Yellow)
BuildCraft|Transport:pipeLens:12, Lens (Light Blue)
BuildCraft|Transport:pipeLens:13, Lens (Magenta)
BuildCraft|Transport:pipeLens:14, Lens (Orange)
BuildCraft|Transport:pipeLens:15, Lens (White)
BuildCraft|Transport:pipeLens:16, Filter (Black)
BuildCraft|Transport:pipeLens:17, Filter (Red)
BuildCraft|Transport:pipeLens:18, Filter (Green)
BuildCraft|Transport:pipeLens:19, Filter (Brown)
BuildCraft|Transport:pipeLens:20, Filter (Blue)
BuildCraft|Transport:pipeLens:21, Filter (Purple)
BuildCraft|Transport:pipeLens:22, Filter (Cyan)
BuildCraft|Transport:pipeLens:23, Filter (Light Gray)
BuildCraft|Transport:pipeLens:24, Filter (Gray)
BuildCraft|Transport:pipeLens:25, Filter (Pink)
BuildCraft|Transport:pipeLens:26, Filter (Lime)
BuildCraft|Transport:pipeLens:27, Filter (Yellow)
BuildCraft|Transport:pipeLens:28, Filter (Light Blue)
BuildCraft|Transport:pipeLens:29, Filter (Magenta)
BuildCraft|Transport:pipeLens:30, Filter (Orange)
BuildCraft|Transport:pipeLens:31, Filter (White)
BuildCraft|Transport:pipeLens:32, Lens (Clear)
BuildCraft|Transport:pipeLens:33, Filter (Clear)
BuildCraft|Transport:pipePowerAdapter, item.pipePowerAdapter.name
BuildCraft|Transport:gateCopier, Gate Copier
ThermalFoundation:lexicon, item.thermalfoundation.tome.name
ThermalFoundation:bucket:0, Destabilized Redstone Bucket
ThermalFoundation:bucket:1, Energized Glowstone Bucket
ThermalFoundation:bucket:2, Resonant Ender Bucket
ThermalFoundation:bucket:3, Blazing Pyrotheum Bucket
ThermalFoundation:bucket:4, Gelid Cryotheum Bucket
ThermalFoundation:bucket:7, Zephyrean Aerotheum Bucket
ThermalFoundation:bucket:8, Tectonic Petrotheum Bucket
ThermalFoundation:bucket:5, Primal Mana Bucket
ThermalFoundation:bucket:6, Liquifacted Coal Bucket
ThermalFoundation:material:2, Pulverized Coal
ThermalFoundation:material:3, Pulverized Charcoal
ThermalFoundation:material:4, Pulverized Obsidian
ThermalFoundation:material:16, Sulfur
ThermalFoundation:material:17, Niter
ThermalFoundation:material:20, Cinnabar
ThermalFoundation:material:0, Pulverized Iron
ThermalFoundation:material:1, Pulverized Gold
ThermalFoundation:material:32, Pulverized Copper
ThermalFoundation:material:33, Pulverized Tin
ThermalFoundation:material:34, Pulverized Silver
ThermalFoundation:material:35, Pulverized Lead
ThermalFoundation:material:36, Pulverized Ferrous Metal
ThermalFoundation:material:37, Pulverized Shiny Metal
ThermalFoundation:material:38, Pulverized Mana Infused Metal
ThermalFoundation:material:39, Electrum Blend
ThermalFoundation:material:40, Invar Blend
ThermalFoundation:material:41, Bronze Blend
ThermalFoundation:material:42, Signalum Blend
ThermalFoundation:material:43, Lumium Blend
ThermalFoundation:material:44, Enderium Blend
ThermalFoundation:material:64, Copper Ingot
ThermalFoundation:material:65, Tin Ingot
ThermalFoundation:material:66, Silver Ingot
ThermalFoundation:material:67, Lead Ingot
ThermalFoundation:material:68, Ferrous Ingot
ThermalFoundation:material:69, Shiny Ingot
ThermalFoundation:material:70, Mana Infused Ingot
ThermalFoundation:material:71, Electrum Ingot
ThermalFoundation:material:72, Invar Ingot
ThermalFoundation:material:73, Bronze Ingot
ThermalFoundation:material:74, Signalum Ingot
ThermalFoundation:material:75, Lumium Ingot
ThermalFoundation:material:76, Enderium Ingot
ThermalFoundation:material:8, Iron Nugget
ThermalFoundation:material:96, Copper Nugget
ThermalFoundation:material:97, Tin Nugget
ThermalFoundation:material:98, Silver Nugget
ThermalFoundation:material:99, Lead Nugget
ThermalFoundation:material:100, Ferrous Nugget
ThermalFoundation:material:101, Shiny Nugget
ThermalFoundation:material:102, Mana Infused Nugget
ThermalFoundation:material:103, Electrum Nugget
ThermalFoundation:material:104, Invar Nugget
ThermalFoundation:material:105, Bronze Nugget
ThermalFoundation:material:106, Signalum Nugget
ThermalFoundation:material:107, Lumium Nugget
ThermalFoundation:material:108, Enderium Nugget
ThermalFoundation:material:12, Iron Gear
ThermalFoundation:material:13, Gold Gear
ThermalFoundation:material:128, Copper Gear
ThermalFoundation:material:129, Tin Gear
ThermalFoundation:material:130, Silver Gear
ThermalFoundation:material:131, Lead Gear
ThermalFoundation:material:132, Ferrous Gear
ThermalFoundation:material:133, Shiny Gear
ThermalFoundation:material:134, Mana Infused Gear
ThermalFoundation:material:135, Electrum Gear
ThermalFoundation:material:136, Invar Gear
ThermalFoundation:material:137, Bronze Gear
ThermalFoundation:material:138, Signalum Gear
ThermalFoundation:material:139, Lumium Gear
ThermalFoundation:material:140, Enderium Gear
ThermalFoundation:material:512, Pyrotheum Dust
ThermalFoundation:material:513, Cryotheum Dust
ThermalFoundation:material:514, Aerotheum Dust
ThermalFoundation:material:515, Petrotheum Dust
ThermalFoundation:material:516, Mana Dust
ThermalFoundation:material:1024, Blizz Rod
ThermalFoundation:material:1025, Blizz Powder
ThermalFoundation:material:1026, Blitz Rod
ThermalFoundation:material:1027, Blitz Powder
ThermalFoundation:material:1028, Basalz Rod
ThermalFoundation:material:1029, Basalz Powder
ThermalFoundation:tool.shearsWood, Wood Shears
ThermalFoundation:tool.sickleWood, Wood Sickle
ThermalFoundation:tool.shearsStone, Stone Shears
ThermalFoundation:tool.fishingRodStone, Stone Fishing Rod
ThermalFoundation:tool.sickleStone, Stone Sickle
ThermalFoundation:tool.bowStone, Stone Reinforced Bow
ThermalFoundation:tool.fishingRodIron, Iron Fishing Rod
ThermalFoundation:tool.sickleIron, Iron Sickle
ThermalFoundation:tool.bowIron, Iron Reinforced Bow
ThermalFoundation:tool.shearsDiamond, Diamond Shears
ThermalFoundation:tool.fishingRodDiamond, Diamond Fishing Rod
ThermalFoundation:tool.sickleDiamond, Diamond Sickle
ThermalFoundation:tool.bowDiamond, Diamond Reinforced Bow
ThermalFoundation:tool.shearsGold, Gold Shears
ThermalFoundation:tool.fishingRodGold, Gold Fishing Rod
ThermalFoundation:tool.sickleGold, Gold Sickle
ThermalFoundation:tool.bowGold, Gold Reinforced Bow
ThermalFoundation:armor.helmetCopper, Copper Helmet
ThermalFoundation:armor.plateCopper, Copper Chestplate
ThermalFoundation:armor.legsCopper, Copper Leggings
ThermalFoundation:armor.bootsCopper, Copper Boots
ThermalFoundation:tool.swordCopper, Copper Sword
ThermalFoundation:tool.shovelCopper, Copper Shovel
ThermalFoundation:tool.pickaxeCopper, Copper Pickaxe
ThermalFoundation:tool.axeCopper, Copper Axe
ThermalFoundation:tool.hoeCopper, Copper Hoe
ThermalFoundation:tool.shearsCopper, Copper Shears
ThermalFoundation:tool.fishingRodCopper, Copper Fishing Rod
ThermalFoundation:tool.sickleCopper, Copper Sickle
ThermalFoundation:tool.bowCopper, Copper Reinforced Bow
ThermalFoundation:armor.helmetTin, Tin Helmet
ThermalFoundation:armor.plateTin, Tin Chestplate
ThermalFoundation:armor.legsTin, Tin Leggings
ThermalFoundation:armor.bootsTin, Tin Boots
ThermalFoundation:tool.swordTin, Tin Sword
ThermalFoundation:tool.shovelTin, Tin Shovel
ThermalFoundation:tool.pickaxeTin, Tin Pickaxe
ThermalFoundation:tool.axeTin, Tin Axe
ThermalFoundation:tool.hoeTin, Tin Hoe
ThermalFoundation:tool.shearsTin, Tin Shears
ThermalFoundation:tool.fishingRodTin, Tin Fishing Rod
ThermalFoundation:tool.sickleTin, Tin Sickle
ThermalFoundation:tool.bowTin, Tin Reinforced Bow
ThermalFoundation:armor.helmetSilver, Silver Helmet
ThermalFoundation:armor.plateSilver, Silver Chestplate
ThermalFoundation:armor.legsSilver, Silver Leggings
ThermalFoundation:armor.bootsSilver, Silver Boots
ThermalFoundation:tool.swordSilver, Silver Sword
ThermalFoundation:tool.shovelSilver, Silver Shovel
ThermalFoundation:tool.pickaxeSilver, Silver Pickaxe
ThermalFoundation:tool.axeSilver, Silver Axe
ThermalFoundation:tool.hoeSilver, Silver Hoe
ThermalFoundation:tool.shearsSilver, Silver Shears
ThermalFoundation:tool.fishingRodSilver, Silver Fishing Rod
ThermalFoundation:tool.sickleSilver, Silver Sickle
ThermalFoundation:tool.bowSilver, Silver Reinforced Bow
ThermalFoundation:armor.helmetLead, Lead Helmet
ThermalFoundation:armor.plateLead, Lead Chestplate
ThermalFoundation:armor.legsLead, Lead Leggings
ThermalFoundation:armor.bootsLead, Lead Boots
ThermalFoundation:tool.swordLead, Lead Sword
ThermalFoundation:tool.shovelLead, Lead Shovel
ThermalFoundation:tool.pickaxeLead, Lead Pickaxe
ThermalFoundation:tool.axeLead, Lead Axe
ThermalFoundation:tool.hoeLead, Lead Hoe
ThermalFoundation:tool.shearsLead, Lead Shears
ThermalFoundation:tool.fishingRodLead, Lead Fishing Rod
ThermalFoundation:tool.sickleLead, Lead Sickle
ThermalFoundation:tool.bowLead, Lead Reinforced Bow
ThermalFoundation:armor.helmetNickel, Ferrous Helmet
ThermalFoundation:armor.plateNickel, Ferrous Chestplate
ThermalFoundation:armor.legsNickel, Ferrous Leggings
ThermalFoundation:armor.bootsNickel, Ferrous Boots
ThermalFoundation:tool.swordNickel, Ferrous Sword
ThermalFoundation:tool.shovelNickel, Ferrous Shovel
ThermalFoundation:tool.pickaxeNickel, Ferrous Pickaxe
ThermalFoundation:tool.axeNickel, Ferrous Axe
ThermalFoundation:tool.hoeNickel, Ferrous Hoe
ThermalFoundation:tool.shearsNickel, Ferrous Shears
ThermalFoundation:tool.fishingRodNickel, Ferrous Fishing Rod
ThermalFoundation:tool.sickleNickel, Ferrous Sickle
ThermalFoundation:tool.bowNickel, Ferrous Reinforced Bow
ThermalFoundation:armor.helmetElectrum, Electrum Helmet
ThermalFoundation:armor.plateElectrum, Electrum Chestplate
ThermalFoundation:armor.legsElectrum, Electrum Leggings
ThermalFoundation:armor.bootsElectrum, Electrum Boots
ThermalFoundation:tool.swordElectrum, Electrum Sword
ThermalFoundation:tool.shovelElectrum, Electrum Shovel
ThermalFoundation:tool.pickaxeElectrum, Electrum Pickaxe
ThermalFoundation:tool.axeElectrum, Electrum Axe
ThermalFoundation:tool.hoeElectrum, Electrum Hoe
ThermalFoundation:tool.shearsElectrum, Electrum Shears
ThermalFoundation:tool.fishingRodElectrum, Electrum Fishing Rod
ThermalFoundation:tool.sickleElectrum, Electrum Sickle
ThermalFoundation:tool.bowElectrum, Electrum Reinforced Bow
ThermalFoundation:armor.helmetInvar, Invar Helmet
ThermalFoundation:armor.plateInvar, Invar Chestplate
ThermalFoundation:armor.legsInvar, Invar Leggings
ThermalFoundation:armor.bootsInvar, Invar Boots
ThermalFoundation:tool.swordInvar, Invar Sword
ThermalFoundation:tool.shovelInvar, Invar Shovel
ThermalFoundation:tool.pickaxeInvar, Invar Pickaxe
ThermalFoundation:tool.axeInvar, Invar Axe
ThermalFoundation:tool.hoeInvar, Invar Hoe
ThermalFoundation:tool.shearsInvar, Invar Shears
ThermalFoundation:tool.fishingRodInvar, Invar Fishing Rod
ThermalFoundation:tool.sickleInvar, Invar Sickle
ThermalFoundation:tool.bowInvar, Invar Reinforced Bow
ThermalFoundation:armor.helmetBronze, Bronze Helmet
ThermalFoundation:armor.plateBronze, Bronze Chestplate
ThermalFoundation:armor.legsBronze, Bronze Leggings
ThermalFoundation:armor.bootsBronze, Bronze Boots
ThermalFoundation:tool.swordBronze, Bronze Sword
ThermalFoundation:tool.shovelBronze, Bronze Shovel
ThermalFoundation:tool.pickaxeBronze, Bronze Pickaxe
ThermalFoundation:tool.axeBronze, Bronze Axe
ThermalFoundation:tool.hoeBronze, Bronze Hoe
ThermalFoundation:tool.shearsBronze, Bronze Shears
ThermalFoundation:tool.fishingRodBronze, Bronze Fishing Rod
ThermalFoundation:tool.sickleBronze, Bronze Sickle
ThermalFoundation:tool.bowBronze, Bronze Reinforced Bow
ThermalFoundation:armor.helmetPlatinum, Shiny Helmet
ThermalFoundation:armor.platePlatinum, Shiny Chestplate
ThermalFoundation:armor.legsPlatinum, Shiny Leggings
ThermalFoundation:armor.bootsPlatinum, Shiny Boots
ThermalFoundation:tool.swordPlatinum, Shiny Sword
ThermalFoundation:tool.shovelPlatinum, Shiny Shovel
ThermalFoundation:tool.pickaxePlatinum, Shiny Pickaxe
ThermalFoundation:tool.axePlatinum, Shiny Axe
ThermalFoundation:tool.hoePlatinum, Shiny Hoe
ThermalFoundation:tool.shearsPlatinum, Shiny Shears
ThermalFoundation:tool.fishingRodPlatinum, Shiny Fishing Rod
ThermalFoundation:tool.sicklePlatinum, Shiny Sickle
ThermalFoundation:tool.bowPlatinum, Shiny Reinforced Bow
ExtraUtilities:glove, Glove
ExtraUtilities:heatingElement, Heating Coil
ExtraUtilities:mini-soul:0, Soul fragment
ExtraUtilities:mini-soul:3, Soul fragment
ExtraUtilities:angelRing:0, Angel Ring
ExtraUtilities:angelRing:1, Angel Ring
ExtraUtilities:angelRing:2, Angel Ring
ExtraUtilities:angelRing:3, Angel Ring
ExtraUtilities:angelRing:4, Angel Ring
ExtraUtilities:paintbrush:0, Paintbrush
ExtraUtilities:nodeUpgrade:0, Speed Upgrade
ExtraUtilities:nodeUpgrade:1, Item Filter
ExtraUtilities:nodeUpgrade:2, World Interaction Upgrade
ExtraUtilities:nodeUpgrade:3, Stack Upgrade
ExtraUtilities:nodeUpgrade:4, Creative Upgrade
ExtraUtilities:nodeUpgrade:5, Ender Transmitter
ExtraUtilities:nodeUpgrade:6, Ender Receiver
ExtraUtilities:nodeUpgrade:7, Depth-First Search Upgrade
ExtraUtilities:nodeUpgrade:8, Breadth-First Search Upgrade
ExtraUtilities:nodeUpgrade:9, Pseudo Round Robin Upgrade
ExtraUtilities:nodeUpgrade:10, Advanced Item Filter
ExtraUtilities:lawSword, Kikoku
ExtraUtilities:golden_lasso:0, Golden Lasso
ExtraUtilities:divisionSigil, Division Sigil
ExtraUtilities:unstableingot:0, Unstable Ingot
ExtraUtilities:unstableingot:1, Semi-stable Nugget
ExtraUtilities:unstableingot:2, Mobius "Unstable/Stable" Ingot
ExtraUtilities:builderswand, Builder's Wand
ExtraUtilities:shears, Precision Shears
ExtraUtilities:creativebuilderswand, Super Builder's Wand
ExtraUtilities:ethericsword, Etheric Sword
ExtraUtilities:erosionShovel, Erosion Shovel
ExtraUtilities:destructionpickaxe, Destruction Pickaxe
ExtraUtilities:defoliageAxe, Healing Axe
ExtraUtilities:temporalHoe, Reversing Hoe
ExtraUtilities:sonar_goggles, Sonar Goggles
ExtraUtilities:watering_can, Watering Can
ExtraUtilities:scanner, Portable Scanner
ExtraUtilities:golden_bag, Golden Bag of Holding
ExtraUtilities:bedrockiumIngot, Bedrockium Ingot
ThermalExpansion:wrench:0, Crescent Hammer
ThermalExpansion:tool.battleWrenchInvar, BattleWrench
ThermalExpansion:igniter, item.thermalexpansion.tool.name
ThermalExpansion:chiller, item.thermalexpansion.tool.name
ThermalExpansion:pump, item.thermalexpansion.tool.name
ThermalExpansion:transfuser, item.thermalexpansion.tool.name
ThermalExpansion:capacitor:0, Creative Flux Capacitor
ThermalExpansion:capacitor:1, Tuberous Flux Capacitor
ThermalExpansion:capacitor:2, Leadstone Flux Capacitor
ThermalExpansion:capacitor:2, Leadstone Flux Capacitor
ThermalExpansion:capacitor:3, Hardened Flux Capacitor
ThermalExpansion:capacitor:3, Hardened Flux Capacitor
ThermalExpansion:capacitor:4, Redstone Flux Capacitor
ThermalExpansion:capacitor:4, Redstone Flux Capacitor
ThermalExpansion:capacitor:5, Resonant Flux Capacitor
ThermalExpansion:capacitor:5, Resonant Flux Capacitor
ThermalExpansion:satchel:0, Creative Satchel
ThermalExpansion:satchel:1, Satchel
ThermalExpansion:satchel:2, Hardened Satchel
ThermalExpansion:satchel:3, Reinforced Satchel
ThermalExpansion:satchel:4, Resonant Satchel
ThermalExpansion:florb:0, Invalid Item (Destroy) (Empty§r)
ThermalExpansion:florb:1, Invalid Item (Destroy) (Empty§r)
Additional-Buildcraft-Objects:item.buildcraftPipe.pipefluidsvalve:0, Valve Pipe
Additional-Buildcraft-Objects:item.buildcraftPipe.pipefluidsdrain:0, Drain Pipe
Additional-Buildcraft-Objects:item.buildcraftPipe.pipefluidsgoldeniron:0, Golden Iron Fluid Pipe
Additional-Buildcraft-Objects:item.buildcraftPipe.pipefluidsreinforcedgolden:0, Reinforced Golden Fluid Pipe
Additional-Buildcraft-Objects:item.buildcraftPipe.pipefluidsreinforcedgoldeniron:0, Reinforced Golden Iron Fluid Pipe
Additional-Buildcraft-Objects:item.buildcraftPipe.pipefluidsbalance:0, Balancing Fluid Pipe
Additional-Buildcraft-Objects:item.buildcraftPipe.pipeitemsroundrobin:0, Round-Robin Transport Pipe
Additional-Buildcraft-Objects:item.buildcraftPipe.pipeitemsbounce:0, Bounce Transport Pipe
Additional-Buildcraft-Objects:item.buildcraftPipe.pipeitemsdivide:0, Division Transport Pipe
Additional-Buildcraft-Objects:item.buildcraftPipe.pipeitemscompactor:0, Compactor Transport Pipe
Additional-Buildcraft-Objects:item.buildcraftPipe.pipeitemsinsertion:0, Insertion Pipe
Additional-Buildcraft-Objects:item.buildcraftPipe.pipefluidsinsertion:0, Insertion Fluid Pipe
Additional-Buildcraft-Objects:item.buildcraftPipe.pipeitemsextraction:0, Extraction Transport Pipe
Additional-Buildcraft-Objects:item.buildcraftPipe.pipeitemsenderextraction:0, Ender Extraction Pipe
Additional-Buildcraft-Objects:item.buildcraftPipe.pipeitemscrossover:0, Crossover Transport Pipe
Additional-Buildcraft-Objects:item.buildcraftPipe.pipepowerswitch:0, Kinesis Switch Pipe
Additional-Buildcraft-Objects:item.buildcraftPipe.pipepowerdirected:0, Diode Kinesis Pipe
Additional-Buildcraft-Objects:ThermalImplication, Thermal Implication
Additional-Buildcraft-Objects:AutoCompressor, Auto Compressor
Additional-Buildcraft-Objects:waterwheelItem, Waterwheel
Additional-Buildcraft-Objects:MobBottle, item.null.name
Additional-Buildcraft-Objects:GoldenStaff, Yellow Dye on a Stick
ActuallyAdditions:itemMisc:0, Paper Cone
ActuallyAdditions:itemMisc:1, Mashed Food
ActuallyAdditions:itemMisc:2, Knife Blade
ActuallyAdditions:itemMisc:3, Knife Handle
ActuallyAdditions:itemMisc:4, Dough
ActuallyAdditions:itemMisc:5, Black Quartz
ActuallyAdditions:itemMisc:6, Ring
ActuallyAdditions:itemMisc:7, Basic Coil
ActuallyAdditions:itemMisc:8, Advanced Coil
ActuallyAdditions:itemMisc:9, Rice Dough
ActuallyAdditions:itemMisc:10, Tiny Coal
ActuallyAdditions:itemMisc:11, Tiny Charcoal
ActuallyAdditions:itemMisc:12, Rice Slimeball
ActuallyAdditions:itemMisc:13, Canola
ActuallyAdditions:itemMisc:14, Empty Cup
ActuallyAdditions:itemMisc:15, Bat's Wing
ActuallyAdditions:itemMisc:16, Drill Core
ActuallyAdditions:itemMisc:17, Black Dye
ActuallyAdditions:itemMisc:18, Lens
ActuallyAdditions:itemCrateKeeper, Storage Crate Keeper
ActuallyAdditions:itemColorLens, Lens of Color
ActuallyAdditions:itemExplosionLens, Lens of Detonation
ActuallyAdditions:itemDamageLens, Lens of Certain Death
ActuallyAdditions:itemCrystal:0, Restonia Crystal
ActuallyAdditions:itemCrystal:1, Palis Crystal
ActuallyAdditions:itemCrystal:2, Diamatine Crystal
ActuallyAdditions:itemCrystal:3, Void Crystal
ActuallyAdditions:itemCrystal:4, Emeradic Crystal
ActuallyAdditions:itemCrystal:5, Enori Crystal
ActuallyAdditions:itemLaserWrench, Laser Wrench
ActuallyAdditions:itemChestToCrateUpgrade, Chest To Storage Crate Upgrade
ActuallyAdditions:itemBooklet, Actually Additions Manual
ActuallyAdditions:itemGrowthRing:0, Ring of Growth
ActuallyAdditions:itemGrowthRing:0, Ring of Growth
ActuallyAdditions:itemSuctionRing:0, Ring of Magnetizing
ActuallyAdditions:itemSuctionRing:0, Ring of Magnetizing
ActuallyAdditions:itemWaterRemovalRing:0, Ring of Liquid Banning
ActuallyAdditions:itemWaterRemovalRing:0, Ring of Liquid Banning
ActuallyAdditions:itemHelmEmerald, Emerald Helmet
ActuallyAdditions:itemChestEmerald, Emerald Chestplate
ActuallyAdditions:itemPantsEmerald, Emerald Pants
ActuallyAdditions:itemBootsEmerald, Emerald Boots
ActuallyAdditions:itemHelmObsidian, Obsidian Helmet
ActuallyAdditions:itemChestObsidian, Obsidian Chestplate
ActuallyAdditions:itemPantsObsidian, Obsidian Pants
ActuallyAdditions:itemBootsObsidian, Obsidian Boots
ActuallyAdditions:itemHelmQuartz, Black Quartz Helmet
ActuallyAdditions:itemChestQuartz, Black Quartz Chestplate
ActuallyAdditions:itemPantsQuartz, Black Quartz Pants
ActuallyAdditions:itemBootsQuartz, Black Quartz Boots
ActuallyAdditions:itemTeleStaff:0, Teleport Staff
ActuallyAdditions:itemTeleStaff:0, Teleport Staff
ActuallyAdditions:itemWingsOfTheBats, Wings Of The Bats
ActuallyAdditions:itemDrill:0, Drill
ActuallyAdditions:itemDrill:0, Drill
ActuallyAdditions:itemDrill:1, Drill
ActuallyAdditions:itemDrill:1, Drill
ActuallyAdditions:itemDrill:2, Drill
ActuallyAdditions:itemDrill:2, Drill
ActuallyAdditions:itemDrill:3, Drill
ActuallyAdditions:itemDrill:3, Drill
ActuallyAdditions:itemDrill:4, Drill
ActuallyAdditions:itemDrill:4, Drill
ActuallyAdditions:itemDrill:5, Drill
ActuallyAdditions:itemDrill:5, Drill
ActuallyAdditions:itemDrill:6, Drill
ActuallyAdditions:itemDrill:6, Drill
ActuallyAdditions:itemDrill:7, Drill
ActuallyAdditions:itemDrill:7, Drill
ActuallyAdditions:itemDrill:8, Drill
ActuallyAdditions:itemDrill:8, Drill
ActuallyAdditions:itemDrill:9, Drill
ActuallyAdditions:itemDrill:9, Drill
ActuallyAdditions:itemDrill:10, Drill
ActuallyAdditions:itemDrill:10, Drill
ActuallyAdditions:itemDrill:11, Drill
ActuallyAdditions:itemDrill:11, Drill
ActuallyAdditions:itemDrill:12, Drill
ActuallyAdditions:itemDrill:12, Drill
ActuallyAdditions:itemDrill:13, Drill
ActuallyAdditions:itemDrill:13, Drill
ActuallyAdditions:itemDrill:14, Drill
ActuallyAdditions:itemDrill:14, Drill
ActuallyAdditions:itemDrill:15, Drill
ActuallyAdditions:itemDrill:15, Drill
ActuallyAdditions:itemBattery:0, Single Battery
ActuallyAdditions:itemBattery:0, Single Battery
ActuallyAdditions:itemBatteryDouble:0, Double Battery
ActuallyAdditions:itemBatteryDouble:0, Double Battery
ActuallyAdditions:itemBatteryTriple:0, Triple Battery
ActuallyAdditions:itemBatteryTriple:0, Triple Battery
ActuallyAdditions:itemBatteryQuadruple:0, Quadruple Battery
ActuallyAdditions:itemBatteryQuadruple:0, Quadruple Battery
ActuallyAdditions:itemBatteryQuintuple:0, Quintuple Battery
ActuallyAdditions:itemBatteryQuintuple:0, Quintuple Battery
ActuallyAdditions:itemDrillUpgradeSpeed, Drill Speed Augment I
ActuallyAdditions:itemDrillUpgradeSpeedII, Drill Speed Augment II
ActuallyAdditions:itemDrillUpgradeSpeedIII, Drill Speed Augment III
ActuallyAdditions:itemDrillUpgradeSilkTouch, Drill Silk Touch Augment
ActuallyAdditions:itemDrillUpgradeFortune, Drill Fortune Augment I
ActuallyAdditions:itemDrillUpgradeFortuneII, Drill Fortune Augment II (Gives Fortune III!)
ActuallyAdditions:itemDrillUpgradeThreeByThree, Drill Mining Augment I
ActuallyAdditions:itemDrillUpgradeFiveByFive, Drill Mining Augment II
ActuallyAdditions:itemDrillUpgradeBlockPlacing, Drill Block Placing Augment
ActuallyAdditions:itemBucketOil, Oil Bucket
ActuallyAdditions:itemBucketCanolaOil, Canola Oil Bucket
ActuallyAdditions:itemFertilizer, Fertilizer
ActuallyAdditions:itemCoffee, Cup with Coffee
ActuallyAdditions:itemPhantomConnector, Phantom Connector
ActuallyAdditions:itemResonantRice, Resonant Rice
ActuallyAdditions:itemFood:0, Cheese
ActuallyAdditions:itemFood:1, Pumpkin Stew
ActuallyAdditions:itemFood:2, Carrot Juice
ActuallyAdditions:itemFood:3, Fish 'N' Chips
ActuallyAdditions:itemFood:4, French Fries
ActuallyAdditions:itemFood:5, French Fry
ActuallyAdditions:itemFood:6, Spaghetti
ActuallyAdditions:itemFood:7, Noodle
ActuallyAdditions:itemFood:8, Chocolate Cake
ActuallyAdditions:itemFood:9, Chocolate
ActuallyAdditions:itemFood:10, Toast
ActuallyAdditions:itemFood:11, Submarine Sandwich
ActuallyAdditions:itemFood:12, Big Cookie
ActuallyAdditions:itemFood:13, Hamburger
ActuallyAdditions:itemFood:14, Pizza
ActuallyAdditions:itemFood:15, Baguette
ActuallyAdditions:itemFood:16, Rice
ActuallyAdditions:itemFood:17, Rice Bread
ActuallyAdditions:itemFood:18, Doughnut
ActuallyAdditions:itemFood:19, Toast o' Chocolate
ActuallyAdditions:itemFood:20, Bacon
ActuallyAdditions:itemJam:0, CuBaRa-Jam
ActuallyAdditions:itemJam:1, GraKiBa-Jam
ActuallyAdditions:itemJam:2, PlApLe-Jam
ActuallyAdditions:itemJam:3, ChApCi-Jam
ActuallyAdditions:itemJam:4, HoMeKi-Jam
ActuallyAdditions:itemJam:5, PiCo-Jam
ActuallyAdditions:itemJam:6, HoMeCo-Jam
ActuallyAdditions:itemKnife, Knife
ActuallyAdditions:itemCrafterOnAStick, Crafting Table On A Stick
ActuallyAdditions:itemDust:0, Crushed Iron
ActuallyAdditions:itemDust:1, Crushed Gold
ActuallyAdditions:itemDust:2, Crushed Diamond
ActuallyAdditions:itemDust:3, Crushed Emerald
ActuallyAdditions:itemDust:4, Crushed Lapis
ActuallyAdditions:itemDust:5, Crushed Quartz
ActuallyAdditions:itemDust:6, Crushed Coal
ActuallyAdditions:itemDust:7, Crushed Black Quartz
ActuallyAdditions:itemSolidifiedExperience, Solidified Experience
ActuallyAdditions:itemLeafBlower, Leaf Blower
ActuallyAdditions:itemLeafBlowerAdvanced, Advanced Leaf Blower
ActuallyAdditions:itemPotionRing:0, Ring of Speed
ActuallyAdditions:itemPotionRing:1, Ring of Haste
ActuallyAdditions:itemPotionRing:2, Ring of Strength
ActuallyAdditions:itemPotionRing:3, Ring of Jump Boost
ActuallyAdditions:itemPotionRing:4, Ring of Regeneration
ActuallyAdditions:itemPotionRing:5, Ring of Resistance
ActuallyAdditions:itemPotionRing:6, Ring of Fire Resistance
ActuallyAdditions:itemPotionRing:7, Ring of Water Breathing
ActuallyAdditions:itemPotionRing:8, Ring of Invisibility
ActuallyAdditions:itemPotionRing:9, Ring of Night Vision
ActuallyAdditions:itemPotionRingAdvanced:0, Advanced Ring of Speed
ActuallyAdditions:itemPotionRingAdvanced:1, Advanced Ring of Haste
ActuallyAdditions:itemPotionRingAdvanced:2, Advanced Ring of Strength
ActuallyAdditions:itemPotionRingAdvanced:3, Advanced Ring of Jump Boost
ActuallyAdditions:itemPotionRingAdvanced:4, Advanced Ring of Regeneration
ActuallyAdditions:itemPotionRingAdvanced:5, Advanced Ring of Resistance
ActuallyAdditions:itemPotionRingAdvanced:6, Advanced Ring of Fire Resistance
ActuallyAdditions:itemPotionRingAdvanced:7, Advanced Ring of Water Breathing
ActuallyAdditions:itemPotionRingAdvanced:8, Advanced Ring of Invisibility
ActuallyAdditions:itemPotionRingAdvanced:9, Advanced Ring of Night Vision
ActuallyAdditions:itemHairyBall, Ball of Fur
ActuallyAdditions:itemCoffeeBeans, Coffee Beans
ActuallyAdditions:itemRiceSeed, Rice Seeds
ActuallyAdditions:itemCanolaSeed, Canola Seeds
ActuallyAdditions:itemFlaxSeed, Flax Seeds
ActuallyAdditions:itemCoffeeSeed, Coffee Seeds
ActuallyAdditions:itemPickaxeEmerald, Emerald Pickaxe
ActuallyAdditions:itemAxeEmerald, Emerald Axe
ActuallyAdditions:itemShovelEmerald, Emerald Shovel
ActuallyAdditions:itemSwordEmerald, Emerald Sword
ActuallyAdditions:itemHoeEmerald, Emerald Hoe
ActuallyAdditions:itemPickaxeObsidian, Obsidian Pickaxe
ActuallyAdditions:itemAxeObsidian, Obsidian Axe
ActuallyAdditions:itemShovelObsidian, Obsidian Shovel
ActuallyAdditions:itemSwordObsidian, Obsidian Sword
ActuallyAdditions:itemHoeObsidian, Obsidian Hoe
ActuallyAdditions:itemPickaxeQuartz, Black Quartz Pickaxe
ActuallyAdditions:itemAxeQuartz, Black Quartz Axe
ActuallyAdditions:itemShovelQuartz, Black Quartz Shovel
ActuallyAdditions:itemSwordQuartz, Black Quartz Sword
ActuallyAdditions:itemHoeQuartz, Black Quartz Hoe
ActuallyAdditions:woodenPaxel, Wooden AIOT
ActuallyAdditions:stonePaxel, Stone AIOT
ActuallyAdditions:ironPaxel, Iron AIOT
ActuallyAdditions:goldPaxel, Golden AIOT
ActuallyAdditions:diamondPaxel, Diamond AIOT
ActuallyAdditions:emeraldPaxel, Emerald AIOT
ActuallyAdditions:obsidianPaxel, Obsidian AIOT
ActuallyAdditions:quartzPaxel, Black Quartz AIOT
ActuallyAdditions:itemPickaxeCrystalRed, Restonia Crystal Pickaxe
ActuallyAdditions:itemAxeCrystalRed, Restonia Crystal Axe
ActuallyAdditions:itemShovelCrystalRed, Restonia Crystal Shovel
ActuallyAdditions:itemSwordCrystalRed, Restonia Crystal Sword
ActuallyAdditions:itemHoeCrystalRed, Restonia Crystal Hoe
ActuallyAdditions:itemHelmCrystalRed, Restonia Crystal Helmet
ActuallyAdditions:itemChestCrystalRed, Restonia Crystal Chestplate
ActuallyAdditions:itemPantsCrystalRed, Restonia Crystal Pants
ActuallyAdditions:itemBootsCrystalRed, Restonia Crystal Boots
ActuallyAdditions:itemPaxelCrystalRed, Restonia Crystal AIOT
ActuallyAdditions:itemPickaxeCrystalBlue, Palis Crystal Pickaxe
ActuallyAdditions:itemAxeCrystalBlue, Palis Crystal Axe
ActuallyAdditions:itemShovelCrystalBlue, Palis Crystal Shovel
ActuallyAdditions:itemSwordCrystalBlue, Palis Crystal Sword
ActuallyAdditions:itemHoeCrystalBlue, Palis Crystal Hoe
ActuallyAdditions:itemHelmCrystalBlue, Palis Crystal Helmet
ActuallyAdditions:itemChestCrystalBlue, Palis Crystal Chestplate
ActuallyAdditions:itemPantsCrystalBlue, Palis Crystal Pants
ActuallyAdditions:itemBootsCrystalBlue, Palis Crystal Boots
ActuallyAdditions:itemPaxelCrystalBlue, Palis Crystal AIOT
ActuallyAdditions:itemPickaxeCrystalLightBlue, Diamatine Crystal Pickaxe
ActuallyAdditions:itemAxeCrystalLightBlue, Diamatine Crystal Axe
ActuallyAdditions:itemShovelCrystalLightBlue, Diamatine Crystal Shovel
ActuallyAdditions:itemSwordCrystalLightBlue, Diamatine Crystal Sword
ActuallyAdditions:itemHoeCrystalLightBlue, Diamatine Crystal Hoe
ActuallyAdditions:itemHelmCrystalLightBlue, Diamatine Crystal Helmet
ActuallyAdditions:itemChestCrystalLightBlue, Diamatine Crystal Chestplate
ActuallyAdditions:itemPantsCrystalLightBlue, Diamatine Crystal Pants
ActuallyAdditions:itemBootsCrystalLightBlue, Diamatine Crystal Boots
ActuallyAdditions:itemPaxelCrystalLightBlue, Diamatine Crystal AIOT
ActuallyAdditions:itemPickaxeCrystalBlack, Void Crystal Pickaxe
ActuallyAdditions:itemAxeCrystalBlack, Void Crystal Axe
ActuallyAdditions:itemShovelCrystalBlack, Void Crystal Shovel
ActuallyAdditions:itemSwordCrystalBlack, Void Crystal Sword
ActuallyAdditions:itemHoeCrystalBlack, Void Crystal Hoe
ActuallyAdditions:itemHelmCrystalBlack, Void Crystal Helmet
ActuallyAdditions:itemChestCrystalBlack, Void Crystal Chestplate
ActuallyAdditions:itemPantsCrystalBlack, Void Crystal Pants
ActuallyAdditions:itemBootsCrystalBlack, Void Crystal Boots
ActuallyAdditions:itemPaxelCrystalBlack, Void Crystal AIOT
ActuallyAdditions:itemPickaxeCrystalGreen, Emeradic Crystal Pickaxe
ActuallyAdditions:itemAxeCrystalGreen, Emeradic Crystal Axe
ActuallyAdditions:itemShovelCrystalGreen, Emeradic Crystal Shovel
ActuallyAdditions:itemSwordCrystalGreen, Emeradic Crystal Sword
ActuallyAdditions:itemHoeCrystalGreen, Emeradic Crystal Hoe
ActuallyAdditions:itemHelmCrystalGreen, Emeradic Crystal Helmet
ActuallyAdditions:itemChestCrystalGreen, Emeradic Crystal Chest
ActuallyAdditions:itemPantsCrystalGreen, Emeradic Crystal Pants
ActuallyAdditions:itemBootsCrystalGreen, Emeradic Crystal Boots
ActuallyAdditions:itemPaxelCrystalGreen, Emeradic Crystal AIOT
ActuallyAdditions:itemPickaxeCrystalWhite, Enori Crystal Pickaxe
ActuallyAdditions:itemAxeCrystalWhite, Enori Crystal Axe
ActuallyAdditions:itemShovelCrystalWhite, Enori Crystal Shovel
ActuallyAdditions:itemSwordCrystalWhite, Enori Crystal Sword
ActuallyAdditions:itemHoeCrystalWhite, Enori Crystal Hoe
ActuallyAdditions:itemHelmCrystalWhite, Enori Crystal Helmet
ActuallyAdditions:itemChestCrystalWhite, Enori Crystal Chest
ActuallyAdditions:itemPantsCrystalWhite, Enori Crystal Pants
ActuallyAdditions:itemBootsCrystalWhite, Enori Crystal Boots
ActuallyAdditions:itemPaxelCrystalWhite, Enori Crystal AIOT
adhooks:pudge_hook, Pudge Hook
adhooks:pudge_launcher, Pudge Hook Launcher
adhooks:spear_hook, Spear Hook
adhooks:spear_launcher, Spear Hook Launcher
adhooks:web_hook, Web Hook
adhooks:web_launcher, Web Hook Launcher
AdvancedSolarPanel:advanced_solar_helmet, Advanced Solar Helmet
AdvancedSolarPanel:hybrid_solar_helmet, Hybrid Solar Helmet
AdvancedSolarPanel:ultimate_solar_helmet, Ultimate Solar Helmet
AdvancedSolarPanel:asp_crafting_items:0, Sunnarium
AdvancedSolarPanel:asp_crafting_items:1, Sunnarium Alloy
AdvancedSolarPanel:asp_crafting_items:2, Irradiant Uranium
AdvancedSolarPanel:asp_crafting_items:3, Enriched Sunnarium
AdvancedSolarPanel:asp_crafting_items:4, Enriched Sunnarium Alloy
AdvancedSolarPanel:asp_crafting_items:5, Irradiant Glass Pane
AdvancedSolarPanel:asp_crafting_items:6, Iridium-Iron Plate
AdvancedSolarPanel:asp_crafting_items:7, Reinforced Iridium-Iron Plate
AdvancedSolarPanel:asp_crafting_items:8, Irradiant Reinforced Plate
AdvancedSolarPanel:asp_crafting_items:9, Sunnarium Piece
AdvancedSolarPanel:asp_crafting_items:10, Iridium Ingot
AdvancedSolarPanel:asp_crafting_items:11, Uranium Ingot
AdvancedSolarPanel:asp_crafting_items:12, MT Core
AdvancedSolarPanel:asp_crafting_items:13, Quantum Core
adventurebackpack:machete, Machete
adventurebackpack:clockworkCrossbow, Clockwork Crossbow
adventurebackpack:adventureHat, Adventurer's Fedora
adventurebackpack:adventureSuit, Adventurer's Suit
adventurebackpack:adventurePants, Adventurer's Pants
adventurebackpack:pistonBoots, Piston Boots
adventurebackpack:copterPack, Copter Pack
adventurebackpack:coalJetpack, Coal Jetpack
adventurebackpack:adventureBackpack, Adventure Backpack
adventurebackpack:backpackComponent:1, Sleeping Bag
adventurebackpack:backpackComponent:2, Backpack Tank
adventurebackpack:backpackComponent:3, Hose Nozzle
adventurebackpack:backpackComponent:4, Machete Handle
adventurebackpack:backpackComponent:5, Two-Cylinder Diesel Engine
adventurebackpack:backpackComponent:6, Copter Blades
adventurebackpack:backpackComponent:7, Inflatable Boat
adventurebackpack:backpackComponent:8, Inflatable Boat (Motorized)
adventurebackpack:backpackComponent:9, Hydro Blades
adventurebackpack:backpackHose, Backpack Hose
adventurebackpack:melonJuiceBottle, Melon Juice Bottle
guideapi:ItemGuideBook:0, Adventurer's Journal
guideapi:ItemLostPage:0, Lost Page
adventurersamulets:AdventurersAmulets_windmakersPendant, §k§2Windmaker's Pendant§0
adventurersamulets:AdventurersAmulets_windmakersRing, §k§2Windmaker's Ring§0
adventurersamulets:AdventurersAmulets_windmakersBelt, §k§2Windmaker's Belt§0
adventurersamulets:AdventurersAmulets_infernalPendant, §k§4Infernal Pendant§0
adventurersamulets:AdventurersAmulets_infernalRing, §k§4Infernal Ring§0
adventurersamulets:AdventurersAmulets_infernalBelt, §k§4Infernal Belt§0
adventurersamulets:AdventurersAmulets_infernalIron, §k§4Infernal Iron§0
adventurersamulets:AdventurersAmulets_aquaticPendant, §k§1Aquatic Pendant§0
adventurersamulets:AdventurersAmulets_aquaticRing, §k§1Aquatic Ring§0
adventurersamulets:AdventurersAmulets_aquaticBelt, §k§1Aquatic Belt§0
adventurersamulets:AdventurersAmulets_aquaticEmerald, §k§1Aquatic Emerald§0
adventurersamulets:AdventurersAmulets_floralPendant, §k§aFloral Pendant§0
adventurersamulets:AdventurersAmulets_floralRing, §k§aFloral Ring§0
adventurersamulets:AdventurersAmulets_floralBelt, §k§aFloral Belt§0
adventurersamulets:AdventurersAmulets_eagleWing, Eagle Wing
adventurersamulets:AdventurersAmulets_cloudBottle:0, Empty Cloud Bottle
adventurersamulets:AdventurersAmulets_cloudBottle:1, Full Cloud Bottle
adventurersamulets:AdventurersAmulets_cloudCloth, Cloud Cloth
adventurersamulets:AdventurersAmulets_demonHeart, Demon Heart
adventurersamulets:AdventurersAmulets_lavaFragment, Lava Shard
adventurersamulets:AdventurersAmulets_fishScales, Fish Scale
adventurersamulets:AdventurersAmulets_shells, Shells
adventurersamulets:AdventurersAmulets_pureSeeds, Pure Seeds
adventurersamulets:AdventurersAmulets_pureDandelion, Pure Dandelion
adventurersamulets:AdventurersAmulets_aquaticBag, Fishy-smelling Bag
adventurersamulets:AdventurersAmulets_transposingPendant, §k§5Transposing Pendant§0
adventurersamulets:AdventurersAmulets_transposingBelt, §k§5Transposing Belt§0
adventurersamulets:AdventurersAmulets_transposingRing, §k§5Transposing Ring§0
adventurersamulets:AdventurersAmulets_chargedEnderPearl, Reinforced Ender Pearl
adventurersamulets:AdventurersAmulets_chargedEnderShard, Charged Ender Shard
adventurersamulets:AdventurersAmulets_aquaticBattery, §k§1Aquatic Focus Crystal§0
adventurersamulets:AdventurersAmulets_floralBattery, §k§aFloral Focus Crystal§0
adventurersamulets:AdventurersAmulets_infernalBattery, §k§4Infernal Focus Crystal§0
adventurersamulets:AdventurersAmulets_transposingBattery, §k§5Transposing Focus Crystal§0
adventurersamulets:AdventurersAmulets_windmakersBattery, §k§2Windmaker's Focus Crystal§0
adventurersamulets:AdventurersAmulets_inertFocusCrystal, Inert Focus Crystal
adventurersamulets:AdventurersAmulets_basicBelt, Mundane Belt
adventurersamulets:AdventurersAmulets_basicRing, Mundane Ring
adventurersamulets:AdventurersAmulets_basicPendant, Mundane Pendant
adventurersamulets:AdventurersAmulets_frostbittenEssence, Essence of the Frost
adventurersamulets:AdventurersAmulets_frozenHeart, Frozen Heart
adventurersamulets:AdventurersAmulets_frostbittenBelt, §k§bFrostbitten Belt§0
adventurersamulets:AdventurersAmulets_frostbittenBattery, §k§bFrostbitten Focus Crystal§0
adventurersamulets:AdventurersAmulets_frostbittenPendant, §k§bFrostbitten Pendant§0
adventurersamulets:AdventurersAmulets_frostbittenRing, §k§bFrostbitten Ring§0
adventurersamulets:AdventurersAmulets_pogoRing, Ring of the Pogo
adventurersamulets:AdventurersAmulets_cheatyBattery, Ultimate Cheaty Battery of Sin
adventurersamulets:AdventurersAmulets_earthboundPendant, §k§8Earthbound Pendant§0
adventurersamulets:AdventurersAmulets_earthboundBelt, §k§8Earthbound Belt§0
adventurersamulets:AdventurersAmulets_earthboundRing, §k§8Earthbound Ring§0
adventurersamulets:AdventurersAmulets_earthboundBattery, §k§8Earthbound Focus Crystal§0
adventurersamulets:AdventurersAmulets_stone, Small Stone
adventurersamulets:AdventurersAmulets_hammer, Hammer
adventurersamulets:AdventurersAmulets_worm, Wiggly Worm
adventurersamulets:AdventurersAmulets_mediumStone, Medium Stone
adventurersamulets:AdventurersAmulets_largeStone, Large Stone
adventurersamulets:AdventurersAmulets_pixieDust, Pixie Dust
adventurersamulets:AdventurersAmulets_illuminatedPixieDust, Illuminated Pixie Dust
adventurersamulets:AdventurersAmulets_fairyWand, Trumpet of the Fairies
adventurersamulets:AdventurersAmulets_fairySilk, Imbued Silk
adventurersamulets:AdventurersAmulets_fairyBattery, §k§dFairy Focus Crystal§0
adventurersamulets:AdventurersAmulets_fairyBelt, §k§dFairy Belt§0
adventurersamulets:AdventurersAmulets_fairyPendant, §k§dFairy Pendant§0
adventurersamulets:AdventurersAmulets_fairyRing, §k§dFairy Ring§0
adventurersamulets:AdventurersAmulets_wand, Runic Wand
adventurersamulets:AdventurersAmulets_artifactWing, Purified Wing
ae2stuff:WirelessKit, Wireless Setup Kit
ae2stuff:Visualiser, Network Visualisation Tool
ae2tech:card.machineperfupgrade:0, Performance Upgrade Card (Redstone)
ae2tech:card.machineperfupgrade:1, Performance Upgrade Card (Iron)
ae2tech:card.machineperfupgrade:2, Performance Upgrade Card (Gold)
ae2tech:card.machineperfupgrade:3, Performance Upgrade Card (Diamond)
ae2tech:card.machineperfupgrade:4, Performance Upgrade Card (Emerald)
ae2tech:card.machineperfupgrade:5, Performance Upgrade Card (Creative Spawned)
AFSU:ALC, AFB
AgriCraft:seedPotato, Potato Seeds
AgriCraft:seedCarrot, Carrot Seeds
AgriCraft:seedSugarcane, Sugarcane Seeds
AgriCraft:seedDandelion, Dandelion Seeds
AgriCraft:seedPoppy, Poppy Seeds
AgriCraft:seedOrchid, Blue Orchid Seeds
AgriCraft:seedAllium, Allium Seeds
AgriCraft:seedTulipRed, Red Tulip Seeds
AgriCraft:seedTulipOrange, Orange Tulip Seeds
AgriCraft:seedTulipWhite, White Tulip Seeds
AgriCraft:seedTulipPink, Pink Tulip Seeds
AgriCraft:seedDaisy, Daisy Seeds
AgriCraft:seedCactus, Cactus Seeds
AgriCraft:seedShroomRed, Red Mushroom Spores
AgriCraft:seedShroomBrown, Brown Mushroom Spores
AgriCraft:cropsItem, Crop Sticks
AgriCraft:journal, Agricultural Journal
AgriCraft:magnifyingGlass, Magnifying Glass
AgriCraft:debugger, Debugger
AgriCraft:trowel, Gardening Trowel
AgriCraft:handRake:0, Wooden Hand Rake
AgriCraft:handRake:1, Iron Hand Rake
AgriCraft:clipper, Clipper
AgriCraft:clipping, Clipping
MetallurgyCore:metallurgyCore.oreFinder, Ore Finder
Agriculture:base.crop:0, Flour
Agriculture:base.crop:1, Dough
Agriculture:base.crop:2, Loaf of Bread
Agriculture:base.crop:3, Apple Cinnamon Cookie
Agriculture:base.crop:4, Apple Cinnamon Cookie Dough
Agriculture:base.crop:5, Apple Gelatin
Agriculture:base.crop:6, Apple Jelly
Agriculture:base.crop:7, Apple Jelly Toast
Agriculture:base.crop:8, Apple Mush
Agriculture:base.crop:9, Apple Pie
Agriculture:base.crop:10, Bacon
Agriculture:base.crop:11, Bacon Cheeseburger
Agriculture:base.crop:12, Bacon Cheese Fries
Agriculture:base.crop:13, Batter
Agriculture:base.crop:14, Beef Jerky
Agriculture:base.crop:15, Beer
Agriculture:base.crop:16, Bowl of Raw Pasta
Agriculture:base.crop:17, Bread Crumbs
Agriculture:base.crop:18, Breaded Chicken
Agriculture:base.crop:19, Butter
Agriculture:base.crop:20, Butter Cookie
Agriculture:base.crop:21, Butter Cookie Dough
Agriculture:base.crop:22, Buttered Toast
Agriculture:base.crop:23, Candied Apple
Agriculture:base.crop:24, Caramel
Agriculture:base.crop:25, Caramel Apple
Agriculture:base.crop:26, Caramel Apple With Nuts
Agriculture:base.crop:27, Carrot Cake
Agriculture:base.crop:28, Carrot Cake Batter
Agriculture:base.crop:29, Cheese
Agriculture:base.crop:30, Cheeseburger
Agriculture:base.crop:31, Cheese Fries
Agriculture:base.crop:32, Cheese Sandwich
Agriculture:base.crop:33, Cheesy Bacon Potatoes
Agriculture:base.crop:34, Cheesy Potatoes
Agriculture:base.crop:35, Chicken Nuggets
Agriculture:base.crop:36, Chocolate
Agriculture:base.crop:37, Chocolate Chip Cookie
Agriculture:base.crop:38, Chocolate Chip Cookie Dough
Agriculture:base.crop:39, Chocolate Covered Strawberries
Agriculture:base.crop:40, Chocolate Ice Cream
Agriculture:base.crop:41, Chocolate Sauce
Agriculture:base.crop:42, Chocolate Ice Cream Chocolate Sauce
Agriculture:base.crop:43, Chocolate Ice Cream Mix
Agriculture:base.crop:44, Cinnamon
Agriculture:base.crop:45, Cinnamon And Sugar
Agriculture:base.crop:46, Cinnamon Toast
Agriculture:base.crop:47, Cooking Oil
Agriculture:base.crop:48, Crushed Peanuts
Agriculture:base.crop:49, Deluxe Hot Cocoa
Agriculture:base.crop:50, Diced Potatoes
Agriculture:base.crop:51, Double Bacon Cheeseburger
Agriculture:base.crop:52, French Fries
Agriculture:base.crop:53, French Toast
Agriculture:base.crop:54, Fried Chicken
Agriculture:base.crop:55, Gelatin
Agriculture:base.crop:56, Grilled Cheese
Agriculture:base.crop:57, Ground Beef
Agriculture:base.crop:58, Ground Chicken
Agriculture:base.crop:59, Ground Cinnamon
Agriculture:base.crop:60, Ground Pork
Agriculture:base.crop:61, Hamburger
Agriculture:base.crop:62, Hamburger Patty
Agriculture:base.crop:63, Hot Cocoa
Agriculture:base.crop:64, Ice Cream Mix
Agriculture:base.crop:65, Macaroni And Cheese
Agriculture:base.crop:66, Marshmallows
Agriculture:base.crop:67, Mashed Potatoes
Agriculture:base.crop:68, Milk
Agriculture:base.crop:69, Pasta
Agriculture:base.crop:70, Pasta Dough
Agriculture:base.crop:71, PB&J Sandwich Apple
Agriculture:base.crop:72, PB&J Sandwich Strawberry
Agriculture:base.crop:73, PB Sandwich
Agriculture:base.crop:74, Peanut Butter
Agriculture:base.crop:75, Peanut Butter Cookie
Agriculture:base.crop:76, Peanut Butter Cookie Dough
Agriculture:base.crop:77, Peanuts
Agriculture:base.crop:78, Pumpkin Cookie
Agriculture:base.crop:79, Pumpkin Cookie Dough
Agriculture:base.crop:80, Raw Apple Pie
Agriculture:base.crop:81, Raw Chicken Nuggets
Agriculture:base.crop:82, Raw French Toast
Agriculture:base.crop:83, Raw Hamburger Patty
Agriculture:base.crop:84, Raw Strawberry Pie
Agriculture:base.crop:85, Roasted Marshmallows
Agriculture:base.crop:86, Roasted Peanuts
Agriculture:base.crop:87, Salt
Agriculture:base.crop:88, Salted Beef
Agriculture:base.crop:89, Salted Pork
Agriculture:base.crop:90, Shortcake
Agriculture:base.crop:91, Slice of Bread
Agriculture:base.crop:92, Slice of Cheese
Agriculture:base.crop:93, Snicker Doodle
Agriculture:base.crop:94, Snicker Doodle Dough
Agriculture:base.crop:95, Strawberry
Agriculture:base.crop:96, Strawberry Gelatin
Agriculture:base.crop:97, Strawberry Ice Cream
Agriculture:base.crop:98, Strawberry Ice Cream Chocolate Sauce
Agriculture:base.crop:99, Strawberry Ice Cream Mix
Agriculture:base.crop:100, Strawberry Jelly
Agriculture:base.crop:101, Strawberry Jelly Cookie
Agriculture:base.crop:102, Strawberry Jelly Cookie Dough
Agriculture:base.crop:103, Strawberry Jelly Toast
Agriculture:base.crop:104, Strawberry Mush
Agriculture:base.crop:105, Strawberry Pie
Agriculture:base.crop:106, Strawberry ShortCake
Agriculture:base.crop:107, Sugar Cookie
Agriculture:base.crop:108, Sugar Cookie Dough
Agriculture:base.crop:109, Toast
Agriculture:base.crop:110, Toasted PB&J Sandwich Apple
Agriculture:base.crop:111, Toasted PB&J Sandwich Strawberry
Agriculture:base.crop:112, Toasted PB Sandwich
Agriculture:base.crop:113, Vanilla
Agriculture:base.crop:114, Vanilla Ice Cream
Agriculture:base.crop:115, Vanilla Ice Cream Chocolate Sauce
Agriculture:base.crop:116, Vanilla Ice Cream Mix
Agriculture:base.crop:117, Vinegar
Agriculture:base.crop:118, Whipped Cream
AkutoLib:manual, akutolib:item.manual.test.name
AkutoEngine:engineCore, Super Engine Core
AkutoEngine:engineCoreMk2, Super Engine Core MkⅡ
AkutoEngine:coreElemntary, Black Feather of Chicken
AkutoEngine:coreElemntary2, Black Leather of Cow
AkutoEngine:engineChip, Lever Chip
AkutoEngine:heatPearl, Blaze Pearl
AkutoEngine:manualFiller, Manual of FilleEX
AkutoEngine:fillerModule:0, Filling Module
AkutoEngine:fillerModule:1, Erasing Module
AkutoEngine:fillerModule:2, Remover(Bottom to Top) Module
AkutoEngine:fillerModule:3, Remover(Top to Bottom) Module
AkutoEngine:fillerModule:4, Flattening Module
AkutoEngine:fillerModule:5, Hole Fill Module
AkutoEngine:fillerModule:6, Under Fill Module
AkutoEngine:fillerModule:7, Box Module
AkutoEngine:fillerModule:8, Wall Module
AkutoEngine:fillerModule:9, Flooring Module
AkutoEngine:fillerModule:10, Placing Torch Module
AkutoEngine:fillerModule:11, Towering Module
AkutoEngine:fillerModule:12, Erasing Liquid Module
AkutoEngine:fillerModule:13, Hoe Module
AkutoEngine:fillerModule:14, Quarry Module
ALC1:mercury, Mercury
ALC1:stoneChunk, Chunk of Sorcerer's Stone
ALC1:stone, Sorcerer's Stone
ALC1:soulStone, Solidified Soul
ALC1:catalyst, Duplication Catalyst
ALC1:catalyst1, Transmutation Catalyst
ALC1:catalyst2, Growth Catalyst (NULL)
ALC1:gilded, Gilded Terrametal
ALC1:terrametal, Terrametal
ALC1:pyrometal, Pyrometal
ALC1:aetherString, Aether String
ALC1:aguaMesh, Agua Meshing
ALC1:pyroPlate, Pyrometal Plating
ALC1:terraPlate, Terrametal Plating
ALC1:terraSword, Terrametal Sword
ALC1:terraAxe, Terrametal Axe
ALC1:terraPick, Terrametal Pick
ALC1:terraShovel, Terrametal Shovel
ALC1:gildedSword, Gilded Terrametal Sword
ALC1:gildedAxe, Gilded Terrametal Axe
ALC1:gildedPick, Gilded Terrametal Pick
ALC1:gildedShovel, Gilded Terrametal Shovel
ALC1:pyroSword, Pyrometal Sword
ALC1:pyroAxe, Pyrometal Axe
ALC1:pyroPick, Pyrometal Pick
ALC1:pyroShovel, Pyrometal Shovel
ALC1:aetherBoots, Aether-weave Boots
ALC1:aguaHelmet, Aguamesh Helmet
ALC1:terraChest, Terrametal Chestplate
ALC1:pyroPants, Pyrosteel Pants
ALC1:soulFake, Fake Soul
ALC1:soulPassive, Passive Soul
ALC1:soulVillager, Villager's Soul
ALC1:soulHostile, Hostile Soul
ALC1:eleTerra, Terra Elementia
ALC1:elePyro, Pyro Elementia
ALC1:eleAgua, Agua Elementia
ALC1:eleAether, Aether Elementia
ac2:item.AEther, AEther
ac2:item.AEtherSeeds, AEther Seeds
ac2:item.Air, Aura
ac2:item.AirSeeds, Air Seeds
ac2:item.Water, Liquida
ac2:item.WaterSeeds, Water Seeds
ac2:item.Earth, Mundus
ac2:item.EarthSeeds, Earth Seeds
ac2:item.Fire, Incendium
ac2:item.FireSeeds, Fire Seeds
ac2:item.Energy, Impes
ac2:item.Light, Lumen
ac2:item.Darkness, Nox
ac2:item.Magic, Magicis
ac2:item.Life, Vita
ac2:item.Evil, Lues
ac2:item.Good, Bonum
ac2:item.Void, Vacuum
ac2:item.BlankRecord, Blank Record
ac2:item.AlchemicalStone, Alchemical Stone
ac2:item.ingotCopper, Copper Ingot
ac2:item.ingotLead, Lead Ingot
ac2:item.ingotSilver, Silver Ingot
ac2:item.FireHammer, Fire Hammer
ac2:item.BagofWinds, Bag of Winds
ac2:item.VoidStaff, Void Staff
ac2:item.LightOrb, Orb of the Sun
ac2:item.DarkOrb, Orb of the Moon
ac2:item.ZeusBolt, Zeus' Lightning Bolt
ac2:item.StormPearl1, Storm Pearl (Empty)
ac2:item.StormPearl2, Storm Pearl (Full)
ac2:item.TerrestrialPickaxe, Terrestrial Pickaxe
ac2:item.FertileRoot, Root of Fertility
ac2:item.PocketNetherPortal, Pocket Nether Portal
ac2:item.PocketOverworldPortal, Pocket Overworld Portal
ac2:item.AEthericSword, AEtheric Sword
ac2:item.MortarPestle, Mortar and Pestle
ac2:item.HerbBall, Ball of Herbs
ac2:item.ElementiumHelmet, Elementium Helmet
ac2:item.ElementiumChestplate, Elementium Chestplate
ac2:item.ElementiumLeggings, Elementium Leggings
ac2:item.ElementiumBoots, Elementium Boots
ac2:item.ElementiumNugget, Elementium Nugget
ac2:item.ElementiumIngot, Elementium Ingot
ac2:item.BasicsBook, Alchemist's Journal Vol. 1
adiectamateria:pulvis_dust, Catalytic Powder
adiectamateria:altera_dust, Catalytic Powder
adiectamateria:rice_paper, Rice Paper
adiectamateria:rice_seed, Rice
adiectamateria:rye_raw, Cooked Rice
adiectamateria:rye_cooked, Onigiri
adiectamateria:god_juice, God Juice
adiectamateria:greater_jeweled_apple, Greater Jeweled Apple
adiectamateria:infinite_water, Water in a Glass
adiectamateria:infinite_lava, Lava in a Glass
adiectamateria:electric_orb, Lightning in a Glass
adiectamateria:light_orb, Fire in a Glass
adiectamateria:day_orb, Daytime in a Glass
adiectamateria:dark_orb, Nighttime in a Glass
adiectamateria:rain_orb, Rain in a Glass
adiectamateria:trinket_speed, Maiorem Trinket
adiectamateria:trinket_heal, Maiorem Trinket
adiectamateria:trinket_water, Maiorem Trinket
adiectamateria:trinket_invisibility, Maiorem Trinket
adiectamateria:trinket_vision, Maiorem Trinket
adiectamateria:trinket_saturation, Maiorem Trinket
AWWayofTime:weakBloodOrb, Weak Blood Orb
AWWayofTime:apprenticeBloodOrb, Apprentice Blood Orb
AWWayofTime:magicianBloodOrb, Magician's Blood Orb
AWWayofTime:energyBlaster, Energy Blaster
AWWayofTime:energyBlasterSecondTier, Energy Blaster II
AWWayofTime:energyBlasterThirdTier, Energy Blaster III
AWWayofTime:energySword, Bound Blade
AWWayofTime:lavaCrystal, Lava Crystal
AWWayofTime:waterSigil, Water Sigil
AWWayofTime:lavaSigil, Lava Sigil
AWWayofTime:voidSigil, Void Sigil
AWWayofTime:blankSlate, Blank Slate
AWWayofTime:reinforcedSlate, Reinforced Slate
AWWayofTime:sacrificialKnife, Sacrificial Knife
AWWayofTime:daggerOfSacrifice, Dagger of Sacrifice
AWWayofTime:airSigil, Air Sigil
AWWayofTime:sigilOfTheFastMiner, Sigil of the Fast Miner
AWWayofTime:sigilOfElementalAffinity, Sigil of Elemental Affinity
AWWayofTime:sigilOfHaste, Sigil of Haste
AWWayofTime:sigilOfHolding, Sigil of Holding
AWWayofTime:divinationSigil, Divination Sigil
AWWayofTime:waterScribeTool, Elemental Inscription Tool: Water
AWWayofTime:fireScribeTool, Elemental Inscription Tool: Fire
AWWayofTime:earthScribeTool, Elemental Inscription Tool: Earth
AWWayofTime:airScribeTool, Elemental Inscription Tool: Air
AWWayofTime:activationCrystal:0, Weak Activation Crystal
AWWayofTime:activationCrystal:1, Awakened Activation Crystal
AWWayofTime:activationCrystal:2, Creative Activation Crystal
AWWayofTime:boundPickaxe, Bound Pickaxe
AWWayofTime:boundAxe, Bound Axe
AWWayofTime:boundShovel, Bound Shovel
AWWayofTime:boundHelmet, Bound Helmet
AWWayofTime:boundPlate, Bound Plate
AWWayofTime:boundLeggings, Bound Leggings
AWWayofTime:boundBoots, Bound Boots
AWWayofTime:weakBloodShard, Weak Blood Shard
AWWayofTime:growthSigil, Sigil of the Green Grove
AWWayofTime:blankSpell, Unbound Crystal
AWWayofTime:masterBloodOrb, Master Blood Orb
AWWayofTime:alchemyFlask, Potion Flask
AWWayofTime:standardBindingAgent, Standard Binding Agent
AWWayofTime:mundanePowerCatalyst, Mundane Power Catalyst
AWWayofTime:averagePowerCatalyst, Average Power Catalyst
AWWayofTime:greaterPowerCatalyst, Greater Power Catalyst
AWWayofTime:mundaneLengtheningCatalyst, Mundane Lengthening Catalyst
AWWayofTime:averageLengtheningCatalyst, Average Lengthening Catalyst
AWWayofTime:greaterLengtheningCatalyst, Greater Lengthening Catalyst
AWWayofTime:incendium, Incendium
AWWayofTime:magicales, Magicales
AWWayofTime:sanctus, Sanctus
AWWayofTime:aether, Aether
AWWayofTime:simpleCatalyst, Simple Catalyst
AWWayofTime:crepitous, Crepitous
AWWayofTime:crystallos, Crystallos
AWWayofTime:terrae, Terrae
AWWayofTime:aquasalus, Aquasalus
AWWayofTime:tennebrae, Tenebrae
AWWayofTime:demonBloodShard, Demon Blood Shard
AWWayofTime:archmageBloodOrb, Archmage's Blood Orb
AWWayofTime:transcendentBloodOrb, Transcendent Blood Orb
AWWayofTime:sigilOfWind, Sigil of the Whirlwind
AWWayofTime:telepositionFocus, Teleposition Focus
AWWayofTime:enhancedTelepositionFocus, Enhanced Teleposition Focus
AWWayofTime:reinforcedTelepositionFocus, Reinforced Teleposition Focus
AWWayofTime:demonicTelepositionFocus, Demonic Teleposition Focus
AWWayofTime:imbuedSlate, Imbued Slate
AWWayofTime:demonicSlate, Demonic Slate
AWWayofTime:duskScribeTool, Elemental Inscription Tool: Dusk
AWWayofTime:sigilOfTheBridge, Sigil of the Phantom Bridge
AWWayofTime:armourInhibitor, Armour Inhibitor
AWWayofTime:creativeFiller, Orb of Testing
AWWayofTime:demonPlacer:0, Demon Crystal
AWWayofTime:creativeDagger, Creative Sacrificial Knife
AWWayofTime:weakFillingAgent, Weak Filling Agent
AWWayofTime:standardFillingAgent, Standard Filling Agent
AWWayofTime:enhancedFillingAgent, Enhanced Filling Agent
AWWayofTime:weakBindingAgent, Weak Binding Agent
AWWayofTime:itemRitualDiviner:0, Ritual Diviner
AWWayofTime:itemRitualDiviner:1, Ritual Diviner
AWWayofTime:itemRitualDiviner:2, Ritual Diviner
AWWayofTime:sigilOfMagnetism, Sigil of Magnetism
AWWayofTime:itemKeyOfDiablo:0, Key of Binding
AWWayofTime:itemKeyOfDiablo:0, Key of Binding
AWWayofTime:energyBazooka, Energy Bazooka
AWWayofTime:energyBazookaSecondTier, Energy Bazooka II
AWWayofTime:energyBazookaThirdTier, Energy Bazooka III
AWWayofTime:itemBloodLightSigil, Sigil of the Blood Lamp
AWWayofTime:itemComplexSpellCrystal, Complex Spell Crystal
AWWayofTime:sigilOfSupression, Sigil of Supression
AWWayofTime:sigilOfEnderSeverance, Sigil of Ender Severance
AWWayofTime:fluidSigil, 
AWWayofTime:seerSigil, Sigil of Sight
AWWayofTime:customTool, Dynamic Mace
AWWayofTime:bucketLife, Bucket of Life
AWWayofTime:itemCombinationalCatalyst, Combinational Catalyst
AWWayofTime:itemAttunedCrystal:0, Alchemic Router
AWWayofTime:itemTankSegmenter:0, Alchemic Segmenter
AWWayofTime:itemDestinationClearer, Alchemic Cleanser
AWWayofTime:bloodMagicBaseItems:0, Quartz Rod
AWWayofTime:bloodMagicBaseItems:1, Empty Core
AWWayofTime:bloodMagicBaseItems:2, Magicales Cable
AWWayofTime:bloodMagicBaseItems:3, Wooden Brace
AWWayofTime:bloodMagicBaseItems:4, Stone Brace
AWWayofTime:bloodMagicBaseItems:5, Projectile Core
AWWayofTime:bloodMagicBaseItems:6, Self Core
AWWayofTime:bloodMagicBaseItems:7, Melee Core
AWWayofTime:bloodMagicBaseItems:8, Paradigm Plate
AWWayofTime:bloodMagicBaseItems:9, Output Spell Cable
AWWayofTime:bloodMagicBaseItems:10, Fire Core
AWWayofTime:bloodMagicBaseItems:11, Icy Core
AWWayofTime:bloodMagicBaseItems:12, Gusty Core
AWWayofTime:bloodMagicBaseItems:13, Earthen Core
AWWayofTime:bloodMagicBaseItems:14, Input Spell Cable
AWWayofTime:bloodMagicBaseItems:15, Cracked Runic Plate
AWWayofTime:bloodMagicBaseItems:16, Runic Plate
AWWayofTime:bloodMagicBaseItems:17, Imbued Runic Plate
AWWayofTime:bloodMagicBaseItems:18, Unattuned Core
AWWayofTime:bloodMagicBaseItems:19, Offensive Core
AWWayofTime:bloodMagicBaseItems:20, Defensive Core
AWWayofTime:bloodMagicBaseItems:21, Environmental Core
AWWayofTime:bloodMagicBaseItems:22, Power Core
AWWayofTime:bloodMagicBaseItems:23, Reduction Core
AWWayofTime:bloodMagicBaseItems:24, Potency Core
AWWayofTime:bloodMagicBaseItems:25, Obsidian Brace
AWWayofTime:bloodMagicBaseItems:26, Tool Core
AWWayofTime:bloodMagicBaseItems:27, Ethereal Slate
AWWayofTime:bloodMagicBaseItems:28, Life Shard
AWWayofTime:bloodMagicBaseItems:29, Soul Shard
AWWayofTime:bloodMagicBaseItems:30, Soul Runic Plate
AWWayofTime:bloodMagicBaseItems:31, Living Brace
AWWayofTime:bloodMagicBaseItems:32, Ender Shard
AWWayofTime:bloodMagicBaseAlchemyItems:0, Offensa
AWWayofTime:bloodMagicBaseAlchemyItems:1, Praesidium
AWWayofTime:bloodMagicBaseAlchemyItems:2, Orbis Terrae
AWWayofTime:bloodMagicBaseAlchemyItems:3, Strengthened Catalyst
AWWayofTime:bloodMagicBaseAlchemyItems:4, Concentrated Catalyst
AWWayofTime:bloodMagicBaseAlchemyItems:5, Fractured Bone
AWWayofTime:bloodMagicBaseAlchemyItems:6, Virtus
AWWayofTime:bloodMagicBaseAlchemyItems:7, Reductus
AWWayofTime:bloodMagicBaseAlchemyItems:8, Potentia
AWWayofTime:dawnScribeTool, Elemental Inscription Tool: Dawn
AWWayofTime:itemBloodPack, Blood Letter's Pack
AWWayofTime:itemHarvestSigil, Harvest Goddess Sigil
AWWayofTime:itemCompressionSigil, Sigil of Compression
AWWayofTime:itemAssassinSigil, Sigil of the Assassin
AWWayofTime:boundHelmetWater, Water Omega Helmet
AWWayofTime:boundPlateWater, Water Omega Plate
AWWayofTime:boundLeggingsWater, Water Omega Leggings
AWWayofTime:boundBootsWater, Water Omega Boots
AWWayofTime:boundHelmetEarth, Earth Omega Helmet
AWWayofTime:boundPlateEarth, Earth Omega Plate
AWWayofTime:boundLeggingsEarth, Earth Omega Leggings
AWWayofTime:boundBootsEarth, Earth Omega Boots
AWWayofTime:boundHelmetWind, Wind Omega Helmet
AWWayofTime:boundPlateWind, Wind Omega Plate
AWWayofTime:boundLeggingsWind, Wind Omega Leggings
AWWayofTime:boundBootsWind, Wind Omega Boots
AWWayofTime:boundHelmetFire, Fire Omega Helmet
AWWayofTime:boundPlateFire, Fire Omega Plate
AWWayofTime:boundLeggingsFire, Fire Omega Leggings
AWWayofTime:boundBootsFire, Fire Omega Boots
AWWayofTime:inputRoutingFocus, Input Routing Focus
AWWayofTime:outputRoutingFocus, item.outputRoutingFocus.name
AWWayofTime:bloodMagicIncenseItem:0, Wood Ash
AWWayofTime:bloodMagicIncenseItem:1, Byrrus
AWWayofTime:bloodMagicIncenseItem:2, Livens
AWWayofTime:bloodMagicIncenseItem:3, Viridis
AWWayofTime:bloodMagicIncenseItem:4, Purpura
AWWayofTime:ritualDismantler, Ritual Dismantler
chisel:upgrade:0, Speed Upgrade
chisel:upgrade:1, Automation Upgrade
chisel:upgrade:2, Stack Upgrade
chisel:upgrade:3, Reversion Upgrade
chisel:ballomoss, Ball O' Moss
chisel:chisel, Chisel
chisel:diamondChisel, Diamond Chisel
chisel:obsidianChisel, Obsidian Chisel
chisel:netherStarChisel, Nether Star Chisel
chisel:cloudinabottle, Cloud In A Bottle
chisel:smashingrock, Smashing Rock
Forestry:fertilizerBio, Compost
Forestry:fertilizerCompound, Fertilizer
Forestry:apatite, Apatite
Forestry:researchNote, %s's Notes
Forestry:ingotCopper, Copper Ingot
Forestry:ingotTin, Tin Ingot
Forestry:ingotBronze, Bronze Ingot
Forestry:wrench, Wrench
Forestry:pipette, Pipette
Forestry:sturdyMachine, Sturdy Casing
Forestry:hardenedMachine, Hardened Casing
Forestry:impregnatedCasing, Impregnated Casing
Forestry:craftingMaterial:0, Pulsating Dust
Forestry:craftingMaterial:1, Pulsating Mesh
Forestry:craftingMaterial:2, Silk Wisp
Forestry:craftingMaterial:3, Woven Silk
Forestry:craftingMaterial:4, Dissipation Charge
Forestry:craftingMaterial:5, Ice Shard
Forestry:craftingMaterial:6, Scented Paneling
Forestry:naturalistHelmet, Spectacles
Forestry:peat, Peat
Forestry:ash, Ash
Forestry:bituminousPeat, Bituminous Peat
Forestry:gearBronze, Bronze Gear
Forestry:gearCopper, Copper Gear
Forestry:gearTin, Tin Gear
Forestry:chipsets:0, Basic Circuit Board
Forestry:chipsets:1, Enhanced Circuit Board
Forestry:chipsets:2, Refined Circuit Board
Forestry:chipsets:3, Intricate Circuit Board
Forestry:solderingIron, Soldering Iron
Forestry:carton, Carton
Forestry:oakStick, Impregnated Stick
Forestry:woodPulp, Wood Pulp
Forestry:brokenBronzePickaxe, Broken Pickaxe
Forestry:brokenBronzeShovel, Broken Shovel
Forestry:bronzePickaxe, Survivalist's Pickaxe
Forestry:bronzeShovel, Survivalist's Shovel
Forestry:kitShovel, Shovel Kit
Forestry:kitPickaxe, Pickaxe Kit
Forestry:mouldyWheat, Mouldy Wheat
Forestry:decayingWheat, Decaying Wheat
Forestry:mulch, Mulch
Forestry:iodineCapsule, Iodine Capsule
Forestry:phosphor, Phosphor
Forestry:beeswax, Beeswax
Forestry:refractoryWax, Refractory Wax
Forestry:fruits:0, Cherry
Forestry:fruits:1, Walnut
Forestry:fruits:2, Chestnut
Forestry:fruits:3, Lemon
Forestry:fruits:4, Plum
Forestry:fruits:5, Date
Forestry:fruits:6, Papaya
Forestry:canEmpty, Can
Forestry:waxCapsule, Wax Capsule
Forestry:refractoryEmpty, Refractory Capsule
Forestry:canEthanol, Ethanol Can
Forestry:waxCapsuleEthanol, Ethanol Capsule
Forestry:refractoryEthanol, Ethanol Capsule
Forestry:bucketEthanol, Ethanol Bucket
Forestry:canBiomass, Biomass Can
Forestry:waxCapsuleBiomass, Biomass Capsule
Forestry:refractoryBiomass, Biomass Capsule
Forestry:bucketBiomass, Biomass Bucket
Forestry:bucketGlass, Molten Glass Bucket
Forestry:canHoney, Honey Can
Forestry:waxCapsuleHoney, Honey Capsule
Forestry:refractoryHoney, Honey Capsule
Forestry:bucketHoney, Honey Bucket
Forestry:canIce, Ice Can
Forestry:waxCapsuleIce, Ice Capsule
Forestry:refractoryIce, Ice Capsule
Forestry:bucketIce, Crushed Ice Bucket
Forestry:canJuice, Juice Can
Forestry:waxCapsuleJuice, Juice Capsule
Forestry:refractoryJuice, Juice Capsule
Forestry:bucketJuice, Juice Bucket
Forestry:canSeedOil, Seed Oil Can
Forestry:waxCapsuleSeedOil, Seed Oil Capsule
Forestry:refractorySeedOil, Seed Oil Capsule
Forestry:bucketSeedOil, Seed Oil Bucket
Forestry:canShortMead, Short Mead Can
Forestry:waxCapsuleShortMead, Short Mead Capsule
Forestry:refractoryShortMead, Short Mead Capsule
Forestry:bucketShortMead, Short Mead Bucket
Forestry:canMead, Mead Can
Forestry:waxCapsuleMead, Mead Capsule
Forestry:refractoryMead, Mead Capsule
Forestry:bucketMead, Mead Bucket
Forestry:canWater, Water Can
Forestry:waxCapsuleWater, Water Capsule
Forestry:refractoryWater, Water Capsule
Forestry:canLava, Lava Can
Forestry:refractoryLava, Lava Capsule
Forestry:canFuel, Fuel Can
Forestry:waxCapsuleFuel, Fuel Capsule
Forestry:refractoryFuel, Fuel Capsule
Forestry:canOil, Oil Can
Forestry:waxCapsuleOil, Oil Capsule
Forestry:refractoryOil, Oil Capsule
Forestry:beealyzer, Beealyzer
Forestry:habitatLocator, Habitat Locator
Forestry:imprinter, Imprinter
Forestry:cart.beehouse:0, Minecart with Bee House
Forestry:cart.beehouse:1, Minecart with Apiary
Forestry:frameUntreated, Untreated Frame
Forestry:frameImpregnated, Impregnated Frame
Forestry:frameProven, Proven Frame
Forestry:honeyDrop:0, Honey Drop
Forestry:pollen:0, Pollen Cluster
Forestry:pollen:1, Crystalline Pollen Cluster
Forestry:propolis:0, Propolis
Forestry:propolis:1, Sticky Propolis
Forestry:propolis:3, Silky Propolis
Forestry:honeydew, Honeydew
Forestry:royalJelly, Royal Jelly
Forestry:waxCast, Wax Cast
Forestry:beeCombs:0, Honey Comb
Forestry:beeCombs:2, Simmering Comb
Forestry:beeCombs:3, Stringy Comb
Forestry:beeCombs:4, Frozen Comb
Forestry:beeCombs:5, Dripping Comb
Forestry:beeCombs:6, Silky Comb
Forestry:beeCombs:7, Parched Comb
Forestry:beeCombs:15, Mossy Comb
Forestry:beeCombs:16, Mellow Comb
Forestry:apiaristHelmet, Apiarist's Hat
Forestry:apiaristChest, Apiarist's Shirt
Forestry:apiaristLegs, Apiarist's Pants
Forestry:apiaristBoots, Apiarist's Shoes
Forestry:scoop, Scoop
Forestry:treealyzer, Treealyzer
Forestry:grafter, Grafter
Forestry:grafterProven, Proven Grafter
Forestry:honeyedSlice, Honeyed Slice
Forestry:beverage, item.for.beverage.name
Forestry:ambrosia, Ambrosia
Forestry:honeyPot, Honey Pot
Forestry:infuser, Infuser
Forestry:flutterlyzer, Flutterlyzer
Forestry:stamps:0, Stamp (1n)
Forestry:stamps:1, Stamp (2n)
Forestry:stamps:2, Stamp (5n)
Forestry:stamps:3, Stamp (10n)
Forestry:stamps:4, Stamp (20n)
Forestry:stamps:5, Stamp (50n)
Forestry:stamps:6, Stamp (100n)
Forestry:letters, Letter
Forestry:catalogue, Catalogue
Forestry:crate, Crate
Forestry:apiaristBag, Apiarist's Backpack
Forestry:lepidopteristBag, Lepidopterist's Backpack
Forestry:minerBag, Miner's Backpack
Forestry:minerBagT2, Miner's Woven Backpack
Forestry:diggerBag, Digger's Backpack
Forestry:diggerBagT2, Digger's Woven Backpack
Forestry:foresterBag, Forester's Backpack
Forestry:foresterBagT2, Forester's Woven Backpack
Forestry:hunterBag, Hunter's Backpack
Forestry:hunterBagT2, Hunter's Woven Backpack
Forestry:adventurerBag, Adventurer's Backpack
Forestry:adventurerBagT2, Adventurer's Woven Backpack
Forestry:builderBag, Builder's Backpack
Forestry:builderBagT2, Builder's Woven Backpack
Forestry:cratedPeat, item.cratedPeat.name
Forestry:cratedApatite, item.cratedApatite.name
Forestry:cratedFertilizer, item.cratedFertilizer.name
Forestry:cratedMulch, item.cratedMulch.name
Forestry:cratedPhosphor, item.cratedPhosphor.name
Forestry:cratedAsh, item.cratedAsh.name
Forestry:cratedTin, item.cratedTin.name
Forestry:cratedCopper, item.cratedCopper.name
Forestry:cratedBronze, item.cratedBronze.name
Forestry:cratedHumus, item.cratedHumus.name
Forestry:cratedBogearth, item.cratedBogearth.name
Forestry:cratedWheat, item.cratedWheat.name
Forestry:cratedCookies, item.cratedCookies.name
Forestry:cratedRedstone, item.cratedRedstone.name
Forestry:cratedLapis, item.cratedLapis.name
Forestry:cratedReeds, item.cratedReeds.name
Forestry:cratedClay, item.cratedClay.name
Forestry:cratedGlowstone, item.cratedGlowstone.name
Forestry:cratedApples, item.cratedApples.name
Forestry:cratedNetherwart, item.cratedNetherwart.name
Forestry:cratedCharcoal, item.cratedCharcoal.name
Forestry:cratedCoal, item.cratedCoal.name
Forestry:cratedSeeds, item.cratedSeeds.name
Forestry:cratedPotatoes, item.cratedPotatoes.name
Forestry:cratedCarrots, item.cratedCarrots.name
Forestry:cratedWood, item.cratedWood.name
Forestry:cratedSpruceWood, item.cratedSpruceWood.name
Forestry:cratedBirchWood, item.cratedBirchWood.name
Forestry:cratedJungleWood, item.cratedJungleWood.name
Forestry:cratedAcaciaWood, item.cratedAcaciaWood.name
Forestry:cratedDarkOakWood, item.cratedDarkOakWood.name
Forestry:cratedCobblestone, item.cratedCobblestone.name
Forestry:cratedDirt, item.cratedDirt.name
Forestry:cratedPodzol, item.cratedPodzol.name
Forestry:cratedStone, item.cratedStone.name
Forestry:cratedBrick, item.cratedBrick.name
Forestry:cratedCacti, item.cratedCacti.name
Forestry:cratedSand, item.cratedSand.name
Forestry:cratedRedSand, item.cratedRedSand.name
Forestry:cratedObsidian, item.cratedObsidian.name
Forestry:cratedNetherrack, item.cratedNetherrack.name
Forestry:cratedSoulsand, item.cratedSoulsand.name
Forestry:cratedSandstone, item.cratedSandstone.name
Forestry:cratedNetherbrick, item.cratedNetherbrick.name
Forestry:cratedMycelium, item.cratedMycelium.name
Forestry:cratedGravel, item.cratedGravel.name
Forestry:cratedSaplings, item.cratedSaplings.name
Forestry:cratedSpruceSapling, item.cratedSpruceSapling.name
Forestry:cratedBirchSapling, item.cratedBirchSapling.name
Forestry:cratedJungleSapling, item.cratedJungleSapling.name
Forestry:cratedAcaciaSapling, item.cratedAcaciaSapling.name
Forestry:cratedDarkOakSapling, item.cratedDarkOakSapling.name
Forestry:cratedBeeswax, item.cratedBeeswax.name
Forestry:cratedPollen, item.cratedPollen.name
Forestry:cratedCrystallinePollen, item.cratedCrystallinePollen.name
Forestry:cratedPropolis, item.cratedPropolis.name
Forestry:cratedHoneydew, item.cratedHoneydew.name
Forestry:cratedRoyalJelly, item.cratedRoyalJelly.name
Forestry:cratedHoneycombs, item.cratedHoneycombs.name
Forestry:cratedCocoaComb, item.cratedCocoaComb.name
Forestry:cratedSimmeringCombs, item.cratedSimmeringCombs.name
Forestry:cratedStringyCombs, item.cratedStringyCombs.name
Forestry:cratedFrozenCombs, item.cratedFrozenCombs.name
Forestry:cratedDrippingCombs, item.cratedDrippingCombs.name
Forestry:cratedSilkyCombs, item.cratedSilkyCombs.name
Forestry:cratedParchedCombs, item.cratedParchedCombs.name
Forestry:cratedMysteriousCombs, item.cratedMysteriousCombs.name
Forestry:cratedPowderyCombs, item.cratedPowderyCombs.name
Forestry:cratedWheatenCombs, item.cratedWheatenCombs.name
Forestry:cratedMossyCombs, item.cratedMossyCombs.name
Forestry:cratedMellowCombs, item.cratedMellowCombs.name
Forestry:cratedRefractoryWax, item.cratedRefractoryWax.name
Forestry:cratedCherry, item.cratedCherry.name
Forestry:cratedWalnut, item.cratedWalnut.name
Forestry:cratedChestnut, item.cratedChestnut.name
Forestry:cratedLemon, item.cratedLemon.name
Forestry:cratedPlum, item.cratedPlum.name
Forestry:cratedPapaya, item.cratedPapaya.name
Forestry:cratedDates, item.cratedDates.name
Forestry:cratedResin, item.cratedResin.name
Forestry:cratedRubber, item.cratedRubber.name
Forestry:cratedScrap, item.cratedScrap.name
Forestry:cratedSilver, item.cratedSilver.name
Forestry:cratedBrass, item.cratedBrass.name
dendrology:parcel, Ancient Parcel
animalbikes:pigbike, Pig Bike
animalbikes:cowbike, Cow Bike
animalbikes:spiderbike, Spider Bike
animalbikes:sheepbike, Sheep Bike
animalbikes:chickenbike, Chicken Bike
animalbikes:wolfbike, Wolf Bike
animalbikes:squidbike, Squid Bike
animalbikes:creeperbike, Creeper Bike
animalbikes:ponybike, Pony Bike
animalbikes:enderbike, Ender Bike
animalbikes:dragonbike, Dragon Bike
animalbikes:notchbike, Notch Bike
animalbikes:reindeerbike, Reindeer Bike
animalbikes:snowgolembike, Snowgolem Bike
animalbikes:ghastbike, Ghast Bike
animalbikes:irongolembike, Irongolem Bike
animalbikes:bunnybike, Bunny Bike
animalbikes:item.null, Fossil
animalbikes:dinobike, Dino Bike
animalbikes:chocobobike, Chocobo Bike
animalbikes:silverfishbike, Silverfish Bike
animalbikes:batbike, Bat Bike
animalbikes:chinesedragonbike, Chinese Dragon Bike
animalbikes:teasd, Rawhide
animalbikes:slimebike, Slime Bike
animalbikes:ocelotbike, Ocelot Bike
animalbikes:flowerbike, Flower Bike
animalbikes:witherbike, Wither Bike
ankerite:ankerite, Ankerite
antiqueatlas:antiqueAtlas:0, Antique Atlas #0
antiqueatlas:emptyAntiqueAtlas, Empty Antique Atlas
Aquaculture:item.fishingRod, Wooden Fishing Rod
Aquaculture:item.IronFishingRod, Iron Fishing Rod
Aquaculture:item.GoldFishingRod, Golden Fishing Rod
Aquaculture:item.DiamondFishingRod, Diamond Fishing Rod
Aquaculture:item.AdminFishingRod, Admin Fishing Rod
Aquaculture:item.loot:0, Seaweed
Aquaculture:item.loot:1, Algae
Aquaculture:item.loot:2, Raw Whale Steak
Aquaculture:item.loot:3, Raw Fish Fillet
Aquaculture:item.loot:4, Cooked Fish Fillet
Aquaculture:item.loot:5, Cooked Whale Steak
Aquaculture:item.loot:6, Cooked Whale Burger
Aquaculture:item.loot:7, Frog Legs
Aquaculture:item.loot:8, Cooked Frog Legs
Aquaculture:item.loot:9, Turtle Soup
Aquaculture:item.loot:10, Sushi
Aquaculture:item.loot:11, Driftwood
Aquaculture:item.loot:12, Neptunium Ingot
Aquaculture:item.loot:13, Tin Can
Aquaculture:item.loot:14, Message In A Bottle
Aquaculture:item.loot:15, Box
Aquaculture:item.loot:16, Lockbox
Aquaculture:item.loot:17, Treasure Chest
Aquaculture:item.loot:18, Neptune's Bounty
Aquaculture:item.NeptuniumPickaxe, Neptunium Pickaxe
Aquaculture:item.NeptuniumShovel, Neptunium Shovel
Aquaculture:item.NeptuniumAxe, Neptunium Axe
Aquaculture:item.NeptuniumHoe, Neptunium Hoe
Aquaculture:item.NeptuniumSword, Neptunium Sword
Aquaculture:item.NeptuniumHelmet, Neptunium Helmet
Aquaculture:item.NeptuniumPlate, Neptunium Plate
Aquaculture:item.NeptuniumLegs, Neptunium Legs
Aquaculture:item.NeptuniumBoots, Neptunium Boots
Aquaculture:item.Fish:0, Bluegill
Aquaculture:item.Fish:1, Perch
Aquaculture:item.Fish:2, Gar
Aquaculture:item.Fish:3, Bass
Aquaculture:item.Fish:4, Muskellunge
Aquaculture:item.Fish:5, Brown Trout
Aquaculture:item.Fish:6, CatFish
Aquaculture:item.Fish:7, Carp
Aquaculture:item.Fish:8, Blowfish
Aquaculture:item.Fish:9, Red Grouper
Aquaculture:item.Fish:10, Salmon
Aquaculture:item.Fish:11, Tuna
Aquaculture:item.Fish:12, Sword Fish
Aquaculture:item.Fish:13, Shark
Aquaculture:item.Fish:14, Whale
Aquaculture:item.Fish:15, Squid
Aquaculture:item.Fish:16, Jellyfish
Aquaculture:item.Fish:17, Frog
Aquaculture:item.Fish:18, Turtle
Aquaculture:item.Fish:19, Leech
Aquaculture:item.Fish:20, Pirahna
Aquaculture:item.Fish:21, Electric Eel
Aquaculture:item.Fish:22, Tambaqui
Aquaculture:item.Fish:23, Arapaima
Aquaculture:item.Fish:24, Cod
Aquaculture:item.Fish:25, Pollock
Aquaculture:item.Fish:26, Herring
Aquaculture:item.Fish:27, Halibut
Aquaculture:item.Fish:28, Pink Salmon
Aquaculture:item.Fish:29, Rainbow Trout
Aquaculture:item.Fish:30, Blackfish
Aquaculture:item.Fish:31, Capitaine
Aquaculture:item.Fish:32, Boulti
Aquaculture:item.Fish:33, Bagrid
Aquaculture:item.Fish:34, Syndontis
Aquaculture:item.Fish:35, Red Shrooma
Aquaculture:item.Fish:36, Brown Shrooma
Aquaculture:item.Fish:37, Goldfish
Aquaculture:item.Fish:38, Fish Bones
architecture utils:Architecture_Items:0, Gravitation Wand (Red)
architecture utils:Architecture_Items:7, Elimination Wand
architecture utils:Architecture_Items:8, Attraction Wand (Red)
architecture utils:Architecture_Items:15, Repulsion Wand (Red)
ArchitectureCraft:sawblade, Circular Saw Blade
ArchitectureCraft:largePulley, Large Pulley
ArchitectureCraft:chisel, Architect's Chisel
ArchitectureCraft:hammer, Architect's Hammer
ArchitectureCraft:cladding, Cladding
armorplusplus:manualbook, Armor++ Manual[WIP]
armorplusplus:chain, Chain
armorplusplus:elementalcore, Elemental Core
armorplusplus:crystal, Empty Crystal
armorplusplus:aircrystal, Air Crystal
armorplusplus:earthcrystal, Earth Crystal
armorplusplus:lavacrystal, Lava Crystal
armorplusplus:watercrystal, Water Crystal
armorplusplus:creativehelmet, Creative Helmet
armorplusplus:creativechestplate, Creative Chestplate
armorplusplus:creativeleggings, Creative Leggings
armorplusplus:creativeboots, Creative Boots
armorplusplus:creativesword, Creative Sword
armorplusplus:ultronium, Ultronium
armorplusplus:ultroniumhelmet, Ultronium Helmet
armorplusplus:ultroniumchestplate, Ultronium Chestplate
armorplusplus:ultroniumleggings, Ultronium Leggings
armorplusplus:ultroniumboots, Ultronium Boots
armorplusplus:ultroniumpickaxe, Ultronium Pickaxe
armorplusplus:ultroniumaxe, Ultronium Axe
armorplusplus:ultroniumspade, Ultronium Shovel
armorplusplus:ultroniumhoe, Ultronium Hoe
armorplusplus:ultroniumsword, Ultronium Sword
armorplusplus:obsidianhelmet, Obsidian Helmet
armorplusplus:obsidianchestplate, Obsidian Chestplate
armorplusplus:obsidianleggings, Obsidian Leggings
armorplusplus:obsidianboots, Obsidian Boots
armorplusplus:obsidiansword, Obsidian Sword
armorplusplus:woodhelmet, Wooden Helmet
armorplusplus:woodchestplate, Wooden Chestplate
armorplusplus:woodleggings, Wooden Leggings
armorplusplus:woodboots, Wooden Boots
armorplusplus:woodsword, Advanced Wooden Sword
armorplusplus:stonehelmet, Stone Helmet
armorplusplus:stonechestplate, Stone Chestplate
armorplusplus:stoneleggings, Stone Leggings
armorplusplus:stoneboots, Stone Boots
armorplusplus:stonesword, Advanced Stone Sword
armorplusplus:paperhelmet, Paper Helmet
armorplusplus:paperchestplate, Paper Chestplate
armorplusplus:paperleggings, Paper Leggings
armorplusplus:paperboots, Paper Boots
armorplusplus:papersword, Paper Sword
armorplusplus:glasshelmet, Glass Helmet
armorplusplus:glasschestplate, Glass Chestplate
armorplusplus:glassleggings, Glass Leggings
armorplusplus:glassboots, Glass Boots
armorplusplus:glasssword, Glass Sword
armorplusplus:lavahelmet, Lava Helmet
armorplusplus:lavachestplate, Lava Chestplate
armorplusplus:lavaleggings, Lava Leggings
armorplusplus:lavaboots, Lava Boots
armorplusplus:lavasword, Lava Sword
armorplusplus:waterhelmet, Water Helmet
armorplusplus:waterchestplate, Water Chestplate
armorplusplus:waterleggings, Water Leggings
armorplusplus:waterboots, Water Boots
armorplusplus:watersword, Water Sword
armorplusplus:airhelmet, Air Helmet
armorplusplus:airchestplate, Air Chestplate
armorplusplus:airleggings, Air Leggings
armorplusplus:airboots, Air Boots
armorplusplus:airsword, Air Sword
armorplusplus:earthhelmet, Earth Helmet
armorplusplus:earthchestplate, Earth Chestplate
armorplusplus:earthleggings, Earth Leggings
armorplusplus:earthboots, Earth Boots
armorplusplus:earthsword, Earth Sword
armorplusplus:emeraldhelmet, Emerald Helmet
armorplusplus:emeraldchestplate, Emerald Chestplate
armorplusplus:emeraldleggings, Emerald Leggings
armorplusplus:emeraldboots, Emerald Boots
armorplusplus:emeraldsword, Emerald Sword
Aroma1997sDimension:portalIgniter, Mining Multitool
Aroma1997sDimension:dimensionChanger, DimensionChanger
wizardry:magic_crystal, Magic Crystal
wizardry:magic_wand, Magic Wand
wizardry:apprentice_wand, Apprentice Wand
wizardry:advanced_wand, Advanced Wand
wizardry:master_wand, Master Wand
wizardry:spell_book:1, Spell Book
wizardry:spell_book:2, Spell Book
wizardry:spell_book:3, Spell Book
wizardry:spell_book:4, Spell Book
wizardry:spell_book:5, Spell Book
wizardry:spell_book:6, Spell Book
wizardry:spell_book:7, Spell Book
wizardry:spell_book:8, Spell Book
wizardry:spell_book:9, Spell Book
wizardry:spell_book:10, Spell Book
wizardry:spell_book:11, Spell Book
wizardry:spell_book:12, Spell Book
wizardry:spell_book:13, Spell Book
wizardry:spell_book:14, Spell Book
wizardry:spell_book:15, Spell Book
wizardry:spell_book:16, Spell Book
wizardry:spell_book:17, Spell Book
wizardry:spell_book:18, Spell Book
wizardry:spell_book:19, Spell Book
wizardry:spell_book:20, Spell Book
wizardry:spell_book:21, Spell Book
wizardry:spell_book:22, Spell Book
wizardry:spell_book:23, Spell Book
wizardry:spell_book:24, Spell Book
wizardry:spell_book:25, Spell Book
wizardry:spell_book:26, Spell Book
wizardry:spell_book:27, Spell Book
wizardry:spell_book:28, Spell Book
wizardry:spell_book:29, Spell Book
wizardry:spell_book:30, Spell Book
wizardry:spell_book:31, Spell Book
wizardry:spell_book:32, Spell Book
wizardry:spell_book:33, Spell Book
wizardry:spell_book:34, Spell Book
wizardry:spell_book:35, Spell Book
wizardry:spell_book:36, Spell Book
wizardry:spell_book:37, Spell Book
wizardry:spell_book:38, Spell Book
wizardry:spell_book:39, Spell Book
wizardry:spell_book:40, Spell Book
wizardry:spell_book:41, Spell Book
wizardry:spell_book:42, Spell Book
wizardry:spell_book:43, Spell Book
wizardry:spell_book:44, Spell Book
wizardry:spell_book:45, Spell Book
wizardry:spell_book:46, Spell Book
wizardry:spell_book:47, Spell Book
wizardry:spell_book:48, Spell Book
wizardry:spell_book:49, Spell Book
wizardry:spell_book:50, Spell Book
wizardry:spell_book:51, Spell Book
wizardry:spell_book:52, Spell Book
wizardry:spell_book:53, Spell Book
wizardry:spell_book:54, Spell Book
wizardry:spell_book:55, Spell Book
wizardry:spell_book:56, Spell Book
wizardry:spell_book:57, Spell Book
wizardry:spell_book:58, Spell Book
wizardry:spell_book:59, Spell Book
wizardry:spell_book:60, Spell Book
wizardry:spell_book:61, Spell Book
wizardry:spell_book:62, Spell Book
wizardry:spell_book:63, Spell Book
wizardry:spell_book:64, Spell Book
wizardry:spell_book:65, Spell Book
wizardry:spell_book:66, Spell Book
wizardry:spell_book:67, Spell Book
wizardry:spell_book:68, Spell Book
wizardry:spell_book:69, Spell Book
wizardry:spell_book:70, Spell Book
wizardry:spell_book:71, Spell Book
wizardry:spell_book:72, Spell Book
wizardry:spell_book:73, Spell Book
wizardry:spell_book:74, Spell Book
wizardry:spell_book:75, Spell Book
wizardry:spell_book:76, Spell Book
wizardry:spell_book:77, Spell Book
wizardry:spell_book:78, Spell Book
wizardry:spell_book:79, Spell Book
wizardry:spell_book:80, Spell Book
wizardry:spell_book:81, Spell Book
wizardry:spell_book:82, Spell Book
wizardry:spell_book:83, Spell Book
wizardry:spell_book:84, Spell Book
wizardry:spell_book:85, Spell Book
wizardry:spell_book:86, Spell Book
wizardry:spell_book:87, Spell Book
wizardry:spell_book:88, Spell Book
wizardry:spell_book:89, Spell Book
wizardry:spell_book:90, Spell Book
wizardry:spell_book:91, Spell Book
wizardry:spell_book:92, Spell Book
wizardry:spell_book:93, Spell Book
wizardry:spell_book:94, Spell Book
wizardry:spell_book:95, Spell Book
wizardry:spell_book:96, Spell Book
wizardry:spell_book:97, Spell Book
wizardry:spell_book:98, Spell Book
wizardry:spell_book:99, Spell Book
wizardry:spell_book:100, Spell Book
wizardry:spell_book:101, Spell Book
wizardry:spell_book:102, Spell Book
wizardry:spell_book:103, Spell Book
wizardry:spell_book:104, Spell Book
wizardry:spell_book:105, Spell Book
wizardry:spell_book:106, Spell Book
wizardry:spell_book:107, Spell Book
wizardry:spell_book:108, Spell Book
wizardry:spell_book:109, Spell Book
wizardry:spell_book:110, Spell Book
wizardry:spell_book:111, Spell Book
wizardry:spell_book:112, Spell Book
wizardry:spell_book:113, Spell Book
wizardry:spell_book:114, Spell Book
wizardry:spell_book:115, Spell Book
wizardry:spell_book:116, Spell Book
wizardry:spell_book:117, Spell Book
wizardry:spell_book:118, Spell Book
wizardry:spell_book:119, Spell Book
wizardry:spell_book:120, Spell Book
wizardry:spell_book:121, Spell Book
wizardry:spell_book:122, Spell Book
wizardry:spell_book:123, Spell Book
wizardry:spell_book:124, Spell Book
wizardry:spell_book:125, Spell Book
wizardry:spell_book:126, Spell Book
wizardry:spell_book:127, Spell Book
wizardry:spell_book:128, Spell Book
wizardry:spell_book:129, Spell Book
wizardry:spell_book:130, Spell Book
wizardry:spell_book:131, Spell Book
wizardry:spell_book:132, Spell Book
wizardry:spell_book:133, Spell Book
wizardry:spell_book:134, Spell Book
wizardry:spell_book:135, Spell Book
wizardry:spell_book:136, Spell Book
wizardry:spell_book:137, Spell Book
wizardry:spell_book:138, Spell Book
wizardry:spell_book:139, Spell Book
wizardry:spell_book:140, Spell Book
wizardry:spell_book:141, Spell Book
wizardry:spell_book:142, Spell Book
wizardry:spell_book:143, Spell Book
wizardry:spell_book:144, Spell Book
wizardry:arcane_tome:1, Tome of Arcana
wizardry:arcane_tome:2, Tome of Arcana
wizardry:arcane_tome:3, Tome of Arcana
wizardry:wizard_handbook, The Wizard's Handbook
wizardry:basic_fire_wand, Wand of Embers
wizardry:basic_ice_wand, Wand of Frost
wizardry:basic_lightning_wand, Wand of Sparks
wizardry:basic_necromancy_wand, Wand of Shadows
wizardry:basic_earth_wand, Wand of the Forest
wizardry:basic_sorcery_wand, Wand of Mystery
wizardry:basic_healing_wand, Wand of Healing
wizardry:apprentice_fire_wand, Apprentice Pyromancer Wand
wizardry:apprentice_ice_wand, Apprentice Ice Mage Wand
wizardry:apprentice_lightning_wand, Apprentice Storm Mage Wand
wizardry:apprentice_necromancy_wand, Apprentice Necromancer Wand
wizardry:apprentice_earth_wand, Apprentice Earth Mage Wand
wizardry:apprentice_sorcery_wand, Apprentice Sorcerer Wand
wizardry:apprentice_healing_wand, Apprentice Healer Wand
wizardry:advanced_fire_wand, Wand of the Pyromancer
wizardry:advanced_ice_wand, Wand of the Ice Mage
wizardry:advanced_lightning_wand, Wand of the Storm Mage
wizardry:advanced_necromancy_wand, Wand of the Necromancer
wizardry:advanced_earth_wand, Wand of the Earth Mage
wizardry:advanced_sorcery_wand, Wand of the Sorcerer
wizardry:advanced_healing_wand, Wand of the Healer
wizardry:master_fire_wand, Master Pyromancer Wand
wizardry:master_ice_wand, Master Ice Mage Wand
wizardry:master_lightning_wand, Master Storm Mage Wand
wizardry:master_necromancy_wand, Master Necromancer Wand
wizardry:master_earth_wand, Master Earth Mage Wand
wizardry:master_sorcery_wand, Master Sorcerer Wand
wizardry:master_healing_wand, Master Healer Wand
wizardry:spectral_sword, Spectral Sword
wizardry:spectral_pickaxe, Spectral Pickaxe
wizardry:spectral_bow, Spectral Bow
wizardry:mana_flask, Mana Flask
wizardry:storage_upgrade, Wand Storage Upgrade
wizardry:siphon_upgrade, Wand Siphon Upgrade
wizardry:condenser_upgrade, Wand Condenser Upgrade
wizardry:range_upgrade, Wand Range Upgrade
wizardry:duration_upgrade, Wand Duration Upgrade
wizardry:cooldown_upgrade, Wand Cooldown Upgrade
wizardry:blast_upgrade, Wand Blast Upgrade
wizardry:attunement_upgrade, Wand Attunement Upgrade
wizardry:flaming_axe, Flaming Axe
wizardry:frost_axe, Frost Axe
wizardry:firebomb, Firebomb
wizardry:poison_bomb, Poison Bomb
wizardry:blank_scroll, Blank Scroll
wizardry:scroll:1, Scroll
wizardry:scroll:2, Scroll
wizardry:scroll:3, Scroll
wizardry:scroll:4, Scroll
wizardry:scroll:5, Scroll
wizardry:scroll:6, Scroll
wizardry:scroll:7, Scroll
wizardry:scroll:8, Scroll
wizardry:scroll:9, Scroll
wizardry:scroll:10, Scroll
wizardry:scroll:11, Scroll
wizardry:scroll:12, Scroll
wizardry:scroll:13, Scroll
wizardry:scroll:15, Scroll
wizardry:scroll:16, Scroll
wizardry:scroll:17, Scroll
wizardry:scroll:19, Scroll
wizardry:scroll:20, Scroll
wizardry:scroll:21, Scroll
wizardry:scroll:22, Scroll
wizardry:scroll:24, Scroll
wizardry:scroll:25, Scroll
wizardry:scroll:26, Scroll
wizardry:scroll:27, Scroll
wizardry:scroll:29, Scroll
wizardry:scroll:30, Scroll
wizardry:scroll:31, Scroll
wizardry:scroll:32, Scroll
wizardry:scroll:33, Scroll
wizardry:scroll:34, Scroll
wizardry:scroll:35, Scroll
wizardry:scroll:36, Scroll
wizardry:scroll:37, Scroll
wizardry:scroll:38, Scroll
wizardry:scroll:39, Scroll
wizardry:scroll:40, Scroll
wizardry:scroll:41, Scroll
wizardry:scroll:42, Scroll
wizardry:scroll:43, Scroll
wizardry:scroll:45, Scroll
wizardry:scroll:46, Scroll
wizardry:scroll:47, Scroll
wizardry:scroll:48, Scroll
wizardry:scroll:49, Scroll
wizardry:scroll:50, Scroll
wizardry:scroll:51, Scroll
wizardry:scroll:52, Scroll
wizardry:scroll:53, Scroll
wizardry:scroll:54, Scroll
wizardry:scroll:55, Scroll
wizardry:scroll:56, Scroll
wizardry:scroll:57, Scroll
wizardry:scroll:58, Scroll
wizardry:scroll:59, Scroll
wizardry:scroll:60, Scroll
wizardry:scroll:61, Scroll
wizardry:scroll:62, Scroll
wizardry:scroll:63, Scroll
wizardry:scroll:64, Scroll
wizardry:scroll:65, Scroll
wizardry:scroll:66, Scroll
wizardry:scroll:67, Scroll
wizardry:scroll:68, Scroll
wizardry:scroll:69, Scroll
wizardry:scroll:71, Scroll
wizardry:scroll:72, Scroll
wizardry:scroll:73, Scroll
wizardry:scroll:75, Scroll
wizardry:scroll:76, Scroll
wizardry:scroll:77, Scroll
wizardry:scroll:78, Scroll
wizardry:scroll:79, Scroll
wizardry:scroll:81, Scroll
wizardry:scroll:82, Scroll
wizardry:scroll:83, Scroll
wizardry:scroll:84, Scroll
wizardry:scroll:85, Scroll
wizardry:scroll:86, Scroll
wizardry:scroll:87, Scroll
wizardry:scroll:88, Scroll
wizardry:scroll:89, Scroll
wizardry:scroll:90, Scroll
wizardry:scroll:91, Scroll
wizardry:scroll:93, Scroll
wizardry:scroll:94, Scroll
wizardry:scroll:96, Scroll
wizardry:scroll:97, Scroll
wizardry:scroll:98, Scroll
wizardry:scroll:99, Scroll
wizardry:scroll:100, Scroll
wizardry:scroll:101, Scroll
wizardry:scroll:102, Scroll
wizardry:scroll:104, Scroll
wizardry:scroll:105, Scroll
wizardry:scroll:106, Scroll
wizardry:scroll:107, Scroll
wizardry:scroll:108, Scroll
wizardry:scroll:109, Scroll
wizardry:scroll:110, Scroll
wizardry:scroll:111, Scroll
wizardry:scroll:112, Scroll
wizardry:scroll:113, Scroll
wizardry:scroll:114, Scroll
wizardry:scroll:115, Scroll
wizardry:scroll:116, Scroll
wizardry:scroll:117, Scroll
wizardry:scroll:118, Scroll
wizardry:scroll:119, Scroll
wizardry:scroll:120, Scroll
wizardry:scroll:121, Scroll
wizardry:scroll:122, Scroll
wizardry:scroll:123, Scroll
wizardry:scroll:124, Scroll
wizardry:scroll:125, Scroll
wizardry:scroll:126, Scroll
wizardry:scroll:127, Scroll
wizardry:scroll:128, Scroll
wizardry:scroll:129, Scroll
wizardry:scroll:130, Scroll
wizardry:scroll:131, Scroll
wizardry:scroll:132, Scroll
wizardry:scroll:133, Scroll
wizardry:scroll:134, Scroll
wizardry:scroll:135, Scroll
wizardry:scroll:136, Scroll
wizardry:scroll:138, Scroll
wizardry:scroll:139, Scroll
wizardry:scroll:140, Scroll
wizardry:scroll:141, Scroll
wizardry:scroll:142, Scroll
wizardry:scroll:143, Scroll
wizardry:scroll:144, Scroll
wizardry:armour_upgrade, Arcane Seal of Protection
wizardry:magic_silk, Magical Silk
wizardry:wizard_hat, Wizard Hat
wizardry:wizard_robe, Wizard Robes
wizardry:wizard_leggings, Wizard Leggings
wizardry:wizard_boots, Wizard Boots
wizardry:wizard_hat_fire, Pyromancer Hat
wizardry:wizard_robe_fire, Pyromancer Robes
wizardry:wizard_leggings_fire, Pyromancer Leggings
wizardry:wizard_boots_fire, Pyromancer Boots
wizardry:wizard_hat_ice, Ice Mage Hat
wizardry:wizard_robe_ice, Ice Mage Robes
wizardry:wizard_leggings_ice, Ice Mage Leggings
wizardry:wizard_boots_ice, Ice Mage Boots
wizardry:wizard_hat_lightning, Storm Mage Hat
wizardry:wizard_robe_lightning, Storm Mage Robes
wizardry:wizard_leggings_lightning, Storm Mage Leggings
wizardry:wizard_boots_lightning, Storm Mage Boots
wizardry:wizard_hat_necromancy, Necromancer Hat
wizardry:wizard_robe_necromancy, Necromancer Robes
wizardry:wizard_leggings_necromancy, Necromancer Leggings
wizardry:wizard_boots_necromancy, Necromancer Boots
wizardry:wizard_hat_earth, Earth Mage Hat
wizardry:wizard_robe_earth, Earth Mage Robes
wizardry:wizard_leggings_earth, Earth Mage Leggings
wizardry:wizard_boots_earth, Earth Mage Boots
wizardry:wizard_hat_sorcery, Sorcerer Hat
wizardry:wizard_robe_sorcery, Sorcerer Robes
wizardry:wizard_leggings_sorcery, Sorcerer Leggings
wizardry:wizard_boots_sorcery, Sorcerer Boots
wizardry:wizard_hat_healing, Healer Hat
wizardry:wizard_robe_healing, Healer Robes
wizardry:wizard_leggings_healing, Healer Leggings
wizardry:wizard_boots_healing, Healer Boots
wizardry:spawn_wizard:0, Spawn Wizard
wizardry:spawn_wizard:1, Spawn Evil Wizard
wizardry:spectral_helmet, Spectral Helmet
wizardry:spectral_chestplate, Spectral Chestplate
wizardry:spectral_leggings, Spectral Leggings
wizardry:spectral_boots, Spectral Boots
wizardry:smoke_bomb, Smoke Bomb
wizardry:identification_scroll, Scroll of Identification
MineFactoryReloaded:hammer, Precision Sledgehammer
MineFactoryReloaded:plastic.boots, Plastic Boots
MineFactoryReloaded:rubber.raw, Raw Rubber
MineFactoryReloaded:rubber.bar, Rubber Bar
MineFactoryReloaded:plastic.raw, Raw Plastic
MineFactoryReloaded:plastic.sheet, Plastic Sheets
MineFactoryReloaded:plastic.helm, Plastic Helmet
MineFactoryReloaded:plastic.chest, Plastic Breastplate
MineFactoryReloaded:plastic.legs, Plastic Leggings
MineFactoryReloaded:glass.helm, Sunglasses
MineFactoryReloaded:upgrade.radius:0, Upgrade (Lapis)
MineFactoryReloaded:upgrade.radius:1, Upgrade (Tin)
MineFactoryReloaded:upgrade.radius:2, Upgrade (Iron)
MineFactoryReloaded:upgrade.radius:3, Upgrade (Copper)
MineFactoryReloaded:upgrade.radius:4, Upgrade (Bronze)
MineFactoryReloaded:upgrade.radius:5, Upgrade (Silver)
MineFactoryReloaded:upgrade.radius:6, Upgrade (Gold)
MineFactoryReloaded:upgrade.radius:7, Upgrade (Quartz)
MineFactoryReloaded:upgrade.radius:8, Upgrade (Diamond)
MineFactoryReloaded:upgrade.radius:9, Upgrade (Platinum)
MineFactoryReloaded:upgrade.radius:10, Upgrade (Emerald)
MineFactoryReloaded:upgrade.radius:11, Upgrade (Cobble)
MineFactoryReloaded:rednet.meter:0, RedNet Meter
MineFactoryReloaded:rednet.meter:1, RedNet Multimeter
MineFactoryReloaded:rednet.meter:2, Debugger
MineFactoryReloaded:rednet.memorycard, PRC Memory Card
MineFactoryReloaded:upgrade.logic:0, PRC LX-100 Logic Expansion Card
MineFactoryReloaded:upgrade.logic:1, PRC LX-300 Logic Expansion Card
MineFactoryReloaded:upgrade.logic:2, PRC LX-500 Logic Expansion Card
MineFactoryReloaded:meat.ingot.raw, Raw Meat Ingot
MineFactoryReloaded:meat.ingot.cooked, Cooked Meat Ingot
MineFactoryReloaded:meat.nugget.raw, Raw "Meat" Nugget
MineFactoryReloaded:meat.nugget.cooked, Cooked "Meat" Nugget
MineFactoryReloaded:pinkslime:0, Pink Slimeball
MineFactoryReloaded:pinkslime:1, Pink Slime Crystal
MineFactoryReloaded:syringe.empty, Empty Syringe
MineFactoryReloaded:syringe.health, Health Syringe
MineFactoryReloaded:syringe.growth, Growth Syringe
MineFactoryReloaded:syringe.zombie, Zombie Syringe
MineFactoryReloaded:syringe.slime, Slime Embiggening Syringe
MineFactoryReloaded:syringe.cure, De-Zombification Syringe
MineFactoryReloaded:safarinet.launcher, Safari Net Launcher
MineFactoryReloaded:safarinet.reusable, Safari Net (Reusable)
MineFactoryReloaded:safarinet.singleuse, Safari Net (Single-Use)
MineFactoryReloaded:safarinet.jailer, Jailer's Safari Net
MineFactoryReloaded:safarinet.jailer.fancy, Golden Jailer's Safari Net
MineFactoryReloaded:portaspawner, PortaSpawner
MineFactoryReloaded:xpextractor, XP Extractor
MineFactoryReloaded:straw, Straw
MineFactoryReloaded:milkbottle, Milk Bottle
MineFactoryReloaded:plastic.cup:0, Plastic Cup
MineFactoryReloaded:plastic.bag, Plastic Bag
MineFactoryReloaded:sugarcharcoal, Sugar Charcoal
MineFactoryReloaded:fertilizer, Industrial Fertilizer
MineFactoryReloaded:ceramicdye:0, Ceramic Dye (White)
MineFactoryReloaded:ceramicdye:1, Ceramic Dye (Orange)
MineFactoryReloaded:ceramicdye:2, Ceramic Dye (Magenta)
MineFactoryReloaded:ceramicdye:3, Ceramic Dye (Light Blue)
MineFactoryReloaded:ceramicdye:4, Ceramic Dye (Yellow)
MineFactoryReloaded:ceramicdye:5, Ceramic Dye (Lime)
MineFactoryReloaded:ceramicdye:6, Ceramic Dye (Pink)
MineFactoryReloaded:ceramicdye:7, Ceramic Dye (Gray)
MineFactoryReloaded:ceramicdye:8, Ceramic Dye (Light Gray)
MineFactoryReloaded:ceramicdye:9, Ceramic Dye (Cyan)
MineFactoryReloaded:ceramicdye:10, Ceramic Dye (Purple)
MineFactoryReloaded:ceramicdye:11, Ceramic Dye (Blue)
MineFactoryReloaded:ceramicdye:12, Ceramic Dye (Brown)
MineFactoryReloaded:ceramicdye:13, Ceramic Dye (Green)
MineFactoryReloaded:ceramicdye:14, Ceramic Dye (Red)
MineFactoryReloaded:ceramicdye:15, Ceramic Dye (Black)
MineFactoryReloaded:laserfocus:0, Laser Focus (White)
MineFactoryReloaded:laserfocus:1, Laser Focus (Orange)
MineFactoryReloaded:laserfocus:2, Laser Focus (Magenta)
MineFactoryReloaded:laserfocus:3, Laser Focus (Light Blue)
MineFactoryReloaded:laserfocus:4, Laser Focus (Yellow)
MineFactoryReloaded:laserfocus:5, Laser Focus (Lime)
MineFactoryReloaded:laserfocus:6, Laser Focus (Pink)
MineFactoryReloaded:laserfocus:7, Laser Focus (Gray)
MineFactoryReloaded:laserfocus:8, Laser Focus (Light Gray)
MineFactoryReloaded:laserfocus:9, Laser Focus (Cyan)
MineFactoryReloaded:laserfocus:10, Laser Focus (Purple)
MineFactoryReloaded:laserfocus:11, Laser Focus (Blue)
MineFactoryReloaded:laserfocus:12, Laser Focus (Brown)
MineFactoryReloaded:laserfocus:13, Laser Focus (Green)
MineFactoryReloaded:laserfocus:14, Laser Focus (Red)
MineFactoryReloaded:laserfocus:15, Laser Focus (Black)
MineFactoryReloaded:record.blank, Blank Record
MineFactoryReloaded:spyglass, Spyglass
MineFactoryReloaded:ruler, Ruler
MineFactoryReloaded:fishingrod, Fishing Rod
MineFactoryReloaded:potatolauncher, Potato Cannon
MineFactoryReloaded:needlegun, Needlegun
MineFactoryReloaded:needlegun.ammo.empty, Needlegun Magazine
MineFactoryReloaded:needlegun.ammo.standard, Needlegun Ammo (Needles)
MineFactoryReloaded:needlegun.ammo.pierce, Needlegun Ammo (Shrapnel)
MineFactoryReloaded:needlegun.ammo.lava, Needlegun Ammo (Lava)
MineFactoryReloaded:needlegun.ammo.sludge, Needlegun Ammo (Sludge)
MineFactoryReloaded:needlegun.ammo.sewage, Needlegun Ammo (Sewage)
MineFactoryReloaded:needlegun.ammo.fire, Needlegun Ammo (Fire)
MineFactoryReloaded:needlegun.ammo.anvil, Needlegun Ammo (Anvil)
MineFactoryReloaded:rocketlauncher, SPAMR Launcher
MineFactoryReloaded:rocket:0, Tracking Self-Propelled Anti Material Rocket
MineFactoryReloaded:rocket:1, Self-Propelled Anti Material Rocket
MineFactoryReloaded:bucket.sewage, Sewage Bucket
MineFactoryReloaded:bucket.sludge, Sludge Bucket
MineFactoryReloaded:bucket.essence, Essence Bucket
MineFactoryReloaded:bucket.biofuel, BioFuel Bucket
MineFactoryReloaded:bucket.meat, Meat Bucket
MineFactoryReloaded:bucket.pinkslime, Pink Slime Bucket
MineFactoryReloaded:bucket.chocolatemilk, Chocolate Milk Bucket
MineFactoryReloaded:bucket.mushroomsoup, Mushroom Soup Bucket
ashenwheat:ashSeeds, Ashenwheat Seeds
ashenwheat:ashWheatSheaf, Ashenwheat Sheaf
ashenwheat:ashBread, Ashenwheat Bread
ashenwheat:ashCookie, Ashenwheat Cookie
ashenwheat:scintillaSeeds, Scintillawheat Seeds
ashenwheat:scintillaWheatSheaf, Scintillawheat Sheaf
ashenwheat:scintillaBread, Scintillawheat Bread
ashenwheat:scintillaCookie, Scintillawheat Cookie
ashenwheat:scintillatingAsh, Scintillating Ash
ashenwheat:ossidSeeds, Ossidroot Seeds
ashenwheat:calcifiedAsh, Calcified Ash
ashenwheat:thunderSeeds, Thundergrass Seeds
ashenwheat:unstableSoot, Unstable Soot
astikoor:cargocart, Cart
astikoor:wheel, Wheel
astikoor:plowcart, Plow
attainedDrops:plantSeed, Mob Drop Plant Seed
atum:item.scarab, Scarab
atum:item.loot:1, Dirty Idol
atum:item.loot:2, Silver Idol
atum:item.loot:4, Golden Idol
atum:item.loot:6, Sapphire Idol
atum:item.loot:8, Ruby Idol
atum:item.loot:10, Emerald Idol
atum:item.loot:12, Diamond Idol
atum:item.loot:33, Dirty Necklace
atum:item.loot:34, Silver Necklace
atum:item.loot:36, Gold Necklace
atum:item.loot:38, Sapphire Necklace
atum:item.loot:40, Ruby Necklace
atum:item.loot:42, Emerald Necklace
atum:item.loot:44, Diamond Necklace
atum:item.loot:65, Dirty Ring
atum:item.loot:66, Silver Ring
atum:item.loot:68, Gold Ring
atum:item.loot:70, Sapphire Ring
atum:item.loot:72, Ruby Ring
atum:item.loot:74, Emerald Ring
atum:item.loot:76, Diamond Ring
atum:item.loot:97, Dirty Broach
atum:item.loot:98, Silver Broach
atum:item.loot:100, Golden Broach
atum:item.loot:102, Sapphire Broach
atum:item.loot:104, Ruby Broach
atum:item.loot:106, Emerald Broach
atum:item.loot:108, Diamond Broach
atum:item.loot:129, Dirty Scepter
atum:item.loot:130, Silver Scepter
atum:item.loot:132, Golden Scepter
atum:item.loot:134, Sapphire Scepter
atum:item.loot:136, Ruby Scepter
atum:item.loot:138, Emerald Scepter
atum:item.loot:140, Diamond Scepter
atum:item.date, Date
atum:item.scimitar, Scimitar
atum:item.greatsword, Greatsword
atum:item.scepter, Scepter
atum:item.stoneSoldierSword, Stone Soldier Sword
atum:item.bow, Shortbow
atum:item.ptahsDecadence, Ptahs' Decadence
atum:item.soteksRage, Soteks' Rage
atum:item.osirisWill, Osiris' Will
atum:item.akersToil, Akers' Toil
atum:item.gebsBlessing, Gebs' Blessing
atum:item.atensFury, Atens' Fury
atum:item.rasGlory, Ras' Glory
atum:item.sekhmetsWrath, Sekhmets' Wrath
atum:item.nutsAgility, Nuts' Agility
atum:item.horusFlight, Horus' Flight
atum:item.monthusStrike, Monthus' Strike
atum:item.anhursMight, Anhurs' Might
atum:item.hedetetsSting, Hedetets' Sting
atum:item.horusSoaring, Horus' Soaring
atum:item.shusBreath, Shus' Breath
atum:item.ptahsDestruction, Ptahs' Destruction
atum:item.monthusBlast, Monthus' Blast
atum:item.nusFlux, Nus' Flux
atum:item.mnevisHorns, Mnevis' Horns
atum:item.isisEmbrace, Isis' Embrace
atum:item.maatsBalance, Maats' Balance
atum:item.hedetetsVenom, Hedetets' Venom
atum:item.gebsSolidarity, Gebs' Solidarity
atum:item.nutsCall, Nuts' Call
atum:item.anuketsBounty, Anukets' Bounty
atum:item.mafdetsQuickness, Mafdets' Quickness
atum:item.isisHealing, Isis' Healing
atum:item.amunetsHomecoming, Amunets' Homecoming
atum:item.anubisMercy, Anubis's Mercy
atum:item.limestoneShovel, Limestone Shovel
atum:item.limestonePickaxe, Limestone Pickaxe
atum:item.limestoneAxe, Limestone Axe
atum:item.limestoneSword, Limestone Sword
atum:item.limestoneHoe, Limestone Hoe
atum:item.mummyHelmet, Mummy Helmet
atum:item.mummyChest, Mummy Chestplate
atum:item.mummyLegs, Mummy Leggings
atum:item.mummyBoots, Mummy Boots
atum:item.wandererHelmet, Wanderer Helmet
atum:item.wandererChest, Wanderer Chestplate
atum:item.wandererLegs, Wanderer Leggings
atum:item.wandererBoots, Wanderer Boots
atum:item.desertHelmet, Desert Helmet
atum:item.desertChest, Desert Chestplate
atum:item.desertLegs, Desert Leggings
atum:item.desertBoots, Desert Boots
atum:item.papyrusPlant, Papyrus
atum:item.ectoplasm, Ectoplasm
atum:item.stoneChunk, Stone Chunk
atum:item.clothScrap, Cloth Scrap
atum:item.scroll, Scroll
atum:item.wolfPelt, Wolf Pelt
atum:item.linen, Linen
atum:item.flax, Flax
atum:item.flaxSeeds, Flax Seed
atum:item.fish:0, Forsaken Fish
atum:item.fish:1, Mummified Fish
atum:item.fish:2, Jeweled Fish
atum:item.fish:3, Skeletal Fish
atum:item.neithsAudacity, Neiths Audacity
AutomatedRedstone:item.circuitPlan, item.circuitPlan.name
AutoUtils:watcher:0, Redstone Watcher
Botania:lexicon, item.lexicon.name
Botania:petal:0, Mystical White Petal
Botania:petal:1, Mystical Orange Petal
Botania:petal:2, Mystical Magenta Petal
Botania:petal:3, Mystical Light Blue Petal
Botania:petal:4, Mystical Yellow Petal
Botania:petal:5, Mystical Lime Petal
Botania:petal:6, Mystical Pink Petal
Botania:petal:7, Mystical Gray Petal
Botania:petal:8, Mystical Light Gray Petal
Botania:petal:9, Mystical Cyan Petal
Botania:petal:10, Mystical Purple Petal
Botania:petal:11, Mystical Blue Petal
Botania:petal:12, Mystical Brown Petal
Botania:petal:13, Mystical Green Petal
Botania:petal:14, Mystical Red Petal
Botania:petal:15, Mystical Black Petal
Botania:dye:0, Floral White Powder
Botania:dye:1, Floral Orange Powder
Botania:dye:2, Floral Magenta Powder
Botania:dye:3, Floral Light Blue Powder
Botania:dye:4, Floral Yellow Powder
Botania:dye:5, Floral Lime Powder
Botania:dye:6, Floral Pink Powder
Botania:dye:7, Floral Gray Powder
Botania:dye:8, Floral Light Gray Powder
Botania:dye:9, Floral Cyan Powder
Botania:dye:10, Floral Purple Powder
Botania:dye:11, Floral Blue Powder
Botania:dye:12, Floral Brown Powder
Botania:dye:13, Floral Green Powder
Botania:dye:14, Floral Red Powder
Botania:dye:15, Floral Black Powder
Botania:pestleAndMortar, item.pestleAndMortar.name
Botania:twigWand:0, Wand of the Forest
Botania:twigWand:0, Wand of the Forest
Botania:twigWand:0, Wand of the Forest
Botania:twigWand:0, Wand of the Forest
Botania:twigWand:0, Wand of the Forest
Botania:twigWand:0, Wand of the Forest
Botania:twigWand:0, Wand of the Forest
Botania:twigWand:0, Wand of the Forest
Botania:twigWand:0, Wand of the Forest
Botania:twigWand:0, Wand of the Forest
Botania:twigWand:0, Wand of the Forest
Botania:twigWand:0, Wand of the Forest
Botania:twigWand:0, Wand of the Forest
Botania:twigWand:0, Wand of the Forest
Botania:twigWand:0, Wand of the Forest
Botania:twigWand:0, Wand of the Forest
Botania:manaResource:0, Manasteel Ingot
Botania:manaResource:1, Mana Pearl
Botania:manaResource:2, Mana Diamond
Botania:manaResource:3, Livingwood Twig
Botania:manaResource:4, Terrasteel Ingot
Botania:manaResource:5, Gaia Spirit
Botania:manaResource:6, Redstone Root
Botania:manaResource:7, Elementium Ingot
Botania:manaResource:8, Pixie Dust
Botania:manaResource:9, Dragonstone
Botania:manaResource:10, Prismarine Shard
Botania:manaResource:11, Crafting Placeholder
Botania:manaResource:12, Red String
Botania:manaResource:13, Dreamwood Twig
Botania:manaResource:14, Gaia Spirit Ingot
Botania:manaResource:15, Ender Air Bottle
Botania:manaResource:16, Mana Infused String
Botania:manaResource:17, Manasteel Nugget
Botania:manaResource:18, Terrasteel Nugget
Botania:manaResource:19, Elementium Nugget
Botania:manaResource:22, Manaweave Cloth
Botania:manaResource:23, Mana Powder
Botania:lens:0, Mana Lens
Botania:lens:1, Mana Lens: Velocity
Botania:lens:2, Mana Lens: Potency
Botania:lens:3, Mana Lens: Resistance
Botania:lens:4, Mana Lens: Efficiency
Botania:lens:5, Mana Lens: Bounce
Botania:lens:6, Mana Lens: Gravity
Botania:lens:7, Mana Lens: Bore
Botania:lens:8, Mana Lens: Damaging
Botania:lens:9, Mana Lens: Phantom
Botania:lens:10, Mana Lens: Magnetizing
Botania:lens:11, Mana Lens: Entropic
Botania:lens:12, Mana Lens: Influence
Botania:lens:13, Mana Lens: Weight
Botania:lens:14, Mana Lens: Paintslinger
Botania:lens:15, Mana Lens: Kindle
Botania:lens:16, Mana Lens: Force
Botania:lens:17, Mana Lens: Flash
Botania:lens:18, Mana Lens: Warp
Botania:lens:19, Mana Lens: Redirective
Botania:lens:20, Mana Lens: Celebratory
Botania:lens:21, Mana Lens: Flare
Botania:rune:0, Rune of Water
Botania:rune:1, Rune of Fire
Botania:rune:2, Rune of Earth
Botania:rune:3, Rune of Air
Botania:rune:4, Rune of Spring
Botania:rune:5, Rune of Summer
Botania:rune:6, Rune of Autumn
Botania:rune:7, Rune of Winter
Botania:rune:8, Rune of Mana
Botania:rune:9, Rune of Lust
Botania:rune:10, Rune of Gluttony
Botania:rune:11, Rune of Greed
Botania:rune:12, Rune of Sloth
Botania:rune:13, Rune of Wrath
Botania:rune:14, Rune of Envy
Botania:rune:15, Rune of Pride
Botania:signalFlare, item.signalFlare.name
Botania:manaTablet, item.manaTablet.name
Botania:manaGun, item.manaGun.name
Botania:manaCookie, item.manaCookie.name
Botania:fertilizer, item.fertilizer.name
Botania:grassSeeds:0, Pasture Seeds
Botania:grassSeeds:1, Boreal Seeds
Botania:grassSeeds:2, Infestation Spores
Botania:grassSeeds:3, Dry Pasture Seeds
Botania:grassSeeds:4, Golden Pasture Seeds
Botania:grassSeeds:5, Vivid Pasture Seeds
Botania:grassSeeds:6, Scorched Pasture Seeds
Botania:grassSeeds:7, Infused Pasture Seeds
Botania:grassSeeds:8, Mutated Pasture Seeds
Botania:dirtRod, item.dirtRod.name
Botania:terraformRod, item.terraformRod.name
Botania:grassHorn:0, Horn of the Wild
Botania:grassHorn:1, Horn of the Canopy
Botania:grassHorn:2, Horn of the Covering
Botania:manaMirror, item.manaMirror.name
Botania:manasteelHelm, item.manasteelHelm.name
Botania:manasteelHelmReveal, item.manasteelHelmReveal.name
Botania:manasteelChest, item.manasteelChest.name
Botania:manasteelLegs, item.manasteelLegs.name
Botania:manasteelBoots, item.manasteelBoots.name
Botania:manasteelPick, item.manasteelPick.name
Botania:manasteelShovel, item.manasteelShovel.name
Botania:manasteelAxe, item.manasteelAxe.name
Botania:manasteelSword, item.manasteelSword.name
Botania:manasteelShears, item.manasteelShears.name
Botania:terrasteelHelm, item.terrasteelHelm.name
Botania:terrasteelHelmReveal, item.terrasteelHelmReveal.name
Botania:terrasteelChest, item.terrasteelChest.name
Botania:terrasteelLegs, item.terrasteelLegs.name
Botania:terrasteelBoots, item.terrasteelBoots.name
Botania:terraSword, item.terraSword.name
Botania:tinyPlanet, item.tinyPlanet.name
Botania:manaRing, item.manaRing.name
Botania:auraRing, item.auraRing.name
Botania:manaRingGreater, item.manaRingGreater.name
Botania:auraRingGreater, item.auraRingGreater.name
Botania:travelBelt, item.travelBelt.name
Botania:knockbackBelt, item.knockbackBelt.name
Botania:icePendant, item.icePendant.name
Botania:lavaPendant, item.lavaPendant.name
Botania:goldenLaurel, item.goldenLaurel.name
Botania:magnetRing, item.magnetRing.name
Botania:waterRing, item.waterRing.name
Botania:miningRing, item.miningRing.name
Botania:terraPick, item.terraPick.name
Botania:divaCharm, item.divaCharm.name
Botania:flightTiara:0, Flügel Tiara
Botania:flightTiara:1, Flügel Tiara
Botania:flightTiara:2, Flügel Tiara
Botania:flightTiara:3, Flügel Tiara
Botania:flightTiara:4, Flügel Tiara
Botania:flightTiara:5, Flügel Tiara
Botania:flightTiara:6, Flügel Tiara
Botania:flightTiara:7, Flügel Tiara
Botania:flightTiara:8, Flügel Tiara
Botania:enderDagger, item.enderDagger.name
Botania:quartz:0, Smokey Quartz
Botania:quartz:1, Mana Quartz
Botania:quartz:2, Blaze Quartz
Botania:quartz:3, Lavender Quartz
Botania:quartz:4, Redquartz
Botania:quartz:5, Elven Quartz
Botania:quartz:6, Sunny Quartz
Botania:waterRod, item.waterRod.name
Botania:elementiumHelm, item.elementiumHelm.name
Botania:elementiumHelmReveal, item.elementiumHelmReveal.name
Botania:elementiumChest, item.elementiumChest.name
Botania:elementiumLegs, item.elementiumLegs.name
Botania:elementiumBoots, item.elementiumBoots.name
Botania:elementiumPick, item.elementiumPick.name
Botania:elementiumShovel, item.elementiumShovel.name
Botania:elementiumAxe, item.elementiumAxe.name
Botania:elementiumSword, item.elementiumSword.name
Botania:elementiumShears, item.elementiumShears.name
Botania:openBucket, item.openBucket.name
Botania:spawnerMover, item.spawnerMover.name
Botania:pixieRing, item.pixieRing.name
Botania:superTravelBelt, item.superTravelBelt.name
Botania:rainbowRod, item.rainbowRod.name
Botania:tornadoRod, item.tornadoRod.name
Botania:fireRod, item.fireRod.name
Botania:vineBall, item.vineBall.name
Botania:slingshot, item.slingshot.name
Botania:manaBottle, item.manaBottle.name
Botania:laputaShard:0, Shard of Laputa
Botania:laputaShard:4, Shard of Laputa
Botania:laputaShard:9, Shard of Laputa
Botania:laputaShard:14, Shard of Laputa
Botania:laputaShard:19, Shard of Laputa
Botania:virus:0, Necrodermal Virus
Botania:virus:1, Nullodermal Virus
Botania:reachRing, item.reachRing.name
Botania:skyDirtRod, item.skyDirtRod.name
Botania:itemFinder, item.itemFinder.name
Botania:superLavaPendant, item.superLavaPendant.name
Botania:enderHand, item.enderHand.name
Botania:glassPick, item.glassPick.name
Botania:spark, item.spark.name
Botania:sparkUpgrade:0, Spark Augment: Dispersive
Botania:sparkUpgrade:1, Spark Augment: Dominant
Botania:sparkUpgrade:2, Spark Augment: Recessive
Botania:sparkUpgrade:3, Spark Augment: Isolated
Botania:diviningRod, item.diviningRod.name
Botania:gravityRod, item.gravityRod.name
Botania:regenIvy, item.regenIvy.name
Botania:manaInkwell, item.manaInkwell.name
Botania:vial:0, Managlass Vial
Botania:vial:1, Alfglass Flask
Botania:brewVial, item.brewVial.name
Botania:brewFlask, item.brewFlask.name
Botania:bloodPendant, item.bloodPendant.name
Botania:missileRod, item.missileRod.name
Botania:holyCloak, item.holyCloak.name
Botania:unholyCloak, item.unholyCloak.name
Botania:craftingHalo, item.craftingHalo.name
Botania:blackLotus:0, Black Lotus
Botania:blackLotus:1, Blacker Lotus
Botania:monocle, item.monocle.name
Botania:clip, item.clip.name
Botania:cobbleRod, item.cobbleRod.name
Botania:smeltRod, item.smeltRod.name
Botania:worldSeed, item.worldSeed.name
Botania:spellCloth, item.spellCloth.name
Botania:thornChakram:0, Thorn Chakram
Botania:thornChakram:1, Flare Chakram
Botania:overgrowthSeed, item.overgrowthSeed.name
Botania:craftPattern:0, Crafting Pattern #1: 1x1
Botania:craftPattern:1, Crafting Pattern #2: 2x2
Botania:craftPattern:2, Crafting Pattern #3: 1x2
Botania:craftPattern:3, Crafting Pattern #4: 2x1
Botania:craftPattern:4, Crafting Pattern #5: 1x3
Botania:craftPattern:5, Crafting Pattern #6: 3x1
Botania:craftPattern:6, Crafting Pattern #7: 2x3
Botania:craftPattern:7, Crafting Pattern #8: 3x2
Botania:craftPattern:8, Crafting Pattern #9: Donut
Botania:ancientWill:0, Will of Ahrim
Botania:ancientWill:1, Will of Dharok
Botania:ancientWill:2, Will of Guthan
Botania:ancientWill:3, Will of Torag
Botania:ancientWill:4, Will of Verac
Botania:ancientWill:5, Will of Karil
Botania:corporeaSpark:0, Corporea Spark
Botania:corporeaSpark:1, Master Corporea Spark
Botania:livingwoodBow, item.livingwoodBow.name
Botania:crystalBow, item.crystalBow.name
Botania:cosmetic:0, Black Bowtie
Botania:cosmetic:1, Black Tie
Botania:cosmetic:2, Red Glasses
Botania:cosmetic:3, Puffy Scarf
Botania:cosmetic:4, Engineer Goggles
Botania:cosmetic:5, Eyepatch
Botania:cosmetic:6, Wicked Eyepatch
Botania:cosmetic:7, Red Ribbons
Botania:cosmetic:8, Pink Flower Bud
Botania:cosmetic:9, Polka-Dotted Bows
Botania:cosmetic:10, Blue Butterfly
Botania:cosmetic:11, Cat Ears
Botania:cosmetic:12, Witch Pin
Botania:cosmetic:13, Devil Tail
Botania:cosmetic:14, Kamui Eye
Botania:cosmetic:15, Googly Eyes
Botania:cosmetic:16, Four-Leafed Clover
Botania:cosmetic:17, Clock Eye
Botania:cosmetic:18, Unicorn Horn
Botania:cosmetic:19, Devil Horns
Botania:cosmetic:20, Hyper Plus
Botania:cosmetic:21, Botanist Emblem
Botania:cosmetic:22, Ancient Mask
Botania:cosmetic:23, Eerie Mask
Botania:cosmetic:24, Alien Antenna
Botania:cosmetic:25, Anaglyph Glasses
Botania:cosmetic:26, Orange Shades
Botania:cosmetic:27, Groucho Glasses
Botania:cosmetic:28, Thick Eyebrows
Botania:cosmetic:29, Lusitanic Shield
Botania:cosmetic:30, Tiny Potato Mask
Botania:cosmetic:31, Questgiver Mark
Botania:swapRing, item.swapRing.name
Botania:flowerBag, item.flowerBag.name
Botania:phantomInk, item.phantomInk.name
Botania:poolMinecart, item.poolMinecart.name
Botania:pinkinator, item.pinkinator.name
Botania:infiniteFruit, item.infiniteFruit.name
Botania:kingKey, item.kingKey.name
Botania:flugelEye, item.flugelEye.name
Botania:thorRing, item.thorRing.name
Botania:odinRing, item.odinRing.name
Botania:lokiRing, item.lokiRing.name
Botania:aesirRing, item.aesirRing.name
Botania:dice, item.dice.name
Botania:keepIvy, item.keepIvy.name
Botania:blackHoleTalisman:0, Black Hole Talisman
Botania:recordGaia1, item.recordGaia1.name
Botania:recordGaia2, item.recordGaia2.name
Botania:temperanceStone:0, Stone of Temperance
Botania:incenseStick, item.incenseStick.name
Botania:terraAxe, item.terraAxe.name
Botania:waterBowl, item.waterBowl.name
Botania:obedienceStick, item.obedienceStick.name
Botania:cacophonium, item.cacophonium.name
Botania:slimeBottle:0, Slime in a Bottle
Botania:starSword, item.starSword.name
Botania:exchangeRod, item.exchangeRod.name
Botania:magnetRingGreater, item.magnetRingGreater.name
Botania:thunderSword, Thunder Sword
Botania:manaweaveHelm, item.manaweaveHelm.name
Botania:manaweaveLegs, item.manaweaveLegs.name
Botania:manaweaveChest, item.manaweaveChest.name
Botania:manaweaveBoots, item.manaweaveBoots.name
Botania:autocraftingHalo, item.autocraftingHalo.name
Botania:gaiaHead, item.gaiaHead.name
Botania:sextant, item.sextant.name
Botania:speedUpBelt, item.speedUpBelt.name
Botania:baubleBox, item.baubleBox.name
Avaritia:Resource:0, Diamond Lattice
Avaritia:Resource:1, Crystal Matrix Ingot
Avaritia:Resource:2, Pile of Cosmic Neutrons
Avaritia:Resource:3, Cosmic Neutronium Nugget
Avaritia:Resource:4, Cosmic Neutronium Ingot
Avaritia:Resource:5, Infinity Catalyst
Avaritia:Resource:6, Infinity Ingot
Avaritia:Resource:7, Record Fragment
Avaritia:Resource:8, Star Fuel
Avaritia:Resource:9, Neutronium Gear
Avaritia:Singularity:0, Iron Singularity
Avaritia:Singularity:1, Golden Singularity
Avaritia:Singularity:2, Lapis Singularity
Avaritia:Singularity:3, Redstone Singularity
Avaritia:Singularity:4, Nether Quartz Singularity
Avaritia:Singularity:5, Copper Singularity
Avaritia:Singularity:6, Tin Singularity
Avaritia:Singularity:7, Leaden Singularity
Avaritia:Singularity:8, Silver Singularity
Avaritia:Singularity:9, Nickel Singularity
Avaritia:Singularity:10, Enderium Singularity
Avaritia:Singularity:11, Clay Singularity
Avaritia:Infinity_Pickaxe, World Breaker
Avaritia:Infinity_Sword, Sword of the Cosmos
Avaritia:Skull_Sword, Skullfire Sword
Avaritia:Ultimate_Stew, Ultimate Stew
Avaritia:Cosmic_Meatballs, Cosmic Meatballs
Avaritia:Endest_Pearl, Endest Pearl
Avaritia:Infinity_Helm, Infinity Helmet
Avaritia:Infinity_Chest, Infinity Breastplate
Avaritia:Infinity_Pants, Infinity Pants
Avaritia:Infinity_Shoes, Infinity Boots
Avaritia:Matter_Cluster, Matter Cluster
Avaritia:Infinity_Bow, Longbow of the Heavens
Avaritia:Infinity_Shovel, Planet Eater
Avaritia:Infinity_Axe, Nature's Ruin
babymobs:baby_spider_egg, Spawn Baby Spider
babymobs:baby_skeleton_egg, Spawn Baby Skeleton
babymobs:baby_creeper_egg, Spawn Baby Creeper
babymobs:baby_wither_skeleton_egg, Spawn Baby Wither Skeleton
babymobs:baby_enderman_egg, Spawn Baby Enderman
babymobs:baby_blaze_egg, Spawn Baby Blaze
babymobs:baby_witch_egg, Spawn Baby Witch
babymobs:baby_squid_egg, Spawn Baby Squid
babymobs:baby_cave_spider_egg, Spawn Baby Cave Spider
babymobs:baby_zombie_egg, Spawn Baby Zombie
babymobs:baby_pig_zombie_egg, Spawn Baby Zombie Pigman
babymobs:baby_ghast_egg, Spawn Baby Ghast
babymobs:baby_snowman_egg, Spawn Baby Snowman
babymobs:baby_iron_golem_egg, Spawn Baby Iron Golem
babymobs:baby_wither_egg, Spawn Baby Wither
babymobs:invisible, Invisible
babymobs:cave_spider_venom, Venom
babymobs:creeper_explosion, Explosion
Backpack:backpack:0, Backpack
Backpack:backpack:1, Black Backpack
Backpack:backpack:2, Red Backpack
Backpack:backpack:3, Green Backpack
Backpack:backpack:4, Brown Backpack
Backpack:backpack:5, Blue Backpack
Backpack:backpack:6, Purple Backpack
Backpack:backpack:7, Cyan Backpack
Backpack:backpack:8, Light Gray Backpack
Backpack:backpack:9, Gray Backpack
Backpack:backpack:10, Pink Backpack
Backpack:backpack:11, Lime Backpack
Backpack:backpack:12, Yellow Backpack
Backpack:backpack:13, Light Blue Backpack
Backpack:backpack:14, Magenta Backpack
Backpack:backpack:15, Orange Backpack
Backpack:backpack:16, White Backpack
Backpack:backpack:100, Middle Backpack
Backpack:backpack:101, Middle Black Backpack
Backpack:backpack:102, Middle Red Backpack
Backpack:backpack:103, Middle Green Backpack
Backpack:backpack:104, Middle Brown Backpack
Backpack:backpack:105, Middle Blue Backpack
Backpack:backpack:106, Middle Purple Backpack
Backpack:backpack:107, Middle Cyan Backpack
Backpack:backpack:108, Middle Light Gray Backpack
Backpack:backpack:109, Middle Gray Backpack
Backpack:backpack:110, Middle Pink Backpack
Backpack:backpack:111, Middle Lime Backpack
Backpack:backpack:112, Middle Yellow Backpack
Backpack:backpack:113, Middle Light Blue Backpack
Backpack:backpack:114, Middle Magenta Backpack
Backpack:backpack:115, Middle Orange Backpack
Backpack:backpack:116, Middle White Backpack
Backpack:backpack:200, Big Backpack
Backpack:backpack:201, Big Black Backpack
Backpack:backpack:202, Big Red Backpack
Backpack:backpack:203, Big Green Backpack
Backpack:backpack:204, Big Brown Backpack
Backpack:backpack:205, Big Blue Backpack
Backpack:backpack:206, Big Purple Backpack
Backpack:backpack:207, Big Cyan Backpack
Backpack:backpack:208, Big Light Gray Backpack
Backpack:backpack:209, Big Gray Backpack
Backpack:backpack:210, Big Pink Backpack
Backpack:backpack:211, Big Lime Backpack
Backpack:backpack:212, Big Yellow Backpack
Backpack:backpack:213, Big Light Blue Backpack
Backpack:backpack:214, Big Magenta Backpack
Backpack:backpack:215, Big Orange Backpack
Backpack:backpack:216, Big White Backpack
Backpack:backpack:31999, Ender Backpack
Backpack:workbenchbackpack:17, Workbench Backpack
Backpack:workbenchbackpack:217, Big Workbench Backpack
Backpack:boundLeather, item.null.name
Backpack:tannedLeather, item.null.name
baconators:Baconator, Baconator
baconators:Cluckinator, Cluckinator
baconators:Jerkynator, Jerkynator
bagginses:void, item.null.name
baublelicious:ItemAmulet, Amulet
baublelicious:ItemRing, Ring
baublelicious:ItemBelt, Belt
baublelicious:ItemBeltStepAssist, Belt of Hiking
baublelicious:ItemBeltWaterWalking, Belt of Water Walking
baublelicious:ItemNecklaceDiving, Amulet of Diving
baublelicious:ItemFlyingRing, Ring of Flight
baublelicious:ItemSpeedBelt, Speed Belt
baublelicious:ItemFallingBelt, Falling Belt
baublelicious:ItemAmuletGrowth, Amulet of Growth
baublelicious:ItemsAmuletNightvision, Amulet of Nightvision
baublelicious:ItemAmuletFieryCore, Amulet of the Fiery Core
baublelicious:ItemMagicCore:0, Magic Core
baublelicious:ItemMagicCore:1, Magic Core
baublelicious:ItemMagicCore:2, Magic Core
baublelicious:bindingGem, Binding Gem
baublelicious:ItemMagnetRing, Magnet Ring
baublelicious:entangledAmulet, §3Entangled Amulet
baublelicious:entangledRing, §3Entangled Ring
baublelicious:entangledBelt, §3Entangled Belt
baublesstuff:Spell_Book, Book of Spells
baublesstuff:Translator, Portable Translator
baublesstuff:Broken_Translator, Broken Translator
baublesstuff:Sheet_FireImmune, Fire Immune Paper
baublesstuff:Sheet_FallImmune, Fall Damage Immune Paper
baublesstuff:Sheet_Haste, Haste Paper
baublesstuff:Sheet_HealthRegen, Health Regeneration Paper
baublesstuff:Sheet_Invisibility, Invisibility Paper
baublesstuff:Sheet_Jump, Jump Paper
baublesstuff:Sheet_NightVision, Night Vision Paper
baublesstuff:Sheet_Power, Power Paper
baublesstuff:Sheet_Speed, Speed Paper
baublesstuff:Sheet_WaterBreathing, Water Breathing Paper
baublesstuff:Sheet_WitherImmune, Wither Immune Paper
baublesstuff:Sheet_Growth, Plant Acceleration Paper
baublesstuff:Sheet_Repair, Stuff Repairing Paper
baublesstuff:Sheet_Harvest, Plant Harvest Paper
baublesstuff:Belt_Core, Belt
baublesstuff:Pendant_Core, Pendant
baublesstuff:Ring_Core, Ring
baublesstuff:Ring_Magnet, Magnet Ring
baublesstuff:Ring_NotLMagnet, Instantaneous Magnet Ring
baublesstuff:Upgrade_Stone, Stone of Upgrade
baublesstuff:Upgrade_HighStep, HighStep Upgrade
baublesstuff:Upgrade_SpeedI, Speed Upgrade I
baublesstuff:Upgrade_SpeedII, Speed Upgrade II
baublesstuff:Upgrade_SpeedIII, Speed Upgrade III
baublesstuff:Upgrade_JumpI, Jump Upgrade I
baublesstuff:Upgrade_JumpII, Jump Upgrade II
baublesstuff:Upgrade_JumpIII, Jump Upgrade III
baublesstuff:Upgrade_Fly, Flying Upgrade
baublesstuff:Upgrade_FireImmune, Fire Immune Upgrade
baublesstuff:Upgrade_FallImmune, Fall Damage Immune Upgrade
baublesstuff:Upgrade_WaterBreathing, Water Breathing Upgrade
baublesstuff:Upgrade_WitherImmune, Wither Immune Upgrade
baublesstuff:Upgrade_Invisibility, Invisibility Upgrade
baublesstuff:Upgrade_HealthRegen, Health Regeneration Upgrade
baublesstuff:Upgrade_NightVision, Night Vision Upgrade
baublesstuff:Upgrade_HasteI, Haste Upgrade I
baublesstuff:Upgrade_HasteII, Haste Upgrade II
baublesstuff:Upgrade_HasteIII, Haste Upgrade III
baublesstuff:Upgrade_PowerI, Power Upgrade I
baublesstuff:Upgrade_PowerII, Power Upgrade II
baublesstuff:Upgrade_PowerIII, Power Upgrade III
baublesstuff:Upgrade_Growth, Plant Acceleration Upgrade
baublesstuff:Upgrade_Repair, Stuff Repairing Upgrade
baublesstuff:Upgrade_Harvest, Plant Harvest Upgrade
betterbuilderswands:wandStone, Stone Wand
betterbuilderswands:wandIron, Iron Wand
betterbuilderswands:wandUnbreakable, Unbreakable Wand
betterbuilderswands:wandDiamond, Diamond Wand
questbook:ItemQuestBook, Quest Book
bettersugarcane:sugarCaneRod, Sugar Cane Rod
bettersugarcane:scIronSword, Sword
bettersugarcane:scDiamondSword, Sword
bettersugarcane:scGoldSword, Sword
bettersugarcane:scIronPick, Pickaxe
bettersugarcane:scDiamondPick, Pickaxe
bettersugarcane:scGoldPick, Pickaxe
bettersugarcane:scIronAxe, Axe
bettersugarcane:scDiamondAxe, Axe
bettersugarcane:scGoldAxe, Axe
bettersugarcane:scIronShovel, Shovel
bettersugarcane:scDiamondShovel, Shovel
bettersugarcane:scGoldShovel, Shovel
bettersugarcane:sugarCookie, Sugar Cookie
BiblioCraft:item.StockroomCatalog, Stockroom Catalog
BiblioCraft:item.PlumbLine, Plumb line
BiblioCraft:item.FramingSaw, Framing Saw
BiblioCraft:item.FramingBoard, Framing Board
BiblioCraft:item.FramingSheet, Framing Sheet
BiblioCraft:item.TesterItem, ItemStack Name Tester
BiblioCraft:item.AtlasBook:0, Atlas
BiblioCraft:item.AtlasPlate, Atlas Plate
BiblioCraft:item.DeathCompass, Eternal Compass
BiblioCraft:item.PaintingCanvas, Painting Canvas
BiblioCraft:item.BigBook, Big Writing Book
BiblioCraft:item.RecipeBook, Empty Recipe Book
BiblioCraft:item.SlottedBook, Slotted Book
BiblioCraft:item.HandDrill, Hand Drill
BiblioCraft:item.tapeMeasure, Tape Measure
BiblioCraft:item.tape, Tape Measure Reel
BiblioCraft:item.BiblioChase, Print Press Chase
BiblioCraft:item.PrintPlate, Print Press Plate
BiblioCraft:item.EnchantedPlate, Enchanted Plate
BiblioCraft:item.BiblioRedBook, Redstone: Volume I
BiblioCraft:item.BiblioGlasses:0, Reading Glasses
BiblioCraft:item.BiblioGlasses:1, Tinted Glasses
BiblioCraft:item.BiblioGlasses:2, Monocle
BiblioCraft:item.BiblioDrill, Screw Gun
BiblioCraft:item.BiblioCreativeLock, Lock and Key
BiblioCraft:item.BiblioClipboard, Clipboard
BiblioCraft:item.seatBack:0, Oak Seat Back
BiblioCraft:item.seatBack:1, Spruce Seat Back
BiblioCraft:item.seatBack:2, Birch Seat Back
BiblioCraft:item.seatBack:3, Jungle Seat Back
BiblioCraft:item.seatBack:4, Acacia Seat Back
BiblioCraft:item.seatBack:5, Dark Oak Seat Back
BiblioCraft:item.seatBack:6, Framed Seat Back
BiblioCraft:item.seatBack2:0, Oak Seat Back
BiblioCraft:item.seatBack2:1, Spruce Seat Back
BiblioCraft:item.seatBack2:2, Birch Seat Back
BiblioCraft:item.seatBack2:3, Jungle Seat Back
BiblioCraft:item.seatBack2:4, Acacia Seat Back
BiblioCraft:item.seatBack2:5, Dark Oak Seat Back
BiblioCraft:item.seatBack2:6, Framed Seat Back
BiblioCraft:item.seatBack3:0, Oak Seat Back
BiblioCraft:item.seatBack3:1, Spruce Seat Back
BiblioCraft:item.seatBack3:2, Birch Seat Back
BiblioCraft:item.seatBack3:3, Jungle Seat Back
BiblioCraft:item.seatBack3:4, Acacia Seat Back
BiblioCraft:item.seatBack3:5, Dark Oak Seat Back
BiblioCraft:item.seatBack3:6, Framed Seat Back
BiblioCraft:item.seatBack4:0, Oak Seat Back
BiblioCraft:item.seatBack4:1, Spruce Seat Back
BiblioCraft:item.seatBack4:2, Birch Seat Back
BiblioCraft:item.seatBack4:3, Jungle Seat Back
BiblioCraft:item.seatBack4:4, Acacia Seat Back
BiblioCraft:item.seatBack4:5, Dark Oak Seat Back
BiblioCraft:item.seatBack4:6, Framed Seat Back
BiblioCraft:item.seatBack5:0, Oak Seat Back
BiblioCraft:item.seatBack5:1, Spruce Seat Back
BiblioCraft:item.seatBack5:2, Birch Seat Back
BiblioCraft:item.seatBack5:3, Jungle Seat Back
BiblioCraft:item.seatBack5:4, Acacia Seat Back
BiblioCraft:item.seatBack5:5, Dark Oak Seat Back
BiblioCraft:item.seatBack5:6, Framed Seat Back
BiblioCraft:item.BiblioMapTool, Drafting Compass
BiblioCraft:item.BiblioWayPointCompass, Waypoint Compass
BiblioWoodsForestry:seatBack1:0, Acacia Seat Back
BiblioWoodsForestry:seatBack1:1, Balsa Seat Back
BiblioWoodsForestry:seatBack1:2, Baobab Seat Back
BiblioWoodsForestry:seatBack1:3, Cherry Seat Back
BiblioWoodsForestry:seatBack1:4, Chestnut Seat Back
BiblioWoodsForestry:seatBack1:5, Citrus Seat Back
BiblioWoodsForestry:seatBack1:6, Ebony Seat Back
BiblioWoodsForestry:seatBack1:7, Greenheart Seat Back
BiblioWoodsForestry:seatBack1:8, Kapok Seat Back
BiblioWoodsForestry:seatBack1:9, Larch Seat Back
BiblioWoodsForestry:seatBack1:10, Lime Seat Back
BiblioWoodsForestry:seatBack1:11, Mahoe Seat Back
BiblioWoodsForestry:seatBack1:12, Mahogany Seat Back
BiblioWoodsForestry:seatBack1:13, Maple Seat Back
BiblioWoodsForestry:seatBack1:14, item.seatBack.PalmSeatBack.name
BiblioWoodsForestry:seatBack1:15, Papaya Seat Back
BiblioWoodsForestry:seatBack1:16, Pine Seat Back
BiblioWoodsForestry:seatBack1:17, Plum Seat Back
BiblioWoodsForestry:seatBack1:18, Poplar Seat Back
BiblioWoodsForestry:seatBack1:19, Sequoia Seat Back
BiblioWoodsForestry:seatBack1:20, Teak Seat Back
BiblioWoodsForestry:seatBack1:21, Walnut Seat Back
BiblioWoodsForestry:seatBack1:22, Wenge Seat Back
BiblioWoodsForestry:seatBack1:23, Willow Seat Back
BiblioWoodsForestry:seatBack2:0, Acacia Seat Back
BiblioWoodsForestry:seatBack2:1, Balsa Seat Back
BiblioWoodsForestry:seatBack2:2, Baobab Seat Back
BiblioWoodsForestry:seatBack2:3, Cherry Seat Back
BiblioWoodsForestry:seatBack2:4, Chestnut Seat Back
BiblioWoodsForestry:seatBack2:5, Citrus Seat Back
BiblioWoodsForestry:seatBack2:6, Ebony Seat Back
BiblioWoodsForestry:seatBack2:7, Greenheart Seat Back
BiblioWoodsForestry:seatBack2:8, Kapok Seat Back
BiblioWoodsForestry:seatBack2:9, Larch Seat Back
BiblioWoodsForestry:seatBack2:10, Lime Seat Back
BiblioWoodsForestry:seatBack2:11, Mahoe Seat Back
BiblioWoodsForestry:seatBack2:12, Mahogany Seat Back
BiblioWoodsForestry:seatBack2:13, Maple Seat Back
BiblioWoodsForestry:seatBack2:14, item.seatBack.PalmSeatBack.name
BiblioWoodsForestry:seatBack2:15, Papaya Seat Back
BiblioWoodsForestry:seatBack2:16, Pine Seat Back
BiblioWoodsForestry:seatBack2:17, Plum Seat Back
BiblioWoodsForestry:seatBack2:18, Poplar Seat Back
BiblioWoodsForestry:seatBack2:19, Sequoia Seat Back
BiblioWoodsForestry:seatBack2:20, Teak Seat Back
BiblioWoodsForestry:seatBack2:21, Walnut Seat Back
BiblioWoodsForestry:seatBack2:22, Wenge Seat Back
BiblioWoodsForestry:seatBack2:23, Willow Seat Back
BiblioWoodsForestry:seatBack3:0, Acacia Seat Back
BiblioWoodsForestry:seatBack3:1, Balsa Seat Back
BiblioWoodsForestry:seatBack3:2, Baobab Seat Back
BiblioWoodsForestry:seatBack3:3, Cherry Seat Back
BiblioWoodsForestry:seatBack3:4, Chestnut Seat Back
BiblioWoodsForestry:seatBack3:5, Citrus Seat Back
BiblioWoodsForestry:seatBack3:6, Ebony Seat Back
BiblioWoodsForestry:seatBack3:7, Greenheart Seat Back
BiblioWoodsForestry:seatBack3:8, Kapok Seat Back
BiblioWoodsForestry:seatBack3:9, Larch Seat Back
BiblioWoodsForestry:seatBack3:10, Lime Seat Back
BiblioWoodsForestry:seatBack3:11, Mahoe Seat Back
BiblioWoodsForestry:seatBack3:12, Mahogany Seat Back
BiblioWoodsForestry:seatBack3:13, Maple Seat Back
BiblioWoodsForestry:seatBack3:14, item.seatBack.PalmSeatBack.name
BiblioWoodsForestry:seatBack3:15, Papaya Seat Back
BiblioWoodsForestry:seatBack3:16, Pine Seat Back
BiblioWoodsForestry:seatBack3:17, Plum Seat Back
BiblioWoodsForestry:seatBack3:18, Poplar Seat Back
BiblioWoodsForestry:seatBack3:19, Sequoia Seat Back
BiblioWoodsForestry:seatBack3:20, Teak Seat Back
BiblioWoodsForestry:seatBack3:21, Walnut Seat Back
BiblioWoodsForestry:seatBack3:22, Wenge Seat Back
BiblioWoodsForestry:seatBack3:23, Willow Seat Back
BiblioWoodsForestry:seatBack4:0, Acacia Seat Back
BiblioWoodsForestry:seatBack4:1, Balsa Seat Back
BiblioWoodsForestry:seatBack4:2, Baobab Seat Back
BiblioWoodsForestry:seatBack4:3, Cherry Seat Back
BiblioWoodsForestry:seatBack4:4, Chestnut Seat Back
BiblioWoodsForestry:seatBack4:5, Citrus Seat Back
BiblioWoodsForestry:seatBack4:6, Ebony Seat Back
BiblioWoodsForestry:seatBack4:7, Greenheart Seat Back
BiblioWoodsForestry:seatBack4:8, Kapok Seat Back
BiblioWoodsForestry:seatBack4:9, Larch Seat Back
BiblioWoodsForestry:seatBack4:10, Lime Seat Back
BiblioWoodsForestry:seatBack4:11, Mahoe Seat Back
BiblioWoodsForestry:seatBack4:12, Mahogany Seat Back
BiblioWoodsForestry:seatBack4:13, Maple Seat Back
BiblioWoodsForestry:seatBack4:14, item.seatBack.PalmSeatBack.name
BiblioWoodsForestry:seatBack4:15, Papaya Seat Back
BiblioWoodsForestry:seatBack4:16, Pine Seat Back
BiblioWoodsForestry:seatBack4:17, Plum Seat Back
BiblioWoodsForestry:seatBack4:18, Poplar Seat Back
BiblioWoodsForestry:seatBack4:19, Sequoia Seat Back
BiblioWoodsForestry:seatBack4:20, Teak Seat Back
BiblioWoodsForestry:seatBack4:21, Walnut Seat Back
BiblioWoodsForestry:seatBack4:22, Wenge Seat Back
BiblioWoodsForestry:seatBack4:23, Willow Seat Back
BiblioWoodsForestry:seatBack5:0, Acacia Seat Back
BiblioWoodsForestry:seatBack5:1, Balsa Seat Back
BiblioWoodsForestry:seatBack5:2, Baobab Seat Back
BiblioWoodsForestry:seatBack5:3, Cherry Seat Back
BiblioWoodsForestry:seatBack5:4, Chestnut Seat Back
BiblioWoodsForestry:seatBack5:5, Citrus Seat Back
BiblioWoodsForestry:seatBack5:6, Ebony Seat Back
BiblioWoodsForestry:seatBack5:7, Greenheart Seat Back
BiblioWoodsForestry:seatBack5:8, Kapok Seat Back
BiblioWoodsForestry:seatBack5:9, Larch Seat Back
BiblioWoodsForestry:seatBack5:10, Lime Seat Back
BiblioWoodsForestry:seatBack5:11, Mahoe Seat Back
BiblioWoodsForestry:seatBack5:12, Mahogany Seat Back
BiblioWoodsForestry:seatBack5:13, Maple Seat Back
BiblioWoodsForestry:seatBack5:14, item.seatBack.PalmSeatBack.name
BiblioWoodsForestry:seatBack5:15, Papaya Seat Back
BiblioWoodsForestry:seatBack5:16, Pine Seat Back
BiblioWoodsForestry:seatBack5:17, Plum Seat Back
BiblioWoodsForestry:seatBack5:18, Poplar Seat Back
BiblioWoodsForestry:seatBack5:19, Sequoia Seat Back
BiblioWoodsForestry:seatBack5:20, Teak Seat Back
BiblioWoodsForestry:seatBack5:21, Walnut Seat Back
BiblioWoodsForestry:seatBack5:22, Wenge Seat Back
BiblioWoodsForestry:seatBack5:23, Willow Seat Back
BigReactors:BRIngot:0, Yellorium Ingot
BigReactors:BRIngot:1, Cyanite Ingot
BigReactors:BRIngot:2, Graphite Bar
BigReactors:BRIngot:3, Blutonium Ingot
BigReactors:BRIngot:4, Yellorium Dust
BigReactors:BRIngot:5, Cyanite Dust
BigReactors:BRIngot:6, Graphite Dust
BigReactors:BRIngot:7, Blutonium Dust
BigReactors:BRIngot:8, Ludicrite Ingot
BigReactors:BRIngot:9, Ludicrite Dust
BigReactors:bucketYellorium, Fluid Yellorium Bucket
BigReactors:bucketCyanite, Fluid Cyanite Bucket
BigReactors:BRDebugTool, BeefTronic™ Diagnostics Tool
biomestats:biome_analyser, Biome Thermometer
birdsnests:birdsnest, Bird's Nest
bleachmod:itemBleach, Bleach
bleachmod:itemClorox, Clorox Bleach
bleachmod:itemWindex, Windex
blockarmor:stone_helmet, Stone Helmet
blockarmor:stone_chestplate, Stone Chestplate
blockarmor:stone_leggings, Stone Leggings
blockarmor:stone_boots, Stone Boots
blockarmor:dirt_helmet, Dirt Helmet
blockarmor:dirt_chestplate, Dirt Chestplate
blockarmor:dirt_leggings, Dirt Leggings
blockarmor:dirt_boots, Dirt Boots
blockarmor:cobble_helmet, Cobblestone Helmet
blockarmor:cobble_chestplate, Cobblestone Chestplate
blockarmor:cobble_leggings, Cobblestone Leggings
blockarmor:cobble_boots, Cobblestone Boots
blockarmor:oakwoodplanks_helmet, Oak Wood Planks Helmet
blockarmor:oakwoodplanks_chestplate, Oak Wood Planks Chestplate
blockarmor:oakwoodplanks_leggings, Oak Wood Planks Leggings
blockarmor:oakwoodplanks_boots, Oak Wood Planks Boots
blockarmor:sprucewoodplanks_helmet, Spruce Wood Planks Helmet
blockarmor:sprucewoodplanks_chestplate, Spruce Wood Planks Chestplate
blockarmor:sprucewoodplanks_leggings, Spruce Wood Planks Leggings
blockarmor:sprucewoodplanks_boots, Spruce Wood Planks Boots
blockarmor:birchwoodplanks_helmet, Birch Wood Planks Helmet
blockarmor:birchwoodplanks_chestplate, Birch Wood Planks Chestplate
blockarmor:birchwoodplanks_leggings, Birch Wood Planks Leggings
blockarmor:birchwoodplanks_boots, Birch Wood Planks Boots
blockarmor:junglewoodplanks_helmet, Jungle Wood Planks Helmet
blockarmor:junglewoodplanks_chestplate, Jungle Wood Planks Chestplate
blockarmor:junglewoodplanks_leggings, Jungle Wood Planks Leggings
blockarmor:junglewoodplanks_boots, Jungle Wood Planks Boots
blockarmor:acaciawoodplanks_helmet, Acacia Wood Planks Helmet
blockarmor:acaciawoodplanks_chestplate, Acacia Wood Planks Chestplate
blockarmor:acaciawoodplanks_leggings, Acacia Wood Planks Leggings
blockarmor:acaciawoodplanks_boots, Acacia Wood Planks Boots
blockarmor:darkoakwoodplanks_helmet, Dark Oak Wood Planks Helmet
blockarmor:darkoakwoodplanks_chestplate, Dark Oak Wood Planks Chestplate
blockarmor:darkoakwoodplanks_leggings, Dark Oak Wood Planks Leggings
blockarmor:darkoakwoodplanks_boots, Dark Oak Wood Planks Boots
blockarmor:bedrock_helmet, Bedrock Helmet
blockarmor:bedrock_chestplate, Bedrock Chestplate
blockarmor:bedrock_leggings, Bedrock Leggings
blockarmor:bedrock_boots, Bedrock Boots
blockarmor:oakwood_helmet, Oak Wood Helmet
blockarmor:oakwood_chestplate, Oak Wood Chestplate
blockarmor:oakwood_leggings, Oak Wood Leggings
blockarmor:oakwood_boots, Oak Wood Boots
blockarmor:sprucewood_helmet, Spruce Wood Helmet
blockarmor:sprucewood_chestplate, Spruce Wood Chestplate
blockarmor:sprucewood_leggings, Spruce Wood Leggings
blockarmor:sprucewood_boots, Spruce Wood Boots
blockarmor:birchwood_helmet, Birch Wood Helmet
blockarmor:birchwood_chestplate, Birch Wood Chestplate
blockarmor:birchwood_leggings, Birch Wood Leggings
blockarmor:birchwood_boots, Birch Wood Boots
blockarmor:junglewood_helmet, Jungle Wood Helmet
blockarmor:junglewood_chestplate, Jungle Wood Chestplate
blockarmor:junglewood_leggings, Jungle Wood Leggings
blockarmor:junglewood_boots, Jungle Wood Boots
blockarmor:lapis_helmet, Lapis Lazuli Helmet
blockarmor:lapis_chestplate, Lapis Lazuli Chestplate
blockarmor:lapis_leggings, Lapis Lazuli Leggings
blockarmor:lapis_boots, Lapis Lazuli Boots
blockarmor:brick_helmet, Brick Helmet
blockarmor:brick_chestplate, Brick Chestplate
blockarmor:brick_leggings, Brick Leggings
blockarmor:brick_boots, Brick Boots
blockarmor:obsidian_helmet, Obsidian Helmet
blockarmor:obsidian_chestplate, Obsidian Chestplate
blockarmor:obsidian_leggings, Obsidian Leggings
blockarmor:obsidian_boots, Obsidian Boots
blockarmor:snow_helmet, Snow Helmet
blockarmor:snow_chestplate, Snow Chestplate
blockarmor:snow_leggings, Snow Leggings
blockarmor:snow_boots, Snow Boots
blockarmor:netherrack_helmet, Netherrack Helmet
blockarmor:netherrack_chestplate, Netherrack Chestplate
blockarmor:netherrack_leggings, Netherrack Leggings
blockarmor:netherrack_boots, Netherrack Boots
blockarmor:endstone_helmet, Endstone Helmet
blockarmor:endstone_chestplate, Endstone Chestplate
blockarmor:endstone_leggings, Endstone Leggings
blockarmor:endstone_boots, Endstone Boots
blockarmor:emerald_helmet, Emerald Helmet
blockarmor:emerald_chestplate, Emerald Chestplate
blockarmor:emerald_leggings, Emerald Leggings
blockarmor:emerald_boots, Emerald Boots
blockarmor:quartz_helmet, Quartz Helmet
blockarmor:quartz_chestplate, Quartz Chestplate
blockarmor:quartz_leggings, Quartz Leggings
blockarmor:quartz_boots, Quartz Boots
blockarmor:acaciawood_helmet, Acacia Wood Helmet
blockarmor:acaciawood_chestplate, Acacia Wood Chestplate
blockarmor:acaciawood_leggings, Acacia Wood Leggings
blockarmor:acaciawood_boots, Acacia Wood Boots
blockarmor:darkoakwood_helmet, Dark Oak Wood Helmet
blockarmor:darkoakwood_chestplate, Dark Oak Wood Chestplate
blockarmor:darkoakwood_leggings, Dark Oak Wood Leggings
blockarmor:darkoakwood_boots, Dark Oak Wood Boots
blockarmor:redstone_helmet, Redstone Helmet
blockarmor:redstone_chestplate, Redstone Chestplate
blockarmor:redstone_leggings, Redstone Leggings
blockarmor:redstone_boots, Redstone Boots
blockarmor:sugarcane_helmet, Sugarcane Helmet
blockarmor:sugarcane_chestplate, Sugarcane Chestplate
blockarmor:sugarcane_leggings, Sugarcane Leggings
blockarmor:sugarcane_boots, Sugarcane Boots
blockarmor:poliwag_helmet, Poliwag Helmet
blockarmor:poliwag_chestplate, Poliwag Chestplate
blockarmor:poliwag_leggings, Poliwag Leggings
blockarmor:poliwag_boots, Poliwag Boots
blocklings:item.wood_upgrade, Wood Upgrade
blocklings:item.cobblestone_upgrade, Cobblestone Upgrade
blocklings:item.stone_upgrade, Stone Upgrade
blocklings:item.iron_upgrade, Iron Upgrade
blocklings:item.lapis_upgrade, Lapis Lazuli Upgrade
blocklings:item.gold_upgrade, Gold Upgrade
blocklings:item.diamond_upgrade, Diamond Upgrade
blocklings:item.emerald_upgrade, Emerald Upgrade
blocklings:item.obsidian_upgrade, Obsidian Upgrade
blocklings:item.health_1, Health Upgrade (Tier 1)
blocklings:item.health_2, Health Upgrade (Tier 2)
blocklings:item.health_3, Health Upgrade (Tier 3)
blocklings:item.damage_1, Damage Upgrade (Tier 1)
blocklings:item.damage_2, Damage Upgrade (Tier 2)
blocklings:item.damage_3, Damage Upgrade (Tier 3)
blocklings:item.speed_1, Speed Upgrade (Tier 1)
blocklings:item.speed_2, Speed Upgrade (Tier 2)
blocklings:item.speed_3, Speed Upgrade (Tier 3)
blocklings:item.level_up, Blockling Level-Upperer
blocklings:item.shuriken, Blockling Shuriken
blocklings:item.blockling, item.blockling.name
blocklings:item.tab, item.tab.name
Mantle:mantleBook:0, Mantle:item.mantle.manual.beginner.name
Mantle:mantleBook:1, Mantle:item.mantle.manual.toolstation.name
Mantle:mantleBook:2, Mantle:item.mantle.manual.smeltery.name
Mantle:mantleBook:3, Mantle:item.mantle.manual.diary.name
TConstruct:goldHead:0, Golden Head
TConstruct:strangeFood:0, Gelatinous Slime
TConstruct:strangeFood:1, Coagulated Blood
TConstruct:strangeFood:2, Bacon
TConstruct:oreBerries:0, Iron Oreberry
TConstruct:oreBerries:1, Gold Oreberry
TConstruct:oreBerries:2, Copper Oreberry
TConstruct:oreBerries:3, Tin Oreberry
TConstruct:oreBerries:4, Aluminum Oreberry
TConstruct:oreBerries:5, Concentrated Essence Berry
TConstruct:titleIcon:0, Spawn Blue Slime
TConstruct:titleIcon:1, Spawn King Slime
TConstruct:blankPattern:0, Blank Pattern
TConstruct:blankPattern:1, Blank Cast
TConstruct:blankPattern:2, Blank Cast
TConstruct:blankPattern:3, Blank Clay Cast
TConstruct:materials:0, Paper Stack
TConstruct:materials:1, Slime Crystal
TConstruct:materials:2, Seared Brick
TConstruct:materials:3, Cobalt Ingot
TConstruct:materials:4, Ardite Ingot
TConstruct:materials:5, Manyullyn Ingot
TConstruct:materials:6, Ball of Moss
TConstruct:materials:7, Lava Crystal
TConstruct:materials:8, Necrotic Bone
TConstruct:materials:9, Copper Ingot
TConstruct:materials:10, Tin Ingot
TConstruct:materials:11, Aluminum Ingot
TConstruct:materials:12, Raw Aluminum
TConstruct:materials:13, Bronze Ingot
TConstruct:materials:14, Aluminum Brass Ingot
TConstruct:materials:15, Alumite Ingot
TConstruct:materials:16, Steel Ingot
TConstruct:materials:17, Slime Crystal
TConstruct:materials:18, Obsidian Ingot
TConstruct:materials:19, Iron Nugget
TConstruct:materials:20, Copper Nugget
TConstruct:materials:21, Tin Nugget
TConstruct:materials:22, Aluminum Nugget
TConstruct:materials:24, Aluminum Brass Nugget
TConstruct:materials:25, Silky Cloth
TConstruct:materials:26, Silky Jewel
TConstruct:materials:27, Obsidian Nugget
TConstruct:materials:28, Cobalt Nugget
TConstruct:materials:29, Ardite Nugget
TConstruct:materials:30, Manyullyn Nugget
TConstruct:materials:31, Bronze Nugget
TConstruct:materials:32, Alumite Nugget
TConstruct:materials:33, Steel Nugget
TConstruct:materials:34, Pig Iron Ingot
TConstruct:materials:35, Pig Iron Platter
TConstruct:materials:36, Ball of Glue
TConstruct:materials:37, Seared Brick
TConstruct:materials:38, Ardite Dust
TConstruct:materials:39, Cobalt Dust
TConstruct:materials:40, Aluminum Dust
TConstruct:materials:41, Manyullyn Dust
TConstruct:materials:42, Aluminum Brass Dust
TConstruct:materials:43, Reinforcement
TConstruct:woodPattern:1, Tool Rod Pattern
TConstruct:woodPattern:2, Pickaxe Head Pattern
TConstruct:woodPattern:3, Shovel Head Pattern
TConstruct:woodPattern:4, Axe Head Pattern
TConstruct:woodPattern:5, Sword Blade Pattern
TConstruct:woodPattern:6, Wide Guard Pattern
TConstruct:woodPattern:7, Hand Guard Pattern
TConstruct:woodPattern:8, Crossbar Pattern
TConstruct:woodPattern:9, Tool Binding Pattern
TConstruct:woodPattern:10, Pan Pattern
TConstruct:woodPattern:11, Wide Board Pattern
TConstruct:woodPattern:12, Knife Blade Pattern
TConstruct:woodPattern:13, Chisel Head Pattern
TConstruct:woodPattern:14, Tough Rod Pattern
TConstruct:woodPattern:15, Tough Binding Pattern
TConstruct:woodPattern:16, Large Plate Pattern
TConstruct:woodPattern:17, Broadaxe Head Pattern
TConstruct:woodPattern:18, Scythe Head Pattern
TConstruct:woodPattern:19, Excavator Head Pattern
TConstruct:woodPattern:20, Large Blade Pattern
TConstruct:woodPattern:21, Hammer Head Pattern
TConstruct:woodPattern:22, Full Guard Pattern
TConstruct:woodPattern:23, Bowstring Pattern
TConstruct:woodPattern:24, Fletching Pattern
TConstruct:woodPattern:25, Arrowhead Pattern
TConstruct:manualBook:0, Materials and You: Volume 1
TConstruct:manualBook:1, Materials and You: Volume 2
TConstruct:manualBook:2, Mighty Smelting
TConstruct:manualBook:3, Diary of a Tinker
TConstruct:manualBook:4, Tinkers' Weaponry
TConstruct:pickaxe, Pickaxe
TConstruct:shovel, Shovel
TConstruct:hatchet, Hatchet
TConstruct:broadsword, Broadsword
TConstruct:longsword, Longsword
TConstruct:rapier, Rapier
TConstruct:dagger, Dagger
TConstruct:cutlass, Cutlass
TConstruct:frypan, Frying Pan
TConstruct:battlesign, Battlesign
TConstruct:mattock, Mattock
TConstruct:chisel, Chisel
TConstruct:lumberaxe, Lumber Axe
TConstruct:cleaver, Cleaver
TConstruct:scythe, Scythe
TConstruct:excavator, Excavator
TConstruct:hammer, Hammer
TConstruct:battleaxe, Battleaxe
TConstruct:potionLauncher, Potion Launcher
TConstruct:toolRod:0, Wooden Tool Rod
TConstruct:toolRod:1, Stone Tool Rod
TConstruct:toolRod:2, Iron Tool Rod
TConstruct:toolRod:3, Flint Tool Rod
TConstruct:toolRod:4, Cactus Tool Rod
TConstruct:toolRod:5, Bone Tool Rod
TConstruct:toolRod:6, Obsidian Tool Rod
TConstruct:toolRod:7, Netherrack Tool Rod
TConstruct:toolRod:8, Slime Tool Rod
TConstruct:toolRod:9, Paper Tool Rod
TConstruct:toolRod:10, Cobalt Tool Rod
TConstruct:toolRod:11, Ardite Tool Rod
TConstruct:toolRod:12, Manyullyn Tool Rod
TConstruct:toolRod:13, Copper Tool Rod
TConstruct:toolRod:14, Bronze Tool Rod
TConstruct:toolRod:15, Alumite Tool Rod
TConstruct:toolRod:16, Steel Tool Rod
TConstruct:toolRod:17, Slime Tool Rod
TConstruct:toolRod:18, Pig Iron Tool Rod
TConstruct:toolShard:1, Stone Shard
TConstruct:toolShard:3, Flint Shard
TConstruct:toolShard:4, Cactus Shard
TConstruct:toolShard:6, Obsidian Shard
TConstruct:toolShard:7, Netherrack Shard
TConstruct:toolShard:8, Slime Shard
TConstruct:toolShard:17, Slime Shard
TConstruct:pickaxeHead:0, Wooden Pickaxe Head
TConstruct:pickaxeHead:1, Stone Pickaxe Head
TConstruct:pickaxeHead:2, Iron Pickaxe Head
TConstruct:pickaxeHead:3, Flint Pickaxe Head
TConstruct:pickaxeHead:4, Cactus Pickaxe Head
TConstruct:pickaxeHead:5, Bone Pickaxe Head
TConstruct:pickaxeHead:6, Obsidian Pickaxe Head
TConstruct:pickaxeHead:7, Netherrack Pickaxe Head
TConstruct:pickaxeHead:8, Slime Pickaxe Head
TConstruct:pickaxeHead:9, Paper Pickaxe Head
TConstruct:pickaxeHead:10, Cobalt Pickaxe Head
TConstruct:pickaxeHead:11, Ardite Pickaxe Head
TConstruct:pickaxeHead:12, Manyullyn Pickaxe Head
TConstruct:pickaxeHead:13, Copper Pickaxe Head
TConstruct:pickaxeHead:14, Bronze Pickaxe Head
TConstruct:pickaxeHead:15, Alumite Pickaxe Head
TConstruct:pickaxeHead:16, Steel Pickaxe Head
TConstruct:pickaxeHead:17, Slime Pickaxe Head
TConstruct:pickaxeHead:18, Pig Iron Pickaxe Head
TConstruct:shovelHead:0, Wooden Shovel Head
TConstruct:shovelHead:1, Stone Shovel Head
TConstruct:shovelHead:2, Iron Shovel Head
TConstruct:shovelHead:3, Flint Shovel Head
TConstruct:shovelHead:4, Cactus Shovel Head
TConstruct:shovelHead:5, Bone Shovel Head
TConstruct:shovelHead:6, Obsidian Shovel Head
TConstruct:shovelHead:7, Netherrack Shovel Head
TConstruct:shovelHead:8, Slime Shovel Head
TConstruct:shovelHead:9, Paper Shovel Head
TConstruct:shovelHead:10, Cobalt Shovel Head
TConstruct:shovelHead:11, Ardite Shovel Head
TConstruct:shovelHead:12, Manyullyn Shovel Head
TConstruct:shovelHead:13, Copper Shovel Head
TConstruct:shovelHead:14, Bronze Shovel Head
TConstruct:shovelHead:15, Alumite Shovel Head
TConstruct:shovelHead:16, Steel Shovel Head
TConstruct:shovelHead:17, Slime Shovel Head
TConstruct:shovelHead:18, Pig Iron Shovel Head
TConstruct:hatchetHead:0, Wooden Axe Head
TConstruct:hatchetHead:1, Stone Axe Head
TConstruct:hatchetHead:2, Iron Axe Head
TConstruct:hatchetHead:3, Flint Axe Head
TConstruct:hatchetHead:4, Cactus Axe Head
TConstruct:hatchetHead:5, Bone Axe Head
TConstruct:hatchetHead:6, Obsidian Axe Head
TConstruct:hatchetHead:7, Netherrack Axe Head
TConstruct:hatchetHead:8, Slime Axe Head
TConstruct:hatchetHead:9, Paper Axe Head
TConstruct:hatchetHead:10, Cobalt Axe Head
TConstruct:hatchetHead:11, Ardite Axe Head
TConstruct:hatchetHead:12, Manyullyn Axe Head
TConstruct:hatchetHead:13, Copper Axe Head
TConstruct:hatchetHead:14, Bronze Axe Head
TConstruct:hatchetHead:15, Alumite Axe Head
TConstruct:hatchetHead:16, Steel Axe Head
TConstruct:hatchetHead:17, Slime Axe Head
TConstruct:hatchetHead:18, Pig Iron Axe Head
TConstruct:binding:0, Wooden Binding
TConstruct:binding:1, Stone Binding
TConstruct:binding:2, Iron Binding
TConstruct:binding:3, Flint Binding
TConstruct:binding:4, Cactus Binding
TConstruct:binding:5, Bone Binding
TConstruct:binding:6, Obsidian Binding
TConstruct:binding:7, Netherrack Binding
TConstruct:binding:8, Slime Binding
TConstruct:binding:9, Paper Binding
TConstruct:binding:10, Cobalt Binding
TConstruct:binding:11, Ardite Binding
TConstruct:binding:12, Manyullyn Binding
TConstruct:binding:13, Copper Binding
TConstruct:binding:14, Bronze Binding
TConstruct:binding:15, Alumite Binding
TConstruct:binding:16, Steel Binding
TConstruct:binding:17, Slime Binding
TConstruct:binding:18, Pig Iron Binding
TConstruct:toughBinding:0, Wooden Tough Binding
TConstruct:toughBinding:1, Stone Tough Binding
TConstruct:toughBinding:2, Iron Tough Binding
TConstruct:toughBinding:3, Flint Tough Binding
TConstruct:toughBinding:4, Cactus Tough Binding
TConstruct:toughBinding:5, Bone Tough Binding
TConstruct:toughBinding:6, Obsidian Tough Binding
TConstruct:toughBinding:7, Netherrack Tough Binding
TConstruct:toughBinding:8, Slime Tough Binding
TConstruct:toughBinding:9, Paper Tough Binding
TConstruct:toughBinding:10, Cobalt Tough Binding
TConstruct:toughBinding:11, Ardite Tough Binding
TConstruct:toughBinding:12, Manyullyn Tough Binding
TConstruct:toughBinding:13, Copper Tough Binding
TConstruct:toughBinding:14, Bronze Tough Binding
TConstruct:toughBinding:15, Alumite Tough Binding
TConstruct:toughBinding:16, Steel Tough Binding
TConstruct:toughBinding:17, Slime Tough Binding
TConstruct:toughBinding:18, Pig Iron Tough Binding
TConstruct:toughRod:0, Wooden Tough Rod
TConstruct:toughRod:1, Stone Tough Rod
TConstruct:toughRod:2, Iron Tough Rod
TConstruct:toughRod:3, Flint Tough Rod
TConstruct:toughRod:4, Cactus Tough Rod
TConstruct:toughRod:5, Bone Tough Rod
TConstruct:toughRod:6, Obsidian Tough Rod
TConstruct:toughRod:7, Netherrack Tough Rod
TConstruct:toughRod:8, Slime Tough Rod
TConstruct:toughRod:9, Paper Tough Rod
TConstruct:toughRod:10, Cobalt Tough Rod
TConstruct:toughRod:11, Ardite Tough Rod
TConstruct:toughRod:12, Manyullyn Tough Rod
TConstruct:toughRod:13, Copper Tough Rod
TConstruct:toughRod:14, Bronze Tough Rod
TConstruct:toughRod:15, Alumite Tough Rod
TConstruct:toughRod:16, Steel Tough Rod
TConstruct:toughRod:17, Slime Tough Rod
TConstruct:toughRod:18, Pig Iron Tough Rod
TConstruct:heavyPlate:0, Wooden Large Plate
TConstruct:heavyPlate:1, Stone Large Plate
TConstruct:heavyPlate:2, Iron Large Plate
TConstruct:heavyPlate:3, Flint Large Plate
TConstruct:heavyPlate:4, Cactus Large Plate
TConstruct:heavyPlate:5, Bone Large Plate
TConstruct:heavyPlate:6, Obsidian Large Plate
TConstruct:heavyPlate:7, Netherrack Large Plate
TConstruct:heavyPlate:8, Slime Large Plate
TConstruct:heavyPlate:9, Paper Large Plate
TConstruct:heavyPlate:10, Cobalt Large Plate
TConstruct:heavyPlate:11, Ardite Large Plate
TConstruct:heavyPlate:12, Manyullyn Large Plate
TConstruct:heavyPlate:13, Copper Large Plate
TConstruct:heavyPlate:14, Bronze Large Plate
TConstruct:heavyPlate:15, Alumite Large Plate
TConstruct:heavyPlate:16, Steel Large Plate
TConstruct:heavyPlate:17, Slime Large Plate
TConstruct:heavyPlate:18, Pig Iron Large Plate
TConstruct:swordBlade:0, Wooden Sword Blade
TConstruct:swordBlade:1, Stone Sword Blade
TConstruct:swordBlade:2, Iron Sword Blade
TConstruct:swordBlade:3, Flint Sword Blade
TConstruct:swordBlade:4, Cactus Sword Blade
TConstruct:swordBlade:5, Bone Sword Blade
TConstruct:swordBlade:6, Obsidian Sword Blade
TConstruct:swordBlade:7, Netherrack Sword Blade
TConstruct:swordBlade:8, Slime Sword Blade
TConstruct:swordBlade:9, Paper Sword Blade
TConstruct:swordBlade:10, Cobalt Sword Blade
TConstruct:swordBlade:11, Ardite Sword Blade
TConstruct:swordBlade:12, Manyullyn Sword Blade
TConstruct:swordBlade:13, Copper Sword Blade
TConstruct:swordBlade:14, Bronze Sword Blade
TConstruct:swordBlade:15, Alumite Sword Blade
TConstruct:swordBlade:16, Steel Sword Blade
TConstruct:swordBlade:17, Slime Sword Blade
TConstruct:swordBlade:18, Pig Iron Sword Blade
TConstruct:wideGuard:0, Wooden Wide Guard
TConstruct:wideGuard:1, Stone Wide Guard
TConstruct:wideGuard:2, Iron Wide Guard
TConstruct:wideGuard:3, Flint Wide Guard
TConstruct:wideGuard:4, Cactus Wide Guard
TConstruct:wideGuard:5, Bone Wide Guard
TConstruct:wideGuard:6, Obsidian Wide Guard
TConstruct:wideGuard:7, Netherrack Wide Guard
TConstruct:wideGuard:8, Slime Wide Guard
TConstruct:wideGuard:9, Paper Wide Guard
TConstruct:wideGuard:10, Cobalt Wide Guard
TConstruct:wideGuard:11, Ardite Wide Guard
TConstruct:wideGuard:12, Manyullyn Wide Guard
TConstruct:wideGuard:13, Copper Wide Guard
TConstruct:wideGuard:14, Bronze Wide Guard
TConstruct:wideGuard:15, Alumite Wide Guard
TConstruct:wideGuard:16, Steel Wide Guard
TConstruct:wideGuard:17, Slime Wide Guard
TConstruct:wideGuard:18, Pig Iron Wide Guard
TConstruct:handGuard:0, Wooden Hand Guard
TConstruct:handGuard:1, Stone Hand Guard
TConstruct:handGuard:2, Iron Hand Guard
TConstruct:handGuard:3, Flint Hand Guard
TConstruct:handGuard:4, Cactus Hand Guard
TConstruct:handGuard:5, Bone Hand Guard
TConstruct:handGuard:6, Obsidian Hand Guard
TConstruct:handGuard:7, Netherrack Hand Guard
TConstruct:handGuard:8, Slime Hand Guard
TConstruct:handGuard:9, Paper Hand Guard
TConstruct:handGuard:10, Cobalt Hand Guard
TConstruct:handGuard:11, Ardite Hand Guard
TConstruct:handGuard:12, Manyullyn Hand Guard
TConstruct:handGuard:13, Copper Hand Guard
TConstruct:handGuard:14, Bronze Hand Guard
TConstruct:handGuard:15, Alumite Hand Guard
TConstruct:handGuard:16, Steel Hand Guard
TConstruct:handGuard:17, Slime Hand Guard
TConstruct:handGuard:18, Pig Iron Hand Guard
TConstruct:crossbar:0, Wooden Crossbar
TConstruct:crossbar:1, Stone Crossbar
TConstruct:crossbar:2, Iron Crossbar
TConstruct:crossbar:3, Flint Crossbar
TConstruct:crossbar:4, Cactus Crossbar
TConstruct:crossbar:5, Bone Crossbar
TConstruct:crossbar:6, Obsidian Crossbar
TConstruct:crossbar:7, Netherrack Crossbar
TConstruct:crossbar:8, Slime Crossbar
TConstruct:crossbar:9, Paper Crossbar
TConstruct:crossbar:10, Cobalt Crossbar
TConstruct:crossbar:11, Ardite Crossbar
TConstruct:crossbar:12, Manyullyn Crossbar
TConstruct:crossbar:13, Copper Crossbar
TConstruct:crossbar:14, Bronze Crossbar
TConstruct:crossbar:15, Alumite Crossbar
TConstruct:crossbar:16, Steel Crossbar
TConstruct:crossbar:17, Slime Crossbar
TConstruct:crossbar:18, Pig Iron Crossbar
TConstruct:knifeBlade:0, Wooden Knife Blade
TConstruct:knifeBlade:1, Stone Knife Blade
TConstruct:knifeBlade:2, Iron Knife Blade
TConstruct:knifeBlade:3, Flint Knife Blade
TConstruct:knifeBlade:4, Cactus Knife Blade
TConstruct:knifeBlade:5, Bone Knife Blade
TConstruct:knifeBlade:6, Obsidian Knife Blade
TConstruct:knifeBlade:7, Netherrack Knife Blade
TConstruct:knifeBlade:8, Slime Knife Blade
TConstruct:knifeBlade:9, Paper Knife Blade
TConstruct:knifeBlade:10, Cobalt Knife Blade
TConstruct:knifeBlade:11, Ardite Knife Blade
TConstruct:knifeBlade:12, Manyullyn Knife Blade
TConstruct:knifeBlade:13, Copper Knife Blade
TConstruct:knifeBlade:14, Bronze Knife Blade
TConstruct:knifeBlade:15, Alumite Knife Blade
TConstruct:knifeBlade:16, Steel Knife Blade
TConstruct:knifeBlade:17, Slime Knife Blade
TConstruct:knifeBlade:18, Pig Iron Knife Blade
TConstruct:frypanHead:0, Wooden Pan
TConstruct:frypanHead:1, Stone Pan
TConstruct:frypanHead:2, Iron Pan
TConstruct:frypanHead:3, Flint Pan
TConstruct:frypanHead:4, Cactus Pan
TConstruct:frypanHead:5, Bone Pan
TConstruct:frypanHead:6, Obsidian Pan
TConstruct:frypanHead:7, Netherrack Pan
TConstruct:frypanHead:8, Slime Pan
TConstruct:frypanHead:9, Paper Pan
TConstruct:frypanHead:10, Cobalt Pan
TConstruct:frypanHead:11, Ardite Pan
TConstruct:frypanHead:12, Manyullyn Pan
TConstruct:frypanHead:13, Copper Pan
TConstruct:frypanHead:14, Bronze Pan
TConstruct:frypanHead:15, Alumite Pan
TConstruct:frypanHead:16, Steel Pan
TConstruct:frypanHead:17, Slime Pan
TConstruct:frypanHead:18, Pig Iron Pan
TConstruct:signHead:0, Wooden Sign Head
TConstruct:signHead:1, Stone Sign Head
TConstruct:signHead:2, Iron Sign Head
TConstruct:signHead:3, Flint Sign Head
TConstruct:signHead:4, Cactus Sign Head
TConstruct:signHead:5, Bone Sign Head
TConstruct:signHead:6, Obsidian Sign Head
TConstruct:signHead:7, Netherrack Sign Head
TConstruct:signHead:8, Slime Sign Head
TConstruct:signHead:9, Paper Sign Head
TConstruct:signHead:10, Cobalt Sign Head
TConstruct:signHead:11, Ardite Sign Head
TConstruct:signHead:12, Manyullyn Sign Head
TConstruct:signHead:13, Copper Sign Head
TConstruct:signHead:14, Bronze Sign Head
TConstruct:signHead:15, Alumite Sign Head
TConstruct:signHead:16, Steel Sign Head
TConstruct:signHead:17, Slime Sign Head
TConstruct:signHead:18, Pig Iron Sign Head
TConstruct:chiselHead:0, Wooden Chisel Head
TConstruct:chiselHead:1, Stone Chisel Head
TConstruct:chiselHead:2, Iron Chisel Head
TConstruct:chiselHead:3, Flint Chisel Head
TConstruct:chiselHead:4, Cactus Chisel Head
TConstruct:chiselHead:5, Bone Chisel Head
TConstruct:chiselHead:6, Obsidian Chisel Head
TConstruct:chiselHead:7, Netherrack Chisel Head
TConstruct:chiselHead:8, Slime Chisel Head
TConstruct:chiselHead:9, Paper Chisel Head
TConstruct:chiselHead:10, Cobalt Chisel Head
TConstruct:chiselHead:11, Ardite Chisel Head
TConstruct:chiselHead:12, Manyullyn Chisel Head
TConstruct:chiselHead:13, Copper Chisel Head
TConstruct:chiselHead:14, Bronze Chisel Head
TConstruct:chiselHead:15, Alumite Chisel Head
TConstruct:chiselHead:16, Steel Chisel Head
TConstruct:chiselHead:17, Slime Chisel Head
TConstruct:chiselHead:18, Pig Iron Chisel Head
TConstruct:scytheBlade:0, Wooden Scythe Head
TConstruct:scytheBlade:1, Stone Scythe Head
TConstruct:scytheBlade:2, Iron Scythe Head
TConstruct:scytheBlade:3, Flint Scythe Head
TConstruct:scytheBlade:4, Cactus Scythe Head
TConstruct:scytheBlade:5, Bone Scythe Head
TConstruct:scytheBlade:6, Obsidian Scythe Head
TConstruct:scytheBlade:7, Netherrack Scythe Head
TConstruct:scytheBlade:8, Slime Scythe Head
TConstruct:scytheBlade:9, Paper Scythe Head
TConstruct:scytheBlade:10, Cobalt Scythe Head
TConstruct:scytheBlade:11, Ardite Scythe Head
TConstruct:scytheBlade:12, Manyullyn Scythe Head
TConstruct:scytheBlade:13, Copper Scythe Head
TConstruct:scytheBlade:14, Bronze Scythe Head
TConstruct:scytheBlade:15, Alumite Scythe Head
TConstruct:scytheBlade:16, Steel Scythe Head
TConstruct:scytheBlade:17, Slime Scythe Head
TConstruct:scytheBlade:18, Pig Iron Scythe Head
TConstruct:broadAxeHead:0, Wooden Broad Axe Head
TConstruct:broadAxeHead:1, Stone Broad Axe Head
TConstruct:broadAxeHead:2, Iron Broad Axe Head
TConstruct:broadAxeHead:3, Flint Broad Axe Head
TConstruct:broadAxeHead:4, Cactus Broad Axe Head
TConstruct:broadAxeHead:5, Bone Broad Axe Head
TConstruct:broadAxeHead:6, Obsidian Broad Axe Head
TConstruct:broadAxeHead:7, Netherrack Broad Axe Head
TConstruct:broadAxeHead:8, Slime Broad Axe Head
TConstruct:broadAxeHead:9, Paper Broad Axe Head
TConstruct:broadAxeHead:10, Cobalt Broad Axe Head
TConstruct:broadAxeHead:11, Ardite Broad Axe Head
TConstruct:broadAxeHead:12, Manyullyn Broad Axe Head
TConstruct:broadAxeHead:13, Copper Broad Axe Head
TConstruct:broadAxeHead:14, Bronze Broad Axe Head
TConstruct:broadAxeHead:15, Alumite Broad Axe Head
TConstruct:broadAxeHead:16, Steel Broad Axe Head
TConstruct:broadAxeHead:17, Slime Broad Axe Head
TConstruct:broadAxeHead:18, Pig Iron Broad Axe Head
TConstruct:excavatorHead:0, Wooden Excavator Head
TConstruct:excavatorHead:1, Stone Excavator Head
TConstruct:excavatorHead:2, Iron Excavator Head
TConstruct:excavatorHead:3, Flint Excavator Head
TConstruct:excavatorHead:4, Cactus Excavator Head
TConstruct:excavatorHead:5, Bone Excavator Head
TConstruct:excavatorHead:6, Obsidian Excavator Head
TConstruct:excavatorHead:7, Netherrack Excavator Head
TConstruct:excavatorHead:8, Slime Excavator Head
TConstruct:excavatorHead:9, Paper Excavator Head
TConstruct:excavatorHead:10, Cobalt Excavator Head
TConstruct:excavatorHead:11, Ardite Excavator Head
TConstruct:excavatorHead:12, Manyullyn Excavator Head
TConstruct:excavatorHead:13, Copper Excavator Head
TConstruct:excavatorHead:14, Bronze Excavator Head
TConstruct:excavatorHead:15, Alumite Excavator Head
TConstruct:excavatorHead:16, Steel Excavator Head
TConstruct:excavatorHead:17, Slime Excavator Head
TConstruct:excavatorHead:18, Pig Iron Excavator Head
TConstruct:largeSwordBlade:0, Wooden Large Sword Blade
TConstruct:largeSwordBlade:1, Stone Large Sword Blade
TConstruct:largeSwordBlade:2, Iron Large Sword Blade
TConstruct:largeSwordBlade:3, Flint Large Sword Blade
TConstruct:largeSwordBlade:4, Cactus Large Sword Blade
TConstruct:largeSwordBlade:5, Bone Large Sword Blade
TConstruct:largeSwordBlade:6, Obsidian Large Sword Blade
TConstruct:largeSwordBlade:7, Netherrack Large Sword Blade
TConstruct:largeSwordBlade:8, Slime Large Sword Blade
TConstruct:largeSwordBlade:9, Paper Large Sword Blade
TConstruct:largeSwordBlade:10, Cobalt Large Sword Blade
TConstruct:largeSwordBlade:11, Ardite Large Sword Blade
TConstruct:largeSwordBlade:12, Manyullyn Large Sword Blade
TConstruct:largeSwordBlade:13, Copper Large Sword Blade
TConstruct:largeSwordBlade:14, Bronze Large Sword Blade
TConstruct:largeSwordBlade:15, Alumite Large Sword Blade
TConstruct:largeSwordBlade:16, Steel Large Sword Blade
TConstruct:largeSwordBlade:17, Slime Large Sword Blade
TConstruct:largeSwordBlade:18, Pig Iron Large Sword Blade
TConstruct:hammerHead:0, Wooden Hammer Head
TConstruct:hammerHead:1, Stone Hammer Head
TConstruct:hammerHead:2, Iron Hammer Head
TConstruct:hammerHead:3, Flint Hammer Head
TConstruct:hammerHead:4, Cactus Hammer Head
TConstruct:hammerHead:5, Bone Hammer Head
TConstruct:hammerHead:6, Obsidian Hammer Head
TConstruct:hammerHead:7, Netherrack Hammer Head
TConstruct:hammerHead:8, Slime Hammer Head
TConstruct:hammerHead:9, Paper Hammer Head
TConstruct:hammerHead:10, Cobalt Hammer Head
TConstruct:hammerHead:11, Ardite Hammer Head
TConstruct:hammerHead:12, Manyullyn Hammer Head
TConstruct:hammerHead:13, Copper Hammer Head
TConstruct:hammerHead:14, Bronze Hammer Head
TConstruct:hammerHead:15, Alumite Hammer Head
TConstruct:hammerHead:16, Steel Hammer Head
TConstruct:hammerHead:17, Slime Hammer Head
TConstruct:hammerHead:18, Pig Iron Hammer Head
TConstruct:creativeModifier, Creative Tool Modifier
TConstruct:buckets:0, Molten Iron Bucket
TConstruct:buckets:1, Molten Gold Bucket
TConstruct:buckets:2, Molten Copper Bucket
TConstruct:buckets:3, Molten Tin Bucket
TConstruct:buckets:4, Molten Aluminum Bucket
TConstruct:buckets:5, Molten Cobalt Bucket
TConstruct:buckets:6, Molten Ardite Bucket
TConstruct:buckets:7, Molten Bronze Bucket
TConstruct:buckets:8, Molten Aluminum Brass Bucket
TConstruct:buckets:9, Molten Manyullyn Bucket
TConstruct:buckets:10, Molten Alumite Bucket
TConstruct:buckets:11, Molten Obsidian Bucket
TConstruct:buckets:12, Molten Steel Bucket
TConstruct:buckets:13, Molten Glass Bucket
TConstruct:buckets:14, Seared Stone Bucket
TConstruct:buckets:15, Liquified Emerald Bucket
TConstruct:buckets:16, Bucket o' Blood
TConstruct:buckets:17, Molten Nickel Bucket
TConstruct:buckets:18, Molten Lead Bucket
TConstruct:buckets:19, Molten Silver Bucket
TConstruct:buckets:20, Molten Shiny Bucket
TConstruct:buckets:21, Molten Invar Bucket
TConstruct:buckets:22, Molten Electrum Bucket
TConstruct:buckets:23, Liquified Ender Bucket
TConstruct:buckets:24, Liquid Slime Bucket
TConstruct:buckets:25, Sticky Glue Bucket
TConstruct:buckets:26, Molten Pig Iron Bucket
TConstruct:buckets:27, Molten Lumium Bucket
TConstruct:buckets:28, Molten Signalum Bucket
TConstruct:buckets:29, Molten Mana Infused Metal Bucket
TConstruct:buckets:30, Molten Enderium Bucket
TConstruct:buckets:31, Molten Nether Quartz Bucket
TConstruct:metalPattern:0, Ingot Cast
TConstruct:metalPattern:1, Tool Rod Cast
TConstruct:metalPattern:2, Pickaxe Head Cast
TConstruct:metalPattern:3, Shovel Head Cast
TConstruct:metalPattern:4, Axe Head Cast
TConstruct:metalPattern:5, Sword Blade Cast
TConstruct:metalPattern:6, Wide Guard Cast
TConstruct:metalPattern:7, Hand Guard Cast
TConstruct:metalPattern:8, Crossbar Cast
TConstruct:metalPattern:9, Tool Binding Cast
TConstruct:metalPattern:10, Pan Cast
TConstruct:metalPattern:11, Wide Board Cast
TConstruct:metalPattern:12, Knife Blade Cast
TConstruct:metalPattern:13, Chisel Head Cast
TConstruct:metalPattern:14, Tough Rod Cast
TConstruct:metalPattern:15, Tough Binding Cast
TConstruct:metalPattern:16, Large Plate Cast
TConstruct:metalPattern:17, Broadaxe Head Cast
TConstruct:metalPattern:18, Scythe Head Cast
TConstruct:metalPattern:19, Excavator Head Cast
TConstruct:metalPattern:20, Large Blade Cast
TConstruct:metalPattern:21, Hammer Head Cast
TConstruct:metalPattern:22, Full Guard Cast
TConstruct:metalPattern:25, Arrowhead Cast
TConstruct:metalPattern:26, Gem Cast
TConstruct:metalPattern:27, Nugget Cast
TConstruct:clayPattern:0, Ingot Clay Cast
TConstruct:clayPattern:1, Tool Rod Clay Cast
TConstruct:clayPattern:2, Pickaxe Head Clay Cast
TConstruct:clayPattern:3, Shovel Head Clay Cast
TConstruct:clayPattern:4, Axe Head Clay Cast
TConstruct:clayPattern:5, Sword Blade Clay Cast
TConstruct:clayPattern:6, Wide Guard Clay Cast
TConstruct:clayPattern:7, Hand Guard Clay Cast
TConstruct:clayPattern:8, Crossbar Clay Cast
TConstruct:clayPattern:9, Tool Binding Clay Cast
TConstruct:clayPattern:10, Pan Clay Cast
TConstruct:clayPattern:11, Wide Board Clay Cast
TConstruct:clayPattern:12, Knife Blade Clay Cast
TConstruct:clayPattern:13, Chisel Head Clay Cast
TConstruct:clayPattern:22, Full Guard Clay Cast
TConstruct:clayPattern:25, Arrowhead Clay Cast
TConstruct:clayPattern:26, Gem Clay Cast
TConstruct:clayPattern:27, Nugget Clay Cast
TConstruct:diamondApple:0, Jeweled Apple
TConstruct:jerky:0, Beef Jerky
TConstruct:jerky:1, Chicken Jerky
TConstruct:jerky:2, Bacon Jerky
TConstruct:jerky:3, Mutton Jerky
TConstruct:jerky:4, Fish Jerky
TConstruct:jerky:5, Monster Jerky
TConstruct:jerky:6, Gelatinous Slime Drop
TConstruct:jerky:7, Coagulated Blood Drop
TConstruct:heartCanister:0, Empty Canister
TConstruct:heartCanister:1, Miniature Red Heart
TConstruct:heartCanister:2, Red Heart Canister
TConstruct:heartCanister:3, Miniature Yellow Heart
TConstruct:heartCanister:4, Yellow Heart Canister
TConstruct:heartCanister:5, Miniature Green Heart
TConstruct:heartCanister:6, Green Heart Canister
TConstruct:knapsack:0, Knapsack
TConstruct:helmetWood, Wooden Helmet
TConstruct:chestplateWood, Wooden Chestplate
TConstruct:leggingsWood, Wooden Leggings
TConstruct:bootsWood, Wooden Boots
TConstruct:travelGoggles, Traveller's Goggles
TConstruct:travelVest, Traveller's Vest
TConstruct:travelWings, Traveller's Wings
TConstruct:travelBoots, Traveller's Boots
TConstruct:travelGlove, Traveller's Gloves
TConstruct:travelBelt, Traveller's Belt
TConstruct:bowstring:0, Bowstring
TConstruct:arrowhead:0, Wooden Arrowhead
TConstruct:arrowhead:1, Stone Arrowhead
TConstruct:arrowhead:2, Iron Arrowhead
TConstruct:arrowhead:3, Flint Arrowhead
TConstruct:arrowhead:4, Cactus Arrowhead
TConstruct:arrowhead:5, Bone Arrowhead
TConstruct:arrowhead:6, Obsidian Arrowhead
TConstruct:arrowhead:7, Netherrack Arrowhead
TConstruct:arrowhead:8, Slime Arrowhead
TConstruct:arrowhead:9, Paper Arrowhead
TConstruct:arrowhead:10, Cobalt Arrowhead
TConstruct:arrowhead:11, Ardite Arrowhead
TConstruct:arrowhead:12, Manyullyn Arrowhead
TConstruct:arrowhead:13, Copper Arrowhead
TConstruct:arrowhead:14, Bronze Arrowhead
TConstruct:arrowhead:15, Alumite Arrowhead
TConstruct:arrowhead:16, Steel Arrowhead
TConstruct:arrowhead:17, Slime Arrowhead
TConstruct:arrowhead:18, Pig Iron Arrowhead
TConstruct:fletching:0, Feather Fletching
TConstruct:fletching:1, Leaf Fletching
TConstruct:fletching:2, Slime Fletching
TConstruct:fletching:3, Slime Fletching
TConstruct:fletching:4, Slimeleaf Fletching
TConstruct:ShurikenPart:0, Wooden Shuriken
TConstruct:ShurikenPart:1, Stone Shuriken
TConstruct:ShurikenPart:2, Iron Shuriken
TConstruct:ShurikenPart:3, Flint Shuriken
TConstruct:ShurikenPart:4, Cactus Shuriken
TConstruct:ShurikenPart:5, Bone Shuriken
TConstruct:ShurikenPart:6, Obsidian Shuriken
TConstruct:ShurikenPart:7, Netherrack Shuriken
TConstruct:ShurikenPart:8, Slime Shuriken
TConstruct:ShurikenPart:9, Paper Shuriken
TConstruct:ShurikenPart:10, Cobalt Shuriken
TConstruct:ShurikenPart:11, Ardite Shuriken
TConstruct:ShurikenPart:12, Manyullyn Shuriken
TConstruct:ShurikenPart:13, Copper Shuriken
TConstruct:ShurikenPart:14, Bronze Shuriken
TConstruct:ShurikenPart:15, Alumite Shuriken
TConstruct:ShurikenPart:16, Steel Shuriken
TConstruct:ShurikenPart:17, Slime Shuriken
TConstruct:ShurikenPart:18, Pig Iron Shuriken
TConstruct:BowLimbPart:0, Wooden Bow Limb
TConstruct:BowLimbPart:1, Stone Bow Limb
TConstruct:BowLimbPart:2, Iron Bow Limb
TConstruct:BowLimbPart:3, Flint Bow Limb
TConstruct:BowLimbPart:4, Cactus Bow Limb
TConstruct:BowLimbPart:5, Bone Bow Limb
TConstruct:BowLimbPart:6, Obsidian Bow Limb
TConstruct:BowLimbPart:7, Netherrack Bow Limb
TConstruct:BowLimbPart:8, Slime Bow Limb
TConstruct:BowLimbPart:9, Paper Bow Limb
TConstruct:BowLimbPart:10, Cobalt Bow Limb
TConstruct:BowLimbPart:11, Ardite Bow Limb
TConstruct:BowLimbPart:12, Manyullyn Bow Limb
TConstruct:BowLimbPart:13, Copper Bow Limb
TConstruct:BowLimbPart:14, Bronze Bow Limb
TConstruct:BowLimbPart:15, Alumite Bow Limb
TConstruct:BowLimbPart:16, Steel Bow Limb
TConstruct:BowLimbPart:17, Slime Bow Limb
TConstruct:BowLimbPart:18, Pig Iron Bow Limb
TConstruct:CrossbowLimbPart:0, Wooden Crossbow Limb
TConstruct:CrossbowLimbPart:1, Stone Crossbow Limb
TConstruct:CrossbowLimbPart:2, Iron Crossbow Limb
TConstruct:CrossbowLimbPart:3, Flint Crossbow Limb
TConstruct:CrossbowLimbPart:4, Cactus Crossbow Limb
TConstruct:CrossbowLimbPart:5, Bone Crossbow Limb
TConstruct:CrossbowLimbPart:6, Obsidian Crossbow Limb
TConstruct:CrossbowLimbPart:7, Netherrack Crossbow Limb
TConstruct:CrossbowLimbPart:8, Slime Crossbow Limb
TConstruct:CrossbowLimbPart:9, Paper Crossbow Limb
TConstruct:CrossbowLimbPart:10, Cobalt Crossbow Limb
TConstruct:CrossbowLimbPart:11, Ardite Crossbow Limb
TConstruct:CrossbowLimbPart:12, Manyullyn Crossbow Limb
TConstruct:CrossbowLimbPart:13, Copper Crossbow Limb
TConstruct:CrossbowLimbPart:14, Bronze Crossbow Limb
TConstruct:CrossbowLimbPart:15, Alumite Crossbow Limb
TConstruct:CrossbowLimbPart:16, Steel Crossbow Limb
TConstruct:CrossbowLimbPart:17, Slime Crossbow Limb
TConstruct:CrossbowLimbPart:18, Pig Iron Crossbow Limb
TConstruct:CrossbowBodyPart:0, Wooden Crossbow Body
TConstruct:CrossbowBodyPart:1, Stone Crossbow Body
TConstruct:CrossbowBodyPart:2, Iron Crossbow Body
TConstruct:CrossbowBodyPart:3, Flint Crossbow Body
TConstruct:CrossbowBodyPart:4, Cactus Crossbow Body
TConstruct:CrossbowBodyPart:5, Bone Crossbow Body
TConstruct:CrossbowBodyPart:6, Obsidian Crossbow Body
TConstruct:CrossbowBodyPart:7, Netherrack Crossbow Body
TConstruct:CrossbowBodyPart:8, Slime Crossbow Body
TConstruct:CrossbowBodyPart:9, Paper Crossbow Body
TConstruct:CrossbowBodyPart:10, Cobalt Crossbow Body
TConstruct:CrossbowBodyPart:11, Ardite Crossbow Body
TConstruct:CrossbowBodyPart:12, Manyullyn Crossbow Body
TConstruct:CrossbowBodyPart:13, Copper Crossbow Body
TConstruct:CrossbowBodyPart:14, Bronze Crossbow Body
TConstruct:CrossbowBodyPart:15, Alumite Crossbow Body
TConstruct:CrossbowBodyPart:16, Steel Crossbow Body
TConstruct:CrossbowBodyPart:17, Slime Crossbow Body
TConstruct:CrossbowBodyPart:18, Pig Iron Crossbow Body
TConstruct:BoltPart:0, Wooden Bolt
TConstruct:BoltPart:128, Oureclase Bolt
TConstruct:BoltPart:1, Stone Bolt
TConstruct:BoltPart:129, Prometheum Bolt
TConstruct:BoltPart:2, Iron Bolt
TConstruct:BoltPart:130, Quicksilver Bolt
TConstruct:BoltPart:3, Flint Bolt
TConstruct:BoltPart:131, Tartarite Bolt
TConstruct:BoltPart:4, Cactus Bolt
TConstruct:BoltPart:132, Desichalkos Bolt
TConstruct:BoltPart:5, Bone Bolt
TConstruct:BoltPart:133, Eximite Bolt
TConstruct:BoltPart:6, Obsidian Bolt
TConstruct:BoltPart:7, Netherrack Bolt
TConstruct:BoltPart:8, Slime Bolt
TConstruct:BoltPart:9, Paper Bolt
TConstruct:BoltPart:10, Cobalt Bolt
TConstruct:BoltPart:11, Ardite Bolt
TConstruct:BoltPart:139, Refined Glowstone Bolt
TConstruct:BoltPart:12, Manyullyn Bolt
TConstruct:BoltPart:140, Osmium Bolt
TConstruct:BoltPart:13, Copper Bolt
TConstruct:BoltPart:141, Pokefennium Bolt
TConstruct:BoltPart:14, Bronze Bolt
TConstruct:BoltPart:142, Fairy Bolt
TConstruct:BoltPart:15, Alumite Bolt
TConstruct:BoltPart:143, Certus Quartz Bolt
TConstruct:BoltPart:16, Steel Bolt
TConstruct:BoltPart:17, Slime Bolt
TConstruct:BoltPart:145, Manasteel Bolt
TConstruct:BoltPart:18, Pig Iron Bolt
TConstruct:BoltPart:146, Terrasteel Bolt
TConstruct:BoltPart:147, Elementium Bolt
TConstruct:BoltPart:164, Amethyst Bolt
TConstruct:BoltPart:165, Peridot Bolt
TConstruct:BoltPart:166, Ruby Bolt
TConstruct:BoltPart:167, Sapphire Bolt
TConstruct:BoltPart:171, Dark Steel Bolt
TConstruct:BoltPart:173, RedAurum Bolt
TConstruct:BoltPart:178, Draconium Bolt
TConstruct:BoltPart:179, Awakened Draconium Bolt
TConstruct:BoltPart:180, Glue Bolt
TConstruct:BoltPart:181, Yellorium Bolt
TConstruct:BoltPart:182, Cyanite Bolt
TConstruct:BoltPart:183, Blutonium Bolt
TConstruct:BoltPart:184, Ludicrite Bolt
TConstruct:BoltPart:185, Bedrockium Bolt
TConstruct:BoltPart:189, Enderium Bolt
TConstruct:BoltPart:190, Signalum Bolt
TConstruct:BoltPart:191, Lumium Bolt
TConstruct:BoltPart:100, Angmallen Bolt
TConstruct:BoltPart:101, Damascus Steel Bolt
TConstruct:BoltPart:102, Hepatizon Bolt
TConstruct:BoltPart:103, Brass Bolt
TConstruct:BoltPart:104, Electrum Bolt
TConstruct:BoltPart:105, Platinum Bolt
TConstruct:BoltPart:106, Silver Bolt
TConstruct:BoltPart:107, Amordrine Bolt
TConstruct:BoltPart:108, Ceruclase Bolt
TConstruct:BoltPart:109, Ignatius Bolt
TConstruct:BoltPart:110, Inolashite Bolt
TConstruct:BoltPart:111, Kalendrite Bolt
TConstruct:BoltPart:112, Midasium Bolt
TConstruct:BoltPart:113, Sanguinite Bolt
TConstruct:BoltPart:114, Shadow Iron Bolt
TConstruct:BoltPart:115, Shadow Steel Bolt
TConstruct:BoltPart:116, Vulcanite Bolt
TConstruct:BoltPart:117, Vyroxeres Bolt
TConstruct:BoltPart:118, Adamantine Bolt
TConstruct:BoltPart:119, Astral Silver Bolt
TConstruct:BoltPart:120, Atlarus Bolt
TConstruct:BoltPart:121, Black Steel Bolt
TConstruct:BoltPart:122, Carmot Bolt
TConstruct:BoltPart:123, Celenegil Bolt
TConstruct:BoltPart:124, Deep Iron Bolt
TConstruct:BoltPart:125, Haderoth Bolt
TConstruct:BoltPart:126, Mithril Bolt
TConstruct:BoltPart:127, Orichalcum Bolt
TConstruct:Shuriken, item.InfiTool.name
TConstruct:ThrowingKnife, item.InfiTool.name
TConstruct:Javelin, item.InfiTool.name
TConstruct:ShortBow, item.InfiTool.name
TConstruct:LongBow, item.InfiTool.name
TConstruct:Crossbow, item.InfiTool.name
TConstruct:ArrowAmmo, item.InfiTool.name
TConstruct:BoltAmmo, item.InfiTool.name
TConstruct:Pattern:0, Shuriken Pattern
TConstruct:Pattern:1, Crossbow Limb Pattern
TConstruct:Pattern:2, Crossbow Body Pattern
TConstruct:Pattern:3, Bow Limb Pattern
TConstruct:Cast:0, Shuriken Cast
TConstruct:Cast:1, Crossbow Limb Cast
TConstruct:Cast:2, Crossbow Body Cast
TConstruct:Cast:3, Bow Limb Cast
TConstruct:Clay Cast:3, Bow Limb Clay Cast
TConstruct:GlassArrows, item.tconstruct.glassArrows.name
TConstruct:Boneana, Broadsword
TConstruct:slimesling, Slimesling
TConstruct:slime_boots, Slime Boots
TConstruct:gearCast, Gear Cast
BloodArsenal:bound_bow, Bound Bow
BloodArsenal:blood_orange, Blood Orange
BloodArsenal:blood_infused_pickaxe_wood, Blood Infused Wooden Pickaxe
BloodArsenal:blood_infused_axe_wood, Blood Infused Wooden Axe
BloodArsenal:blood_infused_shovel_wood, Blood Infused Wooden Shovel
BloodArsenal:blood_infused_sword_wood, Blood Infused Wooden Sword
BloodArsenal:amorphic_catalyst, Amorphic Catalyst
BloodArsenal:blood_infused_stick, Blood Infused Stick
BloodArsenal:bound_sickle, Bound Sickle
BloodArsenal:blood_infused_pickaxe_iron, Blood Infused Iron Pickaxe
BloodArsenal:blood_infused_axe_iron, Blood Infused Iron Axe
BloodArsenal:blood_infused_shovel_iron, Blood Infused Iron Shovel
BloodArsenal:blood_infused_sword_iron, Blood Infused Iron Sword
BloodArsenal:blood_infused_iron, Blood Infused Iron Ingot
BloodArsenal:bound_shears, Bound Shears
BloodArsenal:blood_diamond, Blood Diamond
BloodArsenal:blood_infused_diamond_unactive, Blood Infused Diamond (Unactive)
BloodArsenal:blood_infused_diamond_active, Blood Infused Diamond (Active)
BloodArsenal:blood_infused_diamond_bound, Bound Diamond
BloodArsenal:blood_infused_pickaxe_diamond:0, Blood Infused Diamond Pickaxe
BloodArsenal:blood_infused_axe_diamond:0, Blood Infused Diamond Axe [WIP]
BloodArsenal:blood_infused_shovel_diamond:0, Blood Infused Diamond Shovel
BloodArsenal:blood_infused_sword_diamond:0, Blood Infused Diamond Sword [WIP]
BloodArsenal:heart, Heart
BloodArsenal:soul_fragment, Soul Fragment
BloodArsenal:bound_igniter, Bound Igniter
BloodArsenal:soul_booster, Soul Booster
BloodArsenal:soul_nullifier, Soul Nullifier
BloodArsenal:blood_cookie, Blood Cookie
BloodArsenal:orange_juice, Orange Juice
BloodArsenal:juice_and_cookies, Juice and Cookies
BloodArsenal:item_blood_cake, Blood Cake
BloodArsenal:vampire_cape, Vampire Cape
BloodArsenal:vampire_greaves, Vampire Greaves
BloodArsenal:vampire_boots, Vampire Boots
BloodArsenal:sigil_of_swimming, Sigil of Swimming
BloodArsenal:sigil_of_ender, Ender Sigil
BloodArsenal:blood_infused_glowstone_dust, Blood Infused Glowstone Dust
BloodArsenal:sigil_of_divinity, Sigil of Divinity
BloodArsenal:wolf_hide, Wolf Hide
BloodArsenal:blood_money:0, Blood Money x1
BloodArsenal:blood_money:1, Blood Money x4
BloodArsenal:blood_money:2, Blood Money x16
BloodArsenal:blood_money:3, Blood Money x64
BloodArsenal:blood_burned_string, Blood Burned String
BloodArsenal:glass_shard, Glass Shard
BloodArsenal:sigil_of_augmented_holding, Sigil of Augmented Holding
BloodArsenal:sigil_of_lightning, Lightning Sigil
BloodArsenal:glass_sacrificial_dagger, Glass Sacrificial Dagger
BloodArsenal:glass_dagger_of_sacrifice, Glass Dagger of Sacrifice
BloodArsenal:glass_helmet, Glass Helmet
BloodArsenal:glass_chestplate, Glass Chestplate
BloodArsenal:glass_leggings, Glass Leggings
BloodArsenal:glass_boots, Glass Boots
BloodArsenal:transparent_orb, Transparent Orb
BloodArsenal:life_imbued_helmet, Life Imbued Helmet
BloodArsenal:life_imbued_chestplate, Life Imbued Chestplate
BloodArsenal:life_imbued_leggings, Life Imbued Leggings
BloodArsenal:life_imbued_boots, Life Imbued Boots
BloodArsenal:bound_diamond_shard:0, Bound Diamond Shard
BloodArsenal:bound_diamond_shard:1, Bound Diamond Air Shard
BloodArsenal:bound_diamond_shard:2, Bound Diamond Earth Shard
BloodArsenal:bound_diamond_shard:3, Bound Diamond Fire Shard
BloodArsenal:bound_diamond_shard:4, Bound Diamond Water Shard
BloodArsenal:bound_diamond_shard:5, Bound Diamond Dusk Shard
BloodArsenal:bound_diamond_shard:6, Bound Diamond Dawn Shard
bouncing_balls:BlackBouncingBall, Black Bouncing Ball
bouncing_balls:RedBouncingBall, Red Bouncing Ball
bouncing_balls:DarkGreenBouncingBall, Dark Green Bouncing Ball
bouncing_balls:BrownBouncingBall, Brown Bouncing Ball
bouncing_balls:BlueBouncingBall, Blue Bouncing Ball
bouncing_balls:PurpleBouncingBall, Purple Bouncing Ball
bouncing_balls:CyanBouncingBall, Cyan Bouncing Ball
bouncing_balls:LightGrayBouncingBall, Light Gray Bouncing Ball
bouncing_balls:GrayBouncingBall, Gray Bouncing Ball
bouncing_balls:PinkBouncingBall, Pink Bouncing Ball
bouncing_balls:GreenBouncingBall, Green Bouncing Ball
bouncing_balls:YellowBouncingBall, Yellow Bouncing Ball
bouncing_balls:LightBlueBouncingBall, Light Blue Bouncing Ball
bouncing_balls:MagentaBouncingBall, Magenta Bouncing Ball
bouncing_balls:OrangeBouncingBall, Orange Bouncing Ball
bouncing_balls:WhiteBouncingBall, White Bouncing Ball
bouncing_balls:EggBouncingBall, Egg Bouncing Ball
bouncing_balls:ClayBouncingBall, Clay Bouncing Ball
bouncing_balls:RedstoneBouncingBall, Redstone Bouncing Ball
bouncing_balls:GlowstoneBouncingBall, Glowstone Bouncing Ball
bouncing_balls:GoldenBouncingBall, Golden Bouncing Ball
bouncing_balls:IronBouncingBall, Iron Bouncing Ball
bouncing_balls:DiamondBouncingBall, Diamond Bouncing Ball
bouncing_balls:EmeraldBouncingBall, Emerald Bouncing Ball
redgear_core:debugger, item.null.name
redgear_brewcraft:RedGear.Brewcraft.Ingredients:0, Blessed Powder
redgear_brewcraft:RedGear.Brewcraft.Ingredients:1, Golden Feather
redgear_brewcraft:RedGear.Brewcraft.Ingredients:2, Charred Bone
redgear_brewcraft:RedGear.Brewcraft.Ingredients:3, Spider Fang
redgear_brewcraft:RedGear.Brewcraft.Ingredients:4, Weary Spores
redgear_brewcraft:RedGear.Brewcraft.Ingredients:5, Medicinal Salve
redgear_brewcraft:RedGear.Brewcraft.Ingredients:6, Steel Scales
redgear_brewcraft:RedGear.Brewcraft.Misc:0, Glass Bottle
redgear_brewcraft:RedGear.Brewcraft.Misc:1, Glass Vial
redgear_brewcraft:RedGear.Brewcraft.Misc:2, Glass Vial
redgear_brewcraft:RedGear.Brewcraft.Misc:3, Large Glass Bottle
redgear_brewcraft:RedGear.Brewcraft.Misc:4, Large Glass Bottle
redgear_brewcraft:RedGear.Brewcraft.Misc:5, Water Bottle
redgear_brewcraft:RedGear.Brewcraft.Misc:6, Water Vial
redgear_brewcraft:RedGear.Brewcraft.Misc:7, Water Vial
redgear_brewcraft:RedGear.Brewcraft.Misc:8, Large Water Bottle
redgear_brewcraft:RedGear.Brewcraft.Misc:9, Large Water Bottle
redgear_brewcraft:RedGear.Brewcraft.Misc:10, Metal Ring
redgear_brewcraft:RedGear.Brewcraft.Tears:0, Plagued Tear
redgear_brewcraft:RedGear.Brewcraft.Tears:1, Pure Tear
redgear_brewcraft:RedGear.Brewcraft.Hearts:0, Heart
redgear_brewcraft:RedGear.Brewcraft.Hearts:1, Heart Medallion
redgear_brewcraft:RedGear.Brewcraft.Hearts:2, Blazing Heart
brewingapi:brewingapi_brewingStand2, Brewing Stand
buildersguides:item.marker, Marker
buildersguides:item.allenKey, Allen Key
buildersguides:item.toolBox, Builder's Toolbox
buildhelper:wandUniversal, Universal Wand
buildhelper:wandDelete, Deletion Wand
bunkermod:armouredSteelIngot, Armoured Steel Ingot
bunkermod:armouredSteelDust, Armoured Steel Dust
bunkermod:armouredDoorItem, Armoured Door
bunkermod:armouredPickaxe, Armoured Hammer
bunkermod:armouredDoorItemStone, Hidden Stone Door
bunkermod:armouredDoorItemWood, Hidden Oak Wood Door
bunkermod:armouredDoorItemBook, Hidden Bookshelf Door
bunkermod:armouredDoorItemBirch, Hidden Birch Wood Door
bunkermod:armouredDoorItemStoneBrick, Hidden Stone Bricks Door
bunkermod:armouredButtonItem, Armoured Button
bunkermod:armouredButtonItemStone, Hidden Stone Button
bunkermod:armouredButtonItemStoneBrick, Hidden Stone Bricks Button
bunkermod:armouredButtonItemCobble, Hidden Cobblestone Button
bunkermod:armouredButtonItemWood, Hidden Oak Wood Button
Calculator:InfoCalculator, Info Calculator
Calculator:Calculator, Calculator
Calculator:CraftingCalculator, Crafting Calculator
Calculator:ScientificCalculator, Scientific Calculator
Calculator:FlawlessCalculator, Flawless Calculator
Calculator:StorageModule, Storage Module
Calculator:HungerModule, Hunger Module
Calculator:HealthModule, Health Module
Calculator:NutritionModule, Nutrition Module
Calculator:TerrainModule, Basic Terrain Module
Calculator:AdvancedTerrainModule, Advanced Terrain Module
Calculator:EnergyModule, Energy Module
Calculator:LocatorModule, Locator Module
Calculator:Soil, Soil
Calculator:SmallStone, Small Stone
Calculator:SpeedUpgrade, Speed Upgrade
Calculator:EnergyUpgrade, Energy Upgrade
Calculator:VoidUpgrade, Void Upgrade
Calculator:CalculatorScreen, Calculator Screen
Calculator:CalculatorAssembly, Calculator Assembly
Calculator:AdvancedAssembly, Advanced Assembly
Calculator:AtomicModule, Atomic Module
Calculator:AtomicAssembly, Atomic Assembly
Calculator:AtomicBinder, Atomic Binder
Calculator:Wrench, Wrench
Calculator:Sickle, Sickle
Calculator:ObsidianKey, Obsidian Key
Calculator:ReinforcedSword, Reinforced Sword
Calculator:EnrichedGoldSword, Enriched Gold Sword
Calculator:ReinforcedIronSword, Reinforced Iron Sword
Calculator:RedstoneSword, Redstone Sword
Calculator:WeakenedDiamondSword, Weakened Diamond Sword
Calculator:FlawlessDiamondSword, Flawless Diamond Sword
Calculator:FireDiamondSword, Fire Diamond Sword
Calculator:ElectricSword, Electric Sword
Calculator:EndForgedSword, End Forged Sword
Calculator:ReinforcedPickaxe, Reinforced Pickaxe
Calculator:EnrichedGoldPickaxe, Enriched Gold Pickaxe
Calculator:ReinforcedIronPickaxe, Reinforced Iron Pickaxe
Calculator:RedstonePickaxe, Redstone Pickaxe
Calculator:WeakenedDiamondPickaxe, Weakened Diamond Pickaxe
Calculator:FlawlessDiamondPickaxe, Flawless Diamond Pickaxe
Calculator:FireDiamondPickaxe, Fire Diamond Pickaxe
Calculator:ElectricPickaxe, Electric Pickaxe
Calculator:EndForgedPickaxe, End Forged Pickaxe
Calculator:ReinforcedAxe, Reinforced Axe
Calculator:EnrichedGoldAxe, Enriched Gold Axe
Calculator:ReinforcedIronAxe, Reinforced Iron Axe
Calculator:RedstonedAxe, Redstone Axe
Calculator:WeakenedDiamondAxe, Weakened Diamond Axe
Calculator:FlawlessDiamondAxe, Flawless Diamond Axe
Calculator:FireDiamondAxe, Fire Diamond Axe
Calculator:ElectricAxe, Electric Axe
Calculator:EndForgedAxe, End Forged Axe
Calculator:ReinforcedShovel, Reinforced Shovel
Calculator:EnrichedGoldShovel, Enriched Gold Shovel
Calculator:ReinforcedIronShovel, Reinforced Iron Shovel
Calculator:RedstoneShovel, Redstone Shovel
Calculator:WeakenedDiamondShovel, Weakened Diamond Shovel
Calculator:FlawlessDiamondShovel, Flawless Diamond Shovel
Calculator:FireDiamondShovel, Fire Diamond Shovel
Calculator:ElectricShovel, Electric Shovel
Calculator:EndForgedShovel, End Forged Shovel
Calculator:ReinforcedHoe, Reinforced Hoe
Calculator:EnrichedGoldHoe, Enriched Gold Hoe
Calculator:ReinforcedIronHoe, Reinforced Iron Hoe
Calculator:RedstoneHoe, Redstone Hoe
Calculator:WeakenedDiamondHoe, Weakened Diamond Hoe
Calculator:FlawlessDiamondHoe, Flawless Diamond Hoe
Calculator:FireDiamondHoe, Fire Diamond Hoe
Calculator:ElectricHoe, Electric Hoe
Calculator:EndForgedHoe, End Forged Hoe
Calculator:EnrichedGold,  Enriched Gold
Calculator:EnrichedGoldIngot,  Enriched Gold Ingot
Calculator:ReinforcedIronIngot, Reinforced Iron Ingot
Calculator:RedstoneIngot, Redstone Ingot
Calculator:WeakenedDiamond, Weakened Diamond
Calculator:FlawlessDiamond, Flawless Diamond
Calculator:FlawlessFireDiamond, Fire Diamond
Calculator:ElectricDiamond, Electric Diamond
Calculator:EndDiamond, End Diamond
Calculator:Large Amethyst, Large Amethyst
Calculator:Small Amethyst, Amethyst
Calculator:Shard Amethyst, Amethyst Shard
Calculator:LargeTanzanite, Large Tanzanite
Calculator:SmallTanzanite, Tanzanite
Calculator:ShardTanzanite, Tanzanite Shard
Calculator:BroccoliSeeds, Broccoli Seeds
Calculator:PrunaeSeeds, Prunae Seeds
Calculator:FiddledewFruit, Fiddledew Fruit
Calculator:Broccoli, Broccoli
Calculator:Pear, Pear
Calculator:RottenPear, Rotten Pear
Calculator:CookedBroccoli, Cooked Broccoli
Calculator:CoalDust, Coal Dust
Calculator:EnrichedCoal, Enriched Coal
Calculator:PurifiedCoal, Purified Coal
Calculator:FireCoal, Fire Coal
Calculator:ControlledFuel, Controlled Fuel
Calculator:GrenadeCasing, Grenade Casing
Calculator:BabyGrenade, Baby Grenade
Calculator:Grenade, Grenade
Calculator:CircuitBoard, item.CircuitBoard.name
Calculator:CircuitDamaged, item.CircuitDamaged.name
Calculator:CircuitDirty, item.CircuitDirty.name
cannibalism:woodenKnife, Wooden Knife
cannibalism:flintKnife, Flint Knife
cannibalism:stoneKnife, Stone Knife
cannibalism:goldKnife, Golden Knife
cannibalism:ironKnife, Iron Knife
cannibalism:diamondKnife, Diamond Knife
cannibalism:knifeOfTesting, item.knifeOfTesting.name
cannibalism:witchFlesh, Witch Flesh
cannibalism:playerFlesh, Player Flesh
cannibalism:villagerFlesh, Villager Flesh
cannibalism:playerFleshCooked, Cooked Player Flesh
cannibalism:villagerFleshCooked, Cooked Villager Flesh
CarpentersBlocks:itemCarpentersHammer, Carpenter's Hammer
CarpentersBlocks:itemCarpentersChisel, Carpenter's Chisel
CarpentersBlocks:itemCarpentersTile, Carpenter's Tile
CarpentersBlocks:itemCarpentersDoor, Carpenter's Door
CarpentersBlocks:itemCarpentersBed, Carpenter's Bed
castleblocks:trowel, Trowel
cp:ItemReinforcedPick, Reinforced Pickaxe
cp:ItemRebar, Rebar
cp:ItemReinforcedDoor, Reinforced Door
catwalks:blowtorch, Blowtorch
catwalks:ropeLight, Rope Light
catwalks:cautionTape, Caution Tape
catwalks:steelgrate, Steel Grate
catwalkmod:ropeLight, item.null.name
catwalkmod:blowtorch, item.null.name
catwalkmod:steelGrate, item.null.name
cherrypig:cherryPip:0, Cherry Pip
cherrypig:spawnEggCherryPig, item.spawn eggcherrypig.name
cherrypig:cherryFruit, Cherry Fruit
cherrypig:cherrypie, Cherry Pie
ChestTransporter:chesttransporter, Wooden Chest Transporter
ChestTransporter:chesttransporter_iron, Iron Chest Transporter
ChestTransporter:chesttransporter_gold, Golden Chest Transporter
ChestTransporter:chesttransporter_diamond, Diamond Chest Transporter
claybucket:unfiredClaybucket, Unfired Clay Bucket
claybucket:claybucket, Clay Bucket
coffeespawner:coffee, Black Coffee
coffeespawner:coffee_milk, White Coffee
coffeespawner:coffee_sugar, Sweetened Coffee
coffeespawner:coffee_milk_sugar, Sweetened White Coffee
EnderIO:itemCoordSelector, Coordinate Selector
EnderIO:itemFusedQuartzFrame, Fused Quartz Frame
EnderIO:itemConduitFacade:0, Conduit Facade
EnderIO:itemConduitFacade:1, Hardened Conduit Facade
EnderIO:itemBrokenSpawner:0, Broken Spawner
EnderIO:itemBrokenSpawner:0, Broken Spawner
EnderIO:itemBrokenSpawner:0, Broken Spawner
EnderIO:itemBrokenSpawner:0, Broken Spawner
EnderIO:itemBrokenSpawner:0, Broken Spawner
EnderIO:itemBrokenSpawner:0, Broken Spawner
EnderIO:itemBrokenSpawner:0, Broken Spawner
EnderIO:itemFrankenSkull:0, Zombie Electrode
EnderIO:itemFrankenSkull:1, Z-Logic Controller
EnderIO:itemFrankenSkull:2, Frank'N'Zombie
EnderIO:itemFrankenSkull:3, Ender Resonator
EnderIO:itemFrankenSkull:4, Sentient Ender
EnderIO:itemFrankenSkull:5, Skeletal Contractor
EnderIO:itemFrankenSkull:6, Guardian Diode
EnderIO:itemRedstoneConduit:0, Redstone Conduit
EnderIO:itemRedstoneConduit:1, Conduit Switch
EnderIO:itemRedstoneConduit:2, Insulated Redstone Conduit
EnderIO:itemPowerConduit:0, Energy Conduit
EnderIO:itemPowerConduit:1, Enhanced Energy Conduit
EnderIO:itemPowerConduit:2, Ender Energy Conduit
EnderIO:itemPowerConduitEndergy:0, Clay Compound Energy Conduit
EnderIO:itemPowerConduitEndergy:1, Iron Energy Conduit
EnderIO:itemPowerConduitEndergy:2, Aluminum Energy Conduit
EnderIO:itemPowerConduitEndergy:3, Gold Energy Conduit
EnderIO:itemPowerConduitEndergy:4, Copper Energy Conduit
EnderIO:itemPowerConduitEndergy:5, Silver Energy Conduit
EnderIO:itemPowerConduitEndergy:6, Electrum Energy Conduit
EnderIO:itemPowerConduitEndergy:7, Energetic Silver Energy Conduit
EnderIO:itemPowerConduitEndergy:8, Crystalline Energy Conduit
EnderIO:itemPowerConduitEndergy:9, Crystalline Pink Slime Energy Conduit
EnderIO:itemPowerConduitEndergy:10, Melodic Energy Conduit
EnderIO:itemPowerConduitEndergy:11, Stellar Energy Conduit
EnderIO:itemLiquidConduit:0, Fluid Conduit
EnderIO:itemLiquidConduit:1, Pressurized Fluid Conduit
EnderIO:itemLiquidConduit:2, Ender Fluid Conduit
EnderIO:itemLiquidConduit:3, Crystalline Ender Fluid Conduit
EnderIO:itemLiquidConduit:4, Crystalline Pink Slime Ender Fluid Conduit
EnderIO:itemLiquidConduit:5, Melodic Ender Fluid Conduit
EnderIO:itemLiquidConduit:6, Stellar Ender Fluid Conduit
EnderIO:itemItemConduit:0, Item Conduit
EnderIO:itemGasConduit:0, Gas Conduit
EnderIO:itemMEConduit:0, ME Conduit
EnderIO:itemMEConduit:1, Dense ME Conduit
EnderIO:itemMEConduit:2, Ultra Dense ME Conduit
EnderIO:itemBasicFilterUpgrade:0, Basic Item Filter
EnderIO:itemBasicFilterUpgrade:1, Advanced Item Filter
EnderIO:itemBigFilterUpgrade:0, Big Item Filter
EnderIO:itemBigFilterUpgrade:1, Big Advanced Item Filter
EnderIO:itemExistingItemFilter:0, Existing Item Filter
EnderIO:itemModItemFilter, Mod Item Filter
EnderIO:itemPowerItemFilter:0, Chargeable Item Filter
EnderIO:itemExtractSpeedUpgrade:0, Item Conduit Speed Upgrade
EnderIO:itemExtractSpeedUpgrade:1, Item Conduit Speed Downgrade
EnderIO:itemFunctionUpgrade:0, Remote Awareness Upgrade
EnderIO:itemBasicCapacitor:0, Basic Capacitor
EnderIO:itemBasicCapacitor:1, Double-Layer Capacitor
EnderIO:itemBasicCapacitor:2, Octadic Capacitor
EnderIO:itemBasicCapacitor:3, Crystalline Capacitor
EnderIO:itemBasicCapacitor:4, Melodic Capacitor
EnderIO:itemBasicCapacitor:5, Stellar Capacitor
EnderIO:itemBasicCapacitor:6, Totemic Capacitor
EnderIO:itemBasicCapacitor:6, Totemic Capacitor
EnderIO:itemBasicCapacitor:7, Silver Capacitor
EnderIO:itemBasicCapacitor:8, Endergetic Capacitor
EnderIO:itemBasicCapacitor:9, Endergised Capacitor
EnderIO:itemMachinePart:0, Machine Chassis
EnderIO:itemMachinePart:1, Basic Gear
EnderIO:itemMachinePart:2, Soul Machine Chassis
EnderIO:itemMachinePart:3, End Steel Chassis
EnderIO:itemMaterial:0, Silicon
EnderIO:itemMaterial:1, Conduit Binder
EnderIO:itemMaterial:2, Binder Composite
EnderIO:itemMaterial:3, Pulsating Iron Nugget
EnderIO:itemMaterial:4, Vibrant Alloy Nugget
EnderIO:itemMaterial:5, Pulsating Crystal
EnderIO:itemMaterial:6, Vibrant Crystal
EnderIO:itemMaterial:7, Dark Steel Ball
EnderIO:itemMaterial:8, Ender Crystal
EnderIO:itemMaterial:9, Enticing Crystal
EnderIO:itemMaterial:10, Weather Crystal
EnderIO:itemMaterial:11, End Steel Nugget
EnderIO:itemMaterial:12, Dark Steel Rod
EnderIO:itemMaterial:13, Precient Crystal
EnderIO:itemMaterial:14, Grains of Piezallity
EnderIO:itemMaterial:15, Grains of Vibrancy
EnderIO:itemMaterial:16, Grains of the End
EnderIO:itemMaterial:17, Grains of Prescience
EnderIO:itemAlloy:0, Electrical Steel
EnderIO:itemAlloy:1, Energetic Alloy
EnderIO:itemAlloy:2, Vibrant Alloy
EnderIO:itemAlloy:3, Redstone Alloy
EnderIO:itemAlloy:4, Conductive Iron
EnderIO:itemAlloy:5, Pulsating Iron
EnderIO:itemAlloy:6, Dark Steel
EnderIO:itemAlloy:7, Soularium
EnderIO:itemAlloy:8, End Steel
EnderIO:itemGrindingBall:0, Electrical Steel Ball
EnderIO:itemGrindingBall:1, Energetic Alloy Ball
EnderIO:itemGrindingBall:2, Vibrant Alloy Ball
EnderIO:itemGrindingBall:3, Redstone Alloy Ball
EnderIO:itemGrindingBall:4, Conductive Iron Ball
EnderIO:itemGrindingBall:5, Pulsating Iron Ball
EnderIO:itemGrindingBall:6, Dark Steel Ball
EnderIO:itemGrindingBall:7, Soularium Ball
EnderIO:itemGrindingBall:8, End Steel Ball
EnderIO:itemAlloyEndergy:0, Clay Compound
EnderIO:itemAlloyEndergy:1, Crystalline Alloy
EnderIO:itemAlloyEndergy:2, Melodic Alloy
EnderIO:itemAlloyEndergy:3, Stellar Alloy
EnderIO:itemAlloyEndergy:4, Crystalline Pink Slime
EnderIO:itemAlloyEndergy:5, Energetic Silver
EnderIO:itemAlloyEndergy:6, Vivid Alloy
EnderIO:itemGrindingBallEndergy:0, Clay Compound Grinding Ball
EnderIO:itemGrindingBallEndergy:1, Crystalline Alloy Grinding Ball
EnderIO:itemGrindingBallEndergy:2, Melodic Alloy Grinding Ball
EnderIO:itemGrindingBallEndergy:3, Stellar Alloy Grinding Ball
EnderIO:itemGrindingBallEndergy:4, Crystalline Pink Slime Grinding Ball
EnderIO:itemGrindingBallEndergy:5, Energetic Silver Grinding Ball
EnderIO:itemGrindingBallEndergy:6, Vivid Alloy Grinding Ball
EnderIO:itemPowderIngot:0, Coal Powder
EnderIO:itemPowderIngot:1, Iron Powder
EnderIO:itemPowderIngot:2, Gold Powder
EnderIO:itemPowderIngot:3, Copper Powder
EnderIO:itemPowderIngot:4, Tin Powder
EnderIO:itemPowderIngot:6, Enderium Base
EnderIO:itemPowderIngot:7, Obsidian Powder
EnderIO:itemPowderIngot:8, Flour
EnderIO:bucketNutrient_distillation, Nutrient Distillation Bucket
EnderIO:bucketHootch, Hootch Bucket
EnderIO:bucketRocket_fuel, Rocket Fuel Bucket
EnderIO:bucketFire_water, Fire Water Bucket
EnderIO:bucketLiquid_sunshine, Liquid Sunshine Bucket
EnderIO:bucketCloud_seed, Cloud Seed Bucket
EnderIO:bucketCloud_seed_concentrated, Concentrated Cloud Seed Bucket
EnderIO:bucketEnder_distillation, Dew of the Void Bucket
EnderIO:bucketVapor_of_levity, Vapor of Levity Bucket
EnderIO:itemYetaWrench, Yeta Wrench
EnderIO:itemEnderface, Enderface
EnderIO:itemTravelStaff:0, Staff of Traveling
EnderIO:itemTravelStaff:16, Staff of Traveling
EnderIO:itemTeleportStaff:0, Staff of Teleportation
EnderIO:itemConduitProbe:0, Conduit Probe
EnderIO:itemXpTransfer:0, Experience Rod
EnderIO:itemSoulVessel, Soul Vial
EnderIO:itemEnderFood:0, "Enderios"
EnderIO:itemGliderWing:0, Glider Wing
EnderIO:itemGliderWing:1, Glider Wings
EnderIO:item.darkSteel_helmet, Dark Helm
EnderIO:item.darkSteel_chestplate, Dark Plate
EnderIO:item.darkSteel_leggings, Dark Leggings
EnderIO:item.darkSteel_boots, Dark Boots
EnderIO:item.darkSteel_sword, The Ender
EnderIO:item.darkSteel_pickaxe, Dark Pick
EnderIO:item.darkSteel_axe, Dark Axe
EnderIO:item.darkSteel_shears, Dark Shears
EnderIO:item.endSteel_helmet, End Steel Helm
EnderIO:item.endSteel_chestplate, End Steel Plate
EnderIO:item.endSteel_leggings, End Steel Leggings
EnderIO:item.endSteel_boots, End Steel Boots
EnderIO:item.endSteel_sword, The Ender MKII
EnderIO:item.endSteel_pickaxe, End Steel Pick
EnderIO:item.endSteel_axe, End Steel Axe
EnderIO:item.stellar_helmet, Stellar Helm
EnderIO:item.stellar_chestplate, Stellar Plate
EnderIO:item.stellar_leggings, Stellar Leggings
EnderIO:item.stellar_boots, Stellar Boots
EnderIO:item.stellar_sword, The Ender MKIV
EnderIO:item.stellar_pickaxe, Stellar Pick
EnderIO:item.stellar_axe, Stellar Axe
EnderIO:itemMagnet:0, Electromagnet
EnderIO:itemMagnet:16, Electromagnet
openmodularturrets:bulletThrowable, Throwable Bullet
openmodularturrets:grenadeThrowable, Throwable Grenade
openmodularturrets:accuraccyUpgradeItem, Upgrade - Accuracy
openmodularturrets:efficiencyUpgradeItem, Upgrade - Efficiency
openmodularturrets:fireRateUpgradeItem, Upgrade - Fire Rate
openmodularturrets:rangeUpgradeItem, Upgrade - Range
openmodularturrets:scattershotUpgradeItem, Upgrade - Scattershot
openmodularturrets:redstoneReactorAddon, Addon - Redstone Reactor
openmodularturrets:damageAmpAddon, Addon - Damage Boost
openmodularturrets:solarPanelAddon, Addon - Solar Generator
openmodularturrets:recyclerAddon, Addon - Recycler
openmodularturrets:concealerAddon, Addon - Turret Concealer
openmodularturrets:serialPortAddon, Addon - Serial Port
openmodularturrets:bulletCraftable, Ammo - Bullet
openmodularturrets:blazingClayCraftable, Ammo - Blazing Clay
openmodularturrets:grenadeCraftable, Ammo - Grenade
openmodularturrets:rocketCraftable, Ammo - Rocket
openmodularturrets:ferroSlug, Ammo - Ferro-Magnetic Slug
openmodularturrets:sensorTierOneItem, Sensor (Tier 1)
openmodularturrets:sensorTierTwoItem, Sensor (Tier 2)
openmodularturrets:sensorTierThreeItem, Sensor (Tier 3)
openmodularturrets:sensorTierFourItem, Sensor (Tier 4)
openmodularturrets:sensorTierFiveItem, Sensor (Tier 5)
openmodularturrets:barrelTierOne, Barrel (Tier 1)
openmodularturrets:barrelTierTwo, Barrel (Tier 2)
openmodularturrets:barrelTierThree, Barrel (Tier 3)
openmodularturrets:barrelTierFour, Barrel (Tier 4)
openmodularturrets:barrelTierFive, Barrel (Tier 5)
openmodularturrets:chamberTierOne, Chamber (Tier 1)
openmodularturrets:chamberTierTwo, Chamber (Tier 2)
openmodularturrets:chamberTierThree, Chamber (Tier 3)
openmodularturrets:chamberTierFour, Chamber (Tier 4)
openmodularturrets:chamberTierFive, Chamber (Tier 5)
openmodularturrets:ioBus, IO Bus
combatplus:hackyCard, Creative Hacking Card
combatplus:hackyCardNormal, Hacking Card
combatplus:disableCard, Upgrade - Disable
combatplus:explosiveInterception, Upgrade - Explosion
compactstorage:backpack, Backpack
compositegear:composite_helmet, Composite Helmet
compositegear:composite_chestplate, Composite Chestplate
compositegear:composite_leggings, Composite Leggings
compositegear:composite_boots, Composite Boots
compositegear:respirator_halfmask, Respirator Half-Mask
compositegear:respirator_mask, Respirator Mask
compositegear:respirator_mask_composite, Composite Respirator Mask
compositegear:ushanka_hat, Ushanka Hat
compositegear:balaclava_mask, Balaclava Mask
compositegear:shemagh_mask, Shemagh Mask
compositegear:composite_sword, Composite Sword
compositegear:composite_dagger, Composite Dagger
compositegear:composite_bow, Composite Bow
ControlCraft:ControlCenterRangeUpgrade, Range Upgrade
ControlCraft:Antenna, Antenna
ControlCraft:WirelessTransmitter, Wireless Transmitter
ControlCraft:CreativeTabIcon, CreativeTabIcon
convenientitems:Convenient:0, Convenient Cobble
convenientitems:Convenient:1, Convenient Wood
convenientitems:Convenient:2, Convenient Sand
convenientitems:Convenient:3, Convenient Clay Pieces
convenientitems:Convenient:4, Convenient Clay Blocks
convenientitems:Convenient:5, Convenient Netherrack
convenientitems:Convenient:6, Convenient Iron Ore
convenientitems:Convenient:7, Convenient Gold Ore
convenientitems:Convenient:8, Convenient Stone
convenientitems:Convenient:9, Convenient Boats
convenientitems:Convenient:10, Convenient Minecarts
convenientitems:Convenient:11, Convenient Ender Pearl
CraftHeraldry:itemHeraldry:0, Heraldic Scroll
CraftHeraldry:itemHeraldry:1, Heraldic Banner
CraftHeraldry:itemHeraldry:2, Heraldic Wall Banner
CreeperChicks:egg_item, Creeper Chick Egg
CreeperChicks:creeper_treat, §2Creeper Treat
creepernuggets:creeperNugget, Creeper Nugget
cpc:horror, The horror...
cpc:jeffKnife, Jeff's Knife
cpc:hiltBlack, Hilt of a Blacksmith
cpc:diaper, A Diaper
cpc:stephano, Stephano
cpc:pasta, Pasta
cpc:record_lavender, Music Disc
cpc:archive:1, CreepyPasta Archive
cpc:archive:2, CreepyPasta Archive
cpc:archive:3, CreepyPasta Archive
cpc:archive:4, CreepyPasta Archive
cpc:archive:5, CreepyPasta Archive
cpc:archive:6, CreepyPasta Archive
cpc:archive:7, CreepyPasta Archive
cpc:archive:8, CreepyPasta Archive
cpc:archive:9, CreepyPasta Archive
cpc:smile.jpg, item.cpc:smile.jpg.name
cubicvillager:villager_blockelize, §aWand of Villager Blocker§r
cutepuppymod:cutepuppymod_SpawnBluePuppy, Spawn A Blue Puppy
cutepuppymod:cutepuppymod_SpawnGreenPuppy, Spawn A Green Puppy
cutepuppymod:cutepuppymod_SpawnPurplePuppy,  Spawn A Purple Puppy
cutepuppymod:cutepuppymod_SpawnRedPuppy, Spawn A Red Puppy
cutepuppymod:cutepuppymod_SpawnYellowPuppy, Spawn A Yellow Puppy
cutepuppymod:cutepuppymod_SpawnEnderPuppy, Spawn A Ender Puppy
cutepuppymod:cutepuppymod_BluePuppyCore, Blue Puppy Core
cutepuppymod:cutepuppymod_GreenPuppyCore, Green Puppy Core
cutepuppymod:cutepuppymod_PurplePuppyCore, Purple Puppy Core
cutepuppymod:cutepuppymod_RedPuppyCore, Red Puppy Core
cutepuppymod:cutepuppymod_YellowPuppyCore, Yellow Puppy Core
cutepuppymod:cutepuppymod_EnderCore, Ender Core
cutepuppymod:cutepuppymod_SpawnHerobrinePuppy, Spawn A Herobrines Puppy
cutepuppymod:cutepuppymod_SpawnSixPuppy, Spawn Sixkillers Puppy
cutepuppymod:cutepuppymod_SpawnStevePuppy, Spawm A Steves Puppy
cutepuppymod:cutepuppymod_ItemTab, item.ItemTab.name
cutepuppymod:cutepuppymod_FreddysMic, Microphone
cutepuppymod:cutepuppymod_BluePuppySword, Blue Puppy Sword
cutepuppymod:cutepuppymod_GreenPuppySword, Green Puppy Sword
cutepuppymod:cutepuppymod_PurplePuppySword, Purple Puppy Sword
cutepuppymod:cutepuppymod_RedPuppySword, Red Puppy Sword
cutepuppymod:cutepuppymod_YellowPuppySword, Yellow Puppy Sword
cutepuppymod:cutepuppymod_BanHammer, SixKillers Ban Hammer
cuttingedge:portacart, Compact Collapsible PortaCart
cuttingedge:sapbucket:0, Rubber Sap Bucket
menagerie:spawnegg:0, Spawn Cultist of the Dark Lepus
menagerie:spawnegg:1, Spawn Infested Villager
menagerie:spawnegg:2, Spawn Energy Ghost
menagerie:spawnegg:3, Spawn Elephant
menagerie:spawnegg:4, Spawn Fire ant
menagerie:spawnegg:5, Spawn Mummy
menagerie:spawnegg:6, Spawn Field Mouse
menagerie:spawnegg:7, Spawn Mantikitten
menagerie:spawnegg:8, Spawn Living Armor
darkcore:item.darkcore.UniqueSword, Keening
DarkWorld:darkWaterBucket, Dark Water Bucket
DarkWorld:darkLavaBucket, Dark Lava Bucket
DarkWorld:peculiarDust, Peculiar Dust
DarkWorld:peculiarDustBar, Peculiar Dust Bar
DarkWorld:hardPeculiarDust, Hardened Peculiar Dust
DarkWorld:peculiarDustNSteel, Flint And Hardened Peculiar Dust
DarkWorld:darkWheat, item.darkworld:darkwheat.name
DarkWorld:darkApple, item.darkworld:darkapple.name
DarkWorld:peculiarPickaxe, Peculiar Pickaxe
DarkWorld:peculiarSword, Peculiar Sword
DarkWorld:peculiarAxe, Peculair Axe
DarkWorld:peculiarShovel, Peculiar Shovel
DarkWorld:peculiarHoe, Peculiar Hoe
DarkWorld:peculiarHelmet, Peculiar Helmet
DarkWorld:peculiarChestplate, Peculiar Chestplate
DarkWorld:peculiarLeggings, Peculiar Leggings
DarkWorld:peculiarBoots, Peculiar Boots
props:props:0, Stuffed Creeper
props:props:1, Wine Bottle
props:props:2, Grandfather Clock
props:props:3, Wood Blocks
props:props:4, Spinning Wheel
props:props:5, Jack In The Box
props:props:6, Paper Airplane
props:props:7, Gold Ingot Stack
props:props:8, Rocking Horse
props:props:9, Toy Soldier
props:props:10, R2 D2
props:props:11, Rubkik's Cube
props:props:12, Toy Boat
props:props:13, Plates Fancy
props:props:14, Piano
props:props:15, Stained Glass Orange
props:props:16, Stained Glass Magenta
props:props:17, Stained Glass LightBlue
props:props:18, Stained Glass Yellow
props:props:19, Stained Glass Lime
props:props:20, Stained Glass Pink
props:props:21, Stained Glass Cyan
props:props:22, Stained Glass Purple
props:props:23, Stained Glass Blue
props:props:24, Stained Glass Green
props:props:25, Stained Glass Red
props:props:26, Stained Glass White
props:props:27, Tea Set
props:props:28, Tea Cup
props:props:29, Long Crate
props:props:30, Picnic Basket
props:props:31, Cuckoo Clock
props:props:32, Pumpkin Trio
props:props:33, Cradle
props:props:34, Xylophone
props:props:35, Toy Train
props:props:36, DiscordMLP
props:props:37, Scarecrow
props:props:38, Wine Rack Full
props:props:39, Wine Rack Empty
props:props:40, Papel Picado Orange
props:props:41, Papel Picado Black
props:props:42, Papel Picado Blue
props:props:43, Papel Picado Cyan
props:props:44, Papel Picado Green
props:props:45, Papel Picado Light Blue
props:props:46, Papel Picado Lime
props:props:47, Papel Picado Magenta
props:props:48, Papel Picado Pink
props:props:49, Papel Picado Purple
props:props:50, Papel Picado Red
props:props:51, Papel Picado White
props:props:52, Papel Picado Yellow
props:props:53, Gold Oddem
props:props:54, Silver Oddem
props:props:55, Bronze Oddem
props:props:56, Training Dummy
props:props:57, Stuffed Bunny
props:props:58, Stuffed Teddy
props:props:59, Iron Ingot Stack
props:props:60, Bronze Ingot Stack
props:props:61, Tanning Rack Cow
props:props:62, Tanning Rack Leather
props:props:63, Tanning Rack Wolf
props:props:64, Sharpening Stone
props:props:65, Ironing Board
props:props:66, Clothesline 1
props:props:67, Clothesline 2
props:props:68, Clothesline 3
props:props:69, Clothesline 4
props:props:70, Clothesline 5
props:props:71, Clothesline 6
props:props:72, Washing Board
props:props:73, Birdhouse
props:props:74, Dog House Big
props:props:75, Dog House Small
props:props:76, Stuffed Wolf
props:props:77, Pumpkin 1
props:props:78, Pumpkin 2
props:props:79, Pumpkin 3
props:props:80, Door Barricade
props:props:81, Rubik's Cube Shuffled
props:props:82, Picnic Table Left
props:props:83, Picnic Table Center
props:props:84, Picnic Table Right
props:props:85, Gravestone 1
props:props:86, Gravestone 2
props:props:87, Gravestone 3
props:props:88, Park Bin
props:props:89, Barrel
props:props:90, Park Bench
props:props:91, Chest Keyhole
props:props:92, Tardis
props:props:93, Jewelry Box
props:props:94, Fall Wreath
props:props:95, Harp
props:props:96, Brush and Comb
props:props:97, Spider Candle
props:props:98, Stuffed Spider
props:props:99, Beer Keg
props:props:100, Large Beer Keg
props:props:101, Horizontal Barrel
props:props:102, Big Anchor
props:props:103, Anchor
props:props:104, Luggage
props:props:105, Safe
props:props:106, Cooked Turkey
props:props:107, Etch-A-Sketch
props:props:108, Phonograph
props:props:109, Rope
props:props:110, Icicles
props:props:111, Chain Top
props:props:112, Chain Middle
props:props:113, Chain Bottom
props:props:114, Honey Pot
props:props:115, Hourglass
props:props:116, Beer Mug
props:props:117, Lawn Flamingo
props:props:118, Wall Mirror
props:props:119, Garden Gnome
props:props:120, Pilgrim
props:props:121, Indian
props:props:122, Telescope
props:props:123, Sewing Machine
props:props:124, See-Saw
props:props:125, Christmas Lights
props:props:126, Christmas Wreath 1
props:props:127, Christmas Wreath 2
props:props:128, Garland 1
props:props:129, Garland 2
props:props:130, Garland 3
props:props:131, Garland 4
props:props:132, Garland 5
props:props:133, Garland 6
props:props:134, Garland 7
props:props:135, Presents 1
props:props:136, Presents 2
props:props:137, Presents 3
props:props:138, Swing
props:props:139, Paper Lantern
props:props:140, Toilet Paper
props:props:141, Christmas Tree
props:props:142, Christmas Tree Small
props:props:143, Tissue Box
props:props:144, Snow Globe
props:props:145, Sleigh
props:props:146, Slide
props:props:147, Snowman
props:props:148, Garland 8
props:props:149, Garland 9
props:props:150, Garland 10
props:props:151, Reindeer
props:props:152, Reindeer Plushie
props:props:153, Christmas Bells
props:props:154, Gingerbread House
props:props:155, Elf Plushie
props:props:156, Milk and Cookies
props:props:157, Candycane Jar
props:props:158, Stocking 1
props:props:159, Stocking 2
props:props:160, Mistletoe
props:props:161, Santa Plushie
props:props:162, Present 1
props:props:163, Present 2
props:props:164, Present 3
props:props:165, Present 4
props:props:166, Present 5
props:props:167, Present 6
props:props:168, Present 7
props:props:169, Present 8
props:props:170, Present 9
props:props:171, Small Christmas Tree
props:props:172, World Globe
props:props:173, Crystal Ball
props:props:174, Glass Rose
props:props:175, Engagement Ring
props:props:176, Sand Castle
props:props:177, Wind Chime
props:props:178, Garden Flamingo
props:props:179, Paper Lantern Kanji
props:props:180, Paper Lantern Pink
props:props:181, Paper Lantern CherryBlossom
props:props:182, Paper Lantern Purple
props:props:183, Paper Lantern Green
props:props:184, Paper Lantern Yellow
props:props:185, Barber Pole Wall
props:props:186, Barber Pole Ground
props:props:187, Potions Spilled
props:props:188, Potions
props:props:189, Sign Honey
props:props:190, Sign Apothecary
props:props:191, Sign Apothecary 2
props:props:192, Sign Archery
props:props:193, Sign Baker
props:props:194, Sign Baker 2
props:props:195, Sign Bank
props:props:196, Sign Blacksmith
props:props:197, Sign Bombs
props:props:198, Sign Books
props:props:199, Sign Butcher
props:props:200, Sign Camping
props:props:201, Sign Candy
props:props:202, Sign Farming
props:props:203, Sign Fish
props:props:204, Sign Flowers
props:props:205, Sign General Store
props:props:206, Sign Inn
props:props:207, Sign Jail
props:props:208, Sign Jeweler
props:props:209, Sign Jeweler 2
props:props:210, Sign Lumber
props:props:211, Sign Magic
props:props:212, Sign Maps
props:props:213, Sign Mine
props:props:214, Sign Pet
props:props:215, Sign Produce
props:props:216, Sign Pub
props:props:217, Sign Stable
props:props:218, Sign Tailor
props:props:219, Sign Toys
props:props:220, Sign Vineyard
props:props:221, Sign Swords
props:props:222, Sign Helm
props:props:223, Sign Furniture
props:props:224, Sign Music
props:props:225, Sign Shield
props:props:226, Coat Rack
props:props:227, Checkers
props:props:228, Scale
props:props:229, Glass Table
props:props:230, Wooden Table
props:props:231, Wooden Chair
props:props:232, Stone Chair
props:props:233, Cow Plushie
props:props:234, Pig Plushie
props:props:235, Sheep Plushie
props:props:236, Squid Plushie
props:props:237, Chick Plushie
props:props:238, Tiger Plushie
props:props:239, Squirrel Plushie
props:props:240, Baby Bottle
props:props:241, Salt and Pepper Shakers
props:props:242, Water Bucket
props:props:243, Milk Bucket
props:props:244, Candle Stick
props:props:245, Candle Wall
props:props:246, Table Lamp Magenta
props:props:247, Table Lamp Orange
props:props:248, Table Lamp Red
props:props:249, Table Lamp Cyan
props:props:250, Table Lamp Lime
props:props:251, Table Lamp Grey
props:props:252, Table Lamp Pink
props:props:253, Table Lamp Yellow
props:props:254, Table Lamp Green
props:props:255, Table Lamp Black
props:props:256, Table Lamp White
props:props:257, Table Lamp Purple
props:props:258, Table Lamp Blue
props:props:259, Table Lamp LightBlue
props:props:260, Cheese Wheel
props:props:261, Wheelbarrow
props:props:262, Dart Board
props:props:263, Chalk Board
props:props:264, Perfume Blue
props:props:265, Perfume Pink
props:props:266, Perfume Purple
props:props:267, Perfume Lime
props:props:268, Perfume Cyan
props:props:269, Perfume Orange
props:props:270, Perfume Red
props:props:271, Card Deck
props:props:272, Player Cards
props:props:273, Pile of Coal Shovel
props:props:274, Pile of Coal
props:props:275, Fruit Bowl
props:props:276, Vase
props:props:277, Dolly Jill
props:props:278, Dolly Mia
props:props:279, Telephone Classy
props:props:280, Sword Ground
props:props:281, Music Box
props:props:282, Toy Helicopter
props:props:283, Body Towel
props:props:284, Hand Towel
props:props:285, Key Chain
props:props:286, Hanging Bridge Left
props:props:287, Hanging Bridge Right
props:props:288, Hanging Bridge Anchor Left
props:props:289, Hanging Bridge Anchor Right
props:props:290, Hanging Bridge Single
props:props:291, Hanging Bridge Anchor Single
props:props:292, Dolly Gennaln
props:props:293, Fish Trophy
props:props:294, Hummingbird Feeder
props:props:295, Chandelier Iron
props:props:296, Chandelier Gold
props:props:297, Chandelier Crystal
props:props:298, Shelf
props:props:299, Sausage Links
props:props:300, Single Bed Pink
props:props:301, Single Bed Brown
props:props:302, Single Bed Orange
props:props:303, Single Bed Purple
props:props:304, Single Bed Blue
props:props:305, Single Bed Lime
props:props:306, Single Bed Green
props:props:307, Single Bed Fuchsia
props:props:308, Single Bed Light Blue
props:props:309, Single Bed Razzle
props:props:310, Single Bed Red
props:props:311, Single Bed White
props:props:312, Single Bed Black
props:props:313, Single Bed Yellow
props:props:314, Single Bed Coral
props:props:315, Single Bed Cyan
props:props:316, Balloons
props:props:317, Barrel Red Apple
props:props:318, Barrel Golden Apple
props:props:319, Barrel Green Apple
props:props:320, Toilet Basin
props:props:321, Toilet Pipe
props:props:322, Toilet Water Tank
props:props:323, Vanity Left
props:props:324, Vanity Center
props:props:325, Vanity Right
props:props:326, Barrel Potatoes
props:props:327, Barrel Carrots
props:props:328, Easel
props:props:329, Paper Stack
props:props:330, Bird Bath
props:props:331, Egg Basket
props:props:332, Barbed Wire
props:props:333, Camera
props:props:334, Shower Head 1
props:props:335, Shower Handles 1
props:props:336, Soap Holder
props:props:337, Microscope
props:props:338, Pig Platter
props:props:339, Kitchen Faucet Outward
props:props:340, Sink Faucet Outward
props:props:341, Kitchen Faucet Inward
props:props:342, Sink Faucet Inward
props:props:343, Kitchen Sink
props:props:344, Sink
props:props:345, Tub Faucet
props:props:350, Noodles
props:props:351, Bread Loaf
props:props:352, Bedside Table
props:props:353, Ship in a Bottle
props:props:354, Hydrant
props:props:355, Lava Lamp Lime
props:props:356, Lava Lamp Cyan
props:props:357, Lava Lamp Orange
props:props:358, Lava Lamp Light Blue
props:props:359, Lava Lamp Purple
props:props:360, Lava Lamp Light Pink
props:props:361, Lava Lamp Blue
props:props:362, Lava Lamp Green
props:props:363, Lava Lamp White
props:props:364, Lava Lamp Red
props:props:365, Lava Lamp Razz
props:props:366, Lava Lamp Yellow
props:props:367, Lava Lamp Pink
props:props:368, Lava Lamp Rainbow
props:props:369, Broom
props:props:370, Mop
props:props:371, Spice Rack
props:props:372, Rack Chains
props:props:373, Knight Statue
props:props:374, Orrery
props:props:375, Sun Wall
props:props:376, Moon Wall
props:props:377, Double Bed Pink Left
props:props:378, Double Bed Pink Right
props:props:379, Double Bed Brown Left
props:props:380, Double Bed Brown Right
props:props:381, Double Bed Orange Left
props:props:382, Double Bed Orange Right
props:props:383, Double Bed Purple Left
props:props:384, Double Bed Purple Right
props:props:385, Double Bed Blue Left
props:props:386, Double Bed Blue Right
props:props:387, Double Bed Lime Left
props:props:388, Double Bed Lime Right
props:props:389, Double Bed Green Left
props:props:390, Double Bed Green Right
props:props:391, Double Bed Fuchsia Left
props:props:392, Double Bed Fuchsia Right
props:props:393, Double Bed Light Blue Left
props:props:394, Double Bed Light Blue Right
props:props:395, Double Bed Razzle Left
props:props:396, Double Bed Razzle Right
props:props:397, Double Bed Red Left
props:props:398, Double Bed Red Right
props:props:399, Double Bed White Left
props:props:400, Double Bed White Right
props:props:401, Double Bed Black Left
props:props:402, Double Bed Black Right
props:props:403, Double Bed Yellow Left
props:props:404, Double Bed Yellow Right
props:props:405, Double Bed Coral Left
props:props:406, Double Bed Coral Right
props:props:407, Double Bed Cyan Left
props:props:408, Double Bed Cyan Right
props:props:409, Canopy Bed Pink Left
props:props:410, Canopy Bed Pink Right
props:props:411, Canopy Bed Brown Left
props:props:412, Canopy Bed Brown Right
props:props:413, Canopy Bed Orange Left
props:props:414, Canopy Bed Orange Right
props:props:415, Canopy Bed Purple Left
props:props:416, Canopy Bed Purple Right
props:props:417, Canopy Bed Blue Left
props:props:418, Canopy Bed Blue Right
props:props:419, Canopy Bed Lime Left
props:props:420, Canopy Bed Lime Right
props:props:421, Canopy Bed Green Left
props:props:422, Canopy Bed Green Right
props:props:423, Canopy Bed Fuchsia Left
props:props:424, Canopy Bed Fuchsia Right
props:props:425, Canopy Bed Light Blue Left
props:props:426, Canopy Bed Light Blue Right
props:props:427, Canopy Bed Razzle Left
props:props:428, Canopy Bed Razzle Right
props:props:429, Canopy Bed Red Left
props:props:430, Canopy Bed Red Right
props:props:431, Canopy Bed White Left
props:props:432, Canopy Bed White Right
props:props:433, Canopy Bed Black Left
props:props:434, Canopy Bed Black Right
props:props:435, Canopy Bed Yellow Left
props:props:436, Canopy Bed Yellow Right
props:props:437, Canopy Bed Coral Left
props:props:438, Canopy Bed Coral Right
props:props:439, Canopy Bed Cyan Left
props:props:440, Canopy Bed Cyan Right
props:props:441, Rainbow Hammock
props:props:442, Hammock Hook
props:props:443, Patron Doll Girafi
props:props:444, Chemistry Set
props:props:445, Patron Doll BevoLJ
props:props:446, Patron Doll BulletPhase
props:props:447, Patron Doll Revstrom
props:props:448, Wedding Cake
props:props:449, Bubblegum Machine
props:props:450, Rake
props:props:451, Watering Can
props:props:452, Sea Shells
props:props:453, Toaster
props:props:454, Newton's Cradle
props:props:455, Patron Doll coffee2002
props:props:456, Aquarium
props:props:457, Patron Doll rckymtnrfc
props:props:458, Patron Doll fergcraft
props:props:459, Patron Doll Saice
props:props:460, Patron Doll Taelnia
props:props:461, Ship's Helm
props:props:462, Bacon Pan
props:props:463, Dream Catcher
props:props:464, Haystack Fork
props:props:465, Haystack
props:props:466, Rocking Chair
props:props:467, Pew Right
props:props:468, Pew Middle
props:props:469, Pew Left
props:props:470, Kneeler
props:props:471, TV Old
props:props:472, Fire Alarm
props:props:473, Table Clock
props:props:474, Laptop
props:props:475, Credenza Right
props:props:476, Credenza Left
props:props:477, Cart 1
props:props:478, Cart 2
props:props:479, Wheelbarrow Coal
props:props:480, Wheelbarrow Feed
props:props:481, Wheelbarrow Rocks
props:props:482, Wheelbarrow Jugs
props:props:483, Wooden Table 2
props:props:484, Stock
props:props:485, Cannon
props:props:486, Cannon Balls
props:props:487, Wooden Table 3
props:props:488, Small Coin Pile Gold
props:props:489, Small Coin Pile Silver
props:props:490, Patron Doll ChJees
props:props:491, Patron Doll Xaw4
props:props:492, Journeymap Wall Sconce
props:props:493, Skelleton 1
props:props:494, Skelleton 2
props:props:495, Skelleton 3
props:props:496, Skelleton 4
props:props:497, Log Bench Right
props:props:498, Log Bench Left
props:props:499, Axe
props:props:500, Sweetroll Dish
props:props:501, Serrano Ham
props:props:502, Coffin Wood 1
props:props:503, Coffin Wood 2
props:props:504, Coffin Wood 3
props:props:505, Coffin Wood 4
props:props:506, Coffin Stone 1
props:props:507, Coffin Stone 2
props:props:508, Decobench
props:props:509, Dresser
props:props:510, Sideboard
props:props:511, Wardrobe
props:props:512, Burial Urn
props:props:513, Fishing net
props:props:514, Anatomical Doll
props:props:515, Dungeon Skeleton 1
props:props:516, Dungeon Skeleton 2
props:props:517, Dungeon Skeleton 3
props:props:518, Trophy Zombie
props:props:519, Trophy Deer
props:props:520, Trophy Bear
props:props:521, Birdcage
props:props:522, PotatoPile
props:props:523, CarrotPile
props:props:524, Milk Jug
props:props:525, Wooden Beer Stein
props:props:526, Ceiling Fan
props:props:527, Bear Rug Black
props:props:528, Patron Doll DuskMoon
props:props:529, Tire Swing
props:props:530, Patron Doll JudgeGrimm
props:props:531, Patron Doll Jakimfett
props:props:532, Patron Doll tmzasz
props:props:533, Patron Doll Haggle1996
props:props:534, Patron Doll Gellegbs
props:props:535, Dungeon Skeleton 4
props:props:536, Hanging Pheasants
props:props:537, White Hammock
props:props:538, Book and Quill
props:props:539, Lectern
props:props:540, FishHanging
props:props:541, Minotaur Doll
props:props:542, Patron Doll CarrieExMachina
props:props:543, Wassily Chair
props:props:544, Red-Blue Chair
props:props:545, Barcelona Chair
props:props:546, Barrel Chair
props:props:547, Ant Chair
props:props:548, Wiggle Side Chair
props:props:549, How High the Moon Chair
props:props:550, Hillhouse Chair
props:props:551, Inception Chair
props:props:552, Wood Desk
props:props:553, Wooden Office Chair
props:props:554, Archive Box
props:props:555, Tree Swing
props:props:556, Jukebox
props:props:557, Billiard Table
props:props:558, Patron Doll ZeroKazuma
props:props:559, Patron Doll Seriiiously
props:props:560, Patron Doll Daycarn
props:props:561, Patron Doll OnyxDarkKnight
props:props:562, Patron Doll Latvian
props:props:563, Patron Doll OpenKerley
props:props:564, Patron Doll Beanxxbot
props:props:565, Patron Doll Lividcoffee
props:props:566, Donation Box
props:props:567, Bottom Cabinet
props:props:568, Bottom Cabinet 2
props:props:569, Bottom Cabinet 3
props:props:570, Top Cabinet
props:props:571, Top Cabinet Glass
props:props:572, Wine Rack
props:props:573, Toy Box Boy
props:props:574, Toy Box Girl
props:props:575, MCW Ring
props:props:576, Dresser Boy
props:props:577, Dresser Girl
props:props:578, Chest of Drawers Boy
props:props:579, Chest of Drawers Girl
props:props:580, Piggy Bank
props:props:581, Dollhouse 1
props:props:582, Dollhouse 2
props:props:583, BasketBall Basket
props:props:584, BasketBall
props:props:585, Fish Bowl
props:props:586, Kitchen Faucet 2
props:props:587, Kitchen Faucet 3
props:props:588, Trough Hitching Post
props:props:589, Broom Cabinet
props:props:590, Kitchen Shelf
props:props:591, Bottom Cabinet Center
props:props:592, Bottom Cabinet Corner Left
props:props:593, Bottom Cabinet Corner Right
props:props:594, Knife Block
props:props:595, Tea Hooks
props:props:596, Knife Strip
props:props:597, Hood Wall
props:props:598, Hood Island
props:props:599, Built in Microwave
props:props:600, Stove
props:props:601, Food Processor
props:props:602, Oven Wall
props:props:603, Oven Floor
props:props:604, Utensil Hooks
props:props:605, Cutting Board
props:props:606, Wall Cabinet Full
props:props:607, Wall Cabinet Full Dark
props:props:608, Bottom Cabinet Dark
props:props:609, Bottom Cabinet 2 Dark
props:props:610, Bottom Cabinet 3 Dark
props:props:611, Kitchen Sink Dark
props:props:612, Bottom Cabinet Center Dark
props:props:613, Wine Rack Dark
props:props:614, Oven Floor Dark
props:props:615, Oven Wall Dark
props:props:617, Kitchen Shelf Dark
props:props:618, Built in Microwave Dark
props:props:619, Hood Wall Dark
props:props:620, Bottom Cabinet Corner Right Dark
props:props:621, Bottom Cabinet Corner Left Dark
props:props:622, Broom Cabinet
props:props:623, Top Cabinet Glass Dark
props:props:624, Top Cabinet Dark
props:props:625, Water Pump
props:props:626, Fridge Large
props:props:627, Fridge Small
props:props:628, Dish Rack
props:props:629, Dish Rack Dark
props:props:630, Patron Doll Davexx100
props:props:631, Fireplace
props:props:632, Punching Bag
props:props:633, Toy Rocket
props:props:634, Speed Bag
props:props:635, ProfMobius And Razz Dolls
props:props:636, Alarm Clock
props:props:637, Treasure Map
props:props:638, ToothBrush Case
props:props:639, Mailbox
props:props:640, Plunger
props:props:641, Round Wall Clock
props:props:642, Candy Bowl
props:props:643, Bathroom Sign Female
props:props:644, Bathroom Sign Male
props:props:645, Giant Spider Web
props:props:646, Patron Doll Trustlines
props:props:647, Patron Doll Iarinu Tatsu
props:props:648, Patron Doll TheJays
props:props:649, Patron Doll Skuli
props:props:650, Patron Doll convict999
props:props:651, Altar De Muertos
props:props:652, Tiki Torch
props:props:653, Guillotine
props:props:654, Dynamite Sticks
props:props:655, Skull Candle
props:props:656, Birthday Cake
props:props:657, Birthday Cake 2
props:props:658, Witch Cauldron
props:props:659, Bathroom Sign
props:props:660, Candy Corn Bowl
props:props:661, IV Stand
props:props:662, Radiator
props:props:663, Staircase Light
props:props:664, Staircase Dark
props:props:665, Staircase Stone
props:props:666, Staircase Quartz
props:props:667, Staircase Light Landing
props:props:668, Staircase Dark Landing
props:props:669, Staircase Stone Landing
props:props:670, Staircase Quartz Landing
props:props:671, Staircase Light End Rail
props:props:672, Staircase Dark End Rail
props:props:673, Staircase Stone End Rail
props:props:674, Staircase Quartz End Rail
props:props:675, Stethoscope
props:props:676, Wheelchair
props:props:677, Gas Cylinder
props:props:678, Gas Cylinder 2
props:props:679, Syringe 1
props:props:680, Syringe 2
props:props:681, Hospital Bed
props:props:682, Heart Monitor
props:props:683, XRay1
props:props:684, XRay2
props:props:685, XRay3
props:props:686, Hospital Curtain
props:props:687, Pills
props:props:688, Neon Lamp
props:props:689, Defibrilator
props:props:690, Rolling Tray
props:props:691, Tool Tray Table
props:props:692, Surgical Tools
props:props:693, Art Supplies
props:props:694, Crown With Pillow
props:props:695, Diving Board
props:props:696, Mixer
props:props:697, Bone
props:props:698, Window Barricade
props:props:699, Patron Doll meepmeep
props:props:700, Advent Wreath
props:props:701, Arm Chair White
props:props:702, Arm Chair Brown
props:props:703, Arm Chair Orange
props:props:704, Arm Chair Purple
props:props:705, Arm Chair Blue
props:props:706, Arm Chair Lime
props:props:707, Arm Chair Green
props:props:708, Arm Chair Fuchsia
props:props:709, Arm Chair Light Blue
props:props:710, Arm Chair Razzle
props:props:711, Arm Chair Red
props:props:712, Arm Chair Pink
props:props:713, Arm Chair Black
props:props:714, Arm Chair Yellow
props:props:715, Arm Chair Coral
props:props:716, Arm Chair Cyan
props:props:717, Couch Left
props:props:718, Couch Left Brown
props:props:719, Couch Left Orange
props:props:720, Couch Left Purple
props:props:721, Couch Left Blue
props:props:722, Couch Left Lime
props:props:723, Couch Left Green
props:props:724, Couch Left Fuchsia
props:props:725, Couch Left Light Blue
props:props:726, Couch Left Razzle
props:props:727, Couch Left Red
props:props:728, Couch Left Pink
props:props:729, Couch Left Black
props:props:730, Couch Left Yellow
props:props:731, Couch Left Coral
props:props:732, Couch Left Cyan
props:props:733, Couch Center
props:props:734, Couch Center Brown
props:props:735, Couch Center Orange
props:props:736, Couch Center Purple
props:props:737, Couch Center Blue
props:props:738, Couch Center Lime
props:props:739, Couch Center Green
props:props:740, Couch Center Fuchsia
props:props:741, Couch Center Light Blue
props:props:742, Couch Center Razzle
props:props:743, Couch Center Red
props:props:744, Couch Center Pink
props:props:745, Couch Center Black
props:props:746, Couch Center Yellow
props:props:747, Couch Center Coral
props:props:748, Couch Center Cyan
props:props:749, Couch Right
props:props:750, Couch Right Brown
props:props:751, Couch Right Orange
props:props:752, Couch Right Purple
props:props:753, Couch Right Blue
props:props:754, Couch Right Lime
props:props:755, Couch Right Green
props:props:756, Couch Right Fuchsia
props:props:757, Couch Right Light Blue
props:props:758, Couch Right Razzle
props:props:759, Couch Right Red
props:props:760, Couch Right Pink
props:props:761, Couch Right Black
props:props:762, Couch Right Yellow
props:props:763, Couch Right Coral
props:props:764, Couch Right Cyan
props:props:765, Couch Corner
props:props:766, Couch Corner Brown
props:props:767, Couch Corner Orange
props:props:768, Couch Corner Purple
props:props:769, Couch Corner Blue
props:props:770, Couch Corner Lime
props:props:771, Couch Corner Green
props:props:772, Couch Corner Fuchsia
props:props:773, Couch Corner Light Blue
props:props:774, Couch Corner Razzle
props:props:775, Couch Corner Red
props:props:776, Couch Corner Pink
props:props:777, Couch Corner Black
props:props:778, Couch Corner Yellow
props:props:779, Couch Corner Coral
props:props:780, Couch Corner Cyan
props:props:781, PC
props:props:782, PC Brown
props:props:783, PC Orange
props:props:784, PC Purple
props:props:785, PC Blue
props:props:786, PC Lime
props:props:787, PC Green
props:props:788, PC Fuchsia
props:props:789, PC Light Blue
props:props:790, PC Razzle
props:props:791, PC Red
props:props:792, PC Pink
props:props:793, PC Black
props:props:794, PC Yellow
props:props:795, PC Coral
props:props:796, PC Cyan
props:props:797, Screen/Keyboard
props:props:798, ScreenRight
props:props:799, ScreenLeft
props:props:800, Microwave
props:props:801, Patron Doll FoxingtonFox
props:props:802, Patron Doll MikanPachi
props:props:803, Patron Doll Viesis
props:props:804, Patron Doll Hazzar
props:props:805, Minetendo
props:props:806, Sword Stand
props:props:808, WoodenSpikes
props:props:809, Crate Red Apple
props:props:810, Crate Golden Apple
props:props:811, Crate Green Apples
props:props:812, Crate Carrots
props:props:813, Crate Potatoes
props:props:814, Crate Oranges
props:props:815, Crate Bananas
props:props:816, Crate Pears
props:props:817, Crate Beetroot
props:props:818, Crate Tomatoes
props:props:819, Crate Onions
props:props:820, Crate Lettuce
props:props:821, Crate Corn
props:props:822, Patron Doll donald108
props:props:823, Patron Doll Beroos Wain
props:props:824, Spanish Beast
props:props:825, Patron Doll Rojo
props:props:826, Salmon Crate
props:props:827, Mackerel Crate
props:props:828, Lobster Crate
props:props:829, Mussel Crate
props:props:830, Shrimp Crate
props:props:831, Sack Barley
props:props:832, Sack Rice
props:props:833, Sack Curry
props:props:834, Sack Ginger
props:props:835, Sack Saffron
props:props:836, Sack Razzle Spice
props:props:837, Sack Indigo Powder
props:props:838, Sack Flour
props:props:839, Sack Pepper
props:props:840, Sack Salt
props:props:841, Sack Tornado Spice
props:props:842, Sack Green Tea
props:props:843, Sack Taelnia Spice
props:props:845, Cash Register
props:props:846, Garden Swing Left
props:props:847, Garden Swing Left Brown
props:props:848, Garden Swing Left Orange
props:props:849, Garden Swing Left Purple
props:props:850, Garden Swing Left Blue
props:props:851, Garden Swing Left Lime
props:props:852, Garden Swing Left Green
props:props:853, Garden Swing Left Fuchsia
props:props:854, Garden Swing Left Light Blue
props:props:855, Garden Swing Left Razzle
props:props:856, Garden Swing Left Red
props:props:857, Garden Swing Left Pink
props:props:858, Garden Swing Left Black
props:props:859, Garden Swing Left Yellow
props:props:860, Garden Swing Left Coral
props:props:861, Garden Swing Left Cyan
props:props:862, Garden Swing Middle Left
props:props:863, Garden Swing Middle Right
props:props:864, Garden Swing Right
props:props:865, Garden Swing Right Brown
props:props:866, Garden Swing Right Orange
props:props:867, Garden Swing Right Purple
props:props:868, Garden Swing Right Blue
props:props:869, Garden Swing Right Lime
props:props:870, Garden Swing Right Green
props:props:871, Garden Swing Right Fuchsia
props:props:873, Garden Swing Right Razzle
props:props:874, Garden Swing Right Red
props:props:875, Garden Swing Right Pink
props:props:876, Garden Swing Right Black
props:props:877, Garden Swing Right Yellow
props:props:878, Garden Swing Right Coral
props:props:879, Garden Swing Right Cyan
props:props:880, Mexican Table
props:props:881, Mexican Table Fuchisa
props:props:882, Mexican Table Orange
props:props:883, Mexican Table Green
props:props:884, Mexican Table Red
props:props:885, Mexican Table Cyan
props:props:886, Mexican Table Pink
props:props:887, Mexican Table Blue
props:props:888, Mexican Table Purple
props:props:889, Mexican Table Large
props:props:890, Mexican Table Large Fuchisa
props:props:891, Mexican Table Large Orange
props:props:892, Mexican Table Large Green
props:props:893, Mexican Table Large Red
props:props:894, Mexican Table Large Cyan
props:props:895, Mexican Table Large Pink
props:props:896, Mexican Table Large Blue
props:props:897, Mexican Table Large Purple
props:props:898, Mexican Chair
props:props:899, Mexican Chair Fuchisa
props:props:900, Mexican Chair Orange
props:props:901, Mexican Chair Green
props:props:902, Mexican Chair Red
props:props:903, Mexican Chair Cyan
props:props:904, Mexican Chair Pink
props:props:905, Mexican Chair Blue
props:props:906, Mexican Chair Purple
props:props:907, Mexican Cupboard
props:props:908, Mexican Cupboard Fuchisa
props:props:909, Mexican Cupboard Orange
props:props:910, Mexican Cupboard Green
props:props:911, Mexican Cupboard Red
props:props:912, Mexican Cupboard Cyan
props:props:913, Mexican Cupboard Pink
props:props:914, Mexican Cupboard Blue
props:props:915, Mexican Cupboard Purple
props:props:925, Hanging Peppers
props:props:926, Star Pinata
props:props:927, Joker Star Pinata
props:props:928, Hay Bed
props:props:929, Beer Tap
props:props:930, Dance Dance Floor
props:props:931, Patron Doll Misty Striker
props:props:932, Patron Doll The Great Orator
props:props:933, Patron Doll tuglowz
props:props:934, Patron Doll Strange_Penguin
props:props:951, Beach Chair
props:props:952, Beach Chair Brown
props:props:953, Beach Chair Orange
props:props:954, Beach Chair Purple
props:props:955, Beach Chair Blue
props:props:956, Beach Chair Lime
props:props:957, Beach Chair Green
props:props:958, Beach Chair Fuchsia
props:props:959, Beach Chair Light Blue
props:props:960, Beach Chair Razzle
props:props:961, Beach Chair Red
props:props:962, Beach Chair Pink
props:props:963, Beach Chair Black
props:props:964, Beach Chair Yellow
props:props:965, Beach Chair Coral
props:props:966, Beach Chair Cyan
props:props:967, Beach Umbrella
props:props:968, Beach Umbrella Brown
props:props:969, Beach Umbrella Orange
props:props:970, Beach Umbrella Purple
props:props:971, Beach Umbrella Blue
props:props:972, Beach Umbrella Lime
props:props:973, Beach Umbrella Green
props:props:974, Beach Umbrella Fuchsia
props:props:975, Beach Umbrella Light Blue
props:props:976, Beach Umbrella Razzle
props:props:977, Beach Umbrella Red
props:props:978, Beach Umbrella Pink
props:props:979, Beach Umbrella Black
props:props:980, Beach Umbrella Yellow
props:props:981, Beach Umbrella Coral
props:props:982, Beach Umbrella Cyan
props:props:983, Cooler
props:props:984, Cactus Chair
props:props:985, Lamp Post 1
props:props:986, Lamp Post 2
props:props:987, Hillhouse Chair Brown
props:props:988, Hillhouse Chair Orange
props:props:989, Hillhouse Chair Purple
props:props:990, Hillhouse Chair Blue
props:props:991, Hillhouse Chair Lime
props:props:992, Hillhouse Chair Green
props:props:993, Hillhouse Chair Fuchsia
props:props:994, Hillhouse Chair Light Blue
props:props:995, Hillhouse Chair Razzle
props:props:996, Hillhouse Chair Red
props:props:997, Hillhouse Chair Pink
props:props:998, Hillhouse Chair Black
props:props:999, Hillhouse Chair Yellow
props:props:1000, Hillhouse Chair Coral
props:props:1001, Hillhouse Chair Cyan
props:props:1002, Ant Chair Brown
props:props:1003, Ant Chair Orange
props:props:1004, Ant Chair Purple
props:props:1005, Ant Chair Blue
props:props:1006, Ant Chair Lime
props:props:1007, Ant Chair Green
props:props:1008, Ant Chair Fuchsia
props:props:1009, Ant Chair Light Blue
props:props:1010, Ant Chair Razzle
props:props:1011, Ant Chair Red
props:props:1012, Ant Chair Pink
props:props:1013, Ant Chair Black
props:props:1014, Ant Chair Yellow
props:props:1015, Ant Chair Coral
props:props:1016, Ant Chair Cyan
props:props:1017, Wassily Chair Brown
props:props:1018, Wassily Chair Orange
props:props:1019, Wassily Chair Purple
props:props:1020, Wassily Chair Blue
props:props:1021, Wassily Chair Lime
props:props:1022, Wassily Chair Green
props:props:1023, Wassily Chair Fuchsia
props:props:1024, Wassily Chair Light Blue
props:props:1025, Wassily Chair Razzle
props:props:1026, Wassily Chair Red
props:props:1027, Wassily Chair Pink
props:props:1028, Wassily Chair Black
props:props:1029, Wassily Chair Yellow
props:props:1030, Wassily Chair Coral
props:props:1031, Wassily Chair Cyan
props:props:1032, Clawfoot Tub
props:props:1033, Lounge Chair
props:props:1035, CandleHolder
props:props:1036, AlchemyTable
props:props:1037, ArcheryTarget
props:props:1038, Cow Skull
props:props:1039, Patron Doll sarsum33
props:props:1040, Fallen Soldier Tribute
props:props:1041, Banana Split
props:props:1042, HotTub
props:props:1043, Fire Pit
props:props:1044, Adventsljusstake White
props:props:1045, Adventsljusstake Red
props:props:1046, Adventsljusstake Black
props:props:1047, Nativity Scene
props:props:1048, Patron Doll Crueldog
props:props:1049, White Mantel
props:props:1050, Wood Mantel Light
props:props:1051, Wood Mantel Medium
props:props:1052, Wood Mantel Dark
props:props:1053, Tinsel 1
props:props:1054, Tinsel with Baubles Red
props:props:1055, Tinsel with Baubles Yellow
props:props:1056, Tinsel with Baubles Blue
props:props:1057, Stocking 1
props:props:1058, Stocking 2
props:props:1059, Chocolate Chip Cookie Plate
props:props:1060, Sugar Cookie Plate
props:props:1061, Snickerdoodle Cookie Plate
props:props:1062, Raisin Cookie Plate
props:props:1063, Cherry Pie
props:props:1064, Key Lime Pie
props:props:1065, Blueberry Pie
props:props:1066, Apple Pie
props:props:1067, Baking Table
props:props:1068, Menorah
props:props:1069, Pool Chair
props:props:1070, Pulpit
props:props:1071, Fireplace tools
props:props:1072, Urinal
props:props:1073, Modern Toilet
props:props:1074, Umbrella Basket
props:props:1075, Video Camera
props:props:1076, Drum Set
props:props:1077, Drum Set Dark Blue
props:props:1078, Drum Set Orange
props:props:1079, Drum Set Purple
props:props:1080, Drum Set Blue
props:props:1081, Drum Set Lime
props:props:1082, Drum Set Green
props:props:1083, Drum Set Fuchsia
props:props:1084, Drum Set Light Blue
props:props:1085, DrumSet Razzle
props:props:1086, Drum Set Red
props:props:1087, DrumSet Pink
props:props:1088, Drum Set Black
props:props:1089, Drum Set Yellow
props:props:1090, Drum Set Coral
props:props:1091, Drum Set Cyan
props:props:1092, Drum Set Gray
props:props:1093, Bar Stool 1
props:props:1094, Bar Stool 1 Dark Blue
props:props:1095, Bar Stool 1 Orange
props:props:1096, Bar Stool 1 Purple
props:props:1097, Bar Stool 1 Blue
props:props:1098, Bar Stool 1 Lime
props:props:1099, Bar Stool 1 Green
props:props:1100, Bar Stool 1 Fuchsia
props:props:1101, Bar Stool 1 Light Blue
props:props:1102, Bar Stool 1 Razzle
props:props:1103, Bar Stool 1 Red
props:props:1104, Bar Stool 1 Pink
props:props:1105, Bar Stool 1 Black
props:props:1106, Bar Stool 1 Yellow
props:props:1107, Bar Stool 1 Coral
props:props:1108, Bar Stool 1 Cyan
props:props:1109, Bar Stool 1 Gray
props:props:1110, Dryer
props:props:1111, Washer
props:props:1112, Small Flat TV
props:props:1113, Medium Flat TV
props:props:1114, Large Flat TV
props:props:1115, Polaroid 1000
props:props:1116, Billiard Rack
props:props:1117, Roadwork Barrier
props:props:1118, Concrete Barrier
props:props:1119, Shopping Cart
props:props:1120, Trash Bin
props:props:1121, Trash Bin Blue
props:props:1122, Trash Bin Green
props:props:1123, Trash Bin Yellow
props:props:1124, Metal Desk
props:props:1125, Wood Desk 2
props:props:1126, Dumpster
props:props:1127, Car Park Barrier
props:props:1128, Lavabo
props:props:1129, Road cone
props:props:1130, Table Lamp 2
props:props:1131, Table Lamp 2 Dark Blue
props:props:1132, Table Lamp 2 Orange
props:props:1133, Table Lamp 2 Purple
props:props:1134, Table Lamp 2 Blue
props:props:1135, Table Lamp 2 Lime
props:props:1136, Table Lamp 2 Green
props:props:1137, Table Lamp 2 Fuchsia
props:props:1138, Table Lamp 2 Light Blue
props:props:1139, Table Lamp 2 Razzle
props:props:1140, Table Lamp 2 Red
props:props:1141, Table Lamp 2 Pink
props:props:1142, Table Lamp 2 Black
props:props:1143, Table Lamp 2 Yellow
props:props:1144, Table Lamp 2 Coral
props:props:1145, Table Lamp 2 Cyan
props:props:1146, Table Lamp 2 Gray
props:props:1147, Office Chair 1
props:props:1148, Office Chair 1 Dark Blue
props:props:1149, Office Chair 1 Orange
props:props:1150, Office Chair 1 Purple
props:props:1151, Office Chair 1 Blue
props:props:1152, Office Chair 1 Lime
props:props:1153, Office Chair 1 Green
props:props:1154, Office Chair 1 Fuchsia
props:props:1155, Office Chair 1 Light Blue
props:props:1156, Office Chair 1 Razzle
props:props:1157, Office Chair 1 Red
props:props:1158, Office Chair 1 Pink
props:props:1159, Office Chair 1 Black
props:props:1160, Office Chair 1 Yellow
props:props:1161, Office Chair 1 Coral
props:props:1162, Office Chair 1 Cyan
props:props:1163, Office Chair 1 Gray
props:props:1164, Office Chair 2
props:props:1165, Office Chair 2 Dark Blue
props:props:1166, Office Chair 2 Orange
props:props:1167, Office Chair 2 Purple
props:props:1168, Office Chair 2 Blue
props:props:1169, Office Chair 2 Lime
props:props:1170, Office Chair 2 Green
props:props:1171, Office Chair 2 Fuchsia
props:props:1172, Office Chair 2 Light Blue
props:props:1173, Office Chair 2 Razzle
props:props:1174, Office Chair 2 Red
props:props:1175, Office Chair 2 Pink
props:props:1176, Office Chair 2 Black
props:props:1177, Office Chair 2 Yellow
props:props:1178, Office Chair 2 Coral
props:props:1179, Office Chair 2 Cyan
props:props:1180, Office Chair 2 Gray
props:props:1181, Desk Lamp
props:props:1182, Desk Lamp Dark Blue
props:props:1183, Desk Lamp Orange
props:props:1184, Desk Lamp Purple
props:props:1185, Desk Lamp Blue
props:props:1186, Desk Lamp Lime
props:props:1187, Desk Lamp Green
props:props:1188, Desk Lamp Fuchsia
props:props:1189, Desk Lamp Light Blue
props:props:1190, Desk Lamp Razzle
props:props:1191, Desk Lamp Red
props:props:1192, Desk Lamp Pink
props:props:1193, Desk Lamp Black
props:props:1194, Desk Lamp Yellow
props:props:1195, Desk Lamp Coral
props:props:1196, Desk Lamp Cyan
props:props:1197, Desk Lamp Gray
props:props:1198, Door 1 Left
props:props:1199, Door 1 Right
props:props:1200, Door 1 Right Medium
props:props:1201, Door 1 Left Medium
props:props:1202, Door 1 Left Dark
props:props:1203, Door 1 Right Dark
props:props:1204, Door 2 Left Light
props:props:1205, Door 2 Right Light
props:props:1206, Door 2 Left Medium
props:props:1207, Door 2 Right Medium
props:props:1208, Door 2 Left Dark
props:props:1209, Door 2 Right Dark
props:props:1210, Door 3 Left
props:props:1211, Door 3 Right
props:props:1212, Hanging Lamp
props:props:1213, Cogniac Bottle
props:props:1214, Basket with Baguettes
props:props:1215, Market Register
props:props:1216, Corkboard
props:props:1217, Door 4 Left
props:props:1218, Door 4 Left Dark Blue
props:props:1219, Door 4 Left Orange
props:props:1220, Door 4 Left Purple
props:props:1221, Door 4 Left Blue
props:props:1222, Door 4 Left Lime
props:props:1223, Door 4 Left Green
props:props:1224, Door 4 Left Fuchsia
props:props:1225, Door 4 Left Light Blue
props:props:1226, Door 4 Left Razzle
props:props:1227, Door 4 Left Red
props:props:1228, Door 4 Left Pink
props:props:1229, Door 4 Left Black
props:props:1230, Door 4 Left Yellow
props:props:1231, Door 4 Left Coral
props:props:1232, Door 4 Left Cyan
props:props:1233, Door 4 Left Gray
props:props:1234, Door 4 Right
props:props:1235, Door 4 Right Dark Blue
props:props:1236, Door 4 Right Orange
props:props:1237, Door 4 Right Purple
props:props:1238, Door 4 Right Blue
props:props:1239, Door 4 Right Lime
props:props:1240, Door 4 Right Green
props:props:1241, Door 4 Right Fuchsia
props:props:1242, Door 4 Right Light Blue
props:props:1243, Door 4 Right Razzle
props:props:1244, Door 4 Right Red
props:props:1245, Door 4 Right Pink
props:props:1246, Door 4 Right Black
props:props:1247, Door 4 Right Yellow
props:props:1248, Door 4 Right Coral
props:props:1249, Door 4 Right Cyan
props:props:1250, Door 4 Right Gray
props:props:1251, Door 5 Left
props:props:1252, Door 5 Right
props:props:1253, Rotary Phone
props:props:1254, Upright Piano
props:props:1255, Ingolf Chair White
props:props:1256, Ingolf Chair Black
props:props:1257, Ingolf Chair Light
props:props:1258, Ingolf Chair Medium
props:props:1259, Ingolf Chair Dark
props:props:1260, Industrial Ceiling Lamp
props:props:1261, Glass Desk
props:props:1262, Industrial TV Stand White
props:props:1263, Industrial TV Stand Black
props:props:1264, Industrial TV Stand Light
props:props:1265, Industrial TV Stand Medium
props:props:1266, Industrial TV Stand Dark
props:props:1267, Borje Chair White
props:props:1268, Borje Chair White Dark Blue
props:props:1269, Borje Chair White Orange
props:props:1270, Borje Chair White Purple
props:props:1271, Borje Chair White Blue
props:props:1272, Borje Chair White Lime
props:props:1273, Borje Chair White Green
props:props:1274, Borje Chair White Fuchsia
props:props:1275, Borje Chair White Light Blue
props:props:1276, Borje Chair White Razzle
props:props:1277, Borje Chair White Red
props:props:1278, Borje Chair White Pink
props:props:1279, Borje Chair White Black
props:props:1280, Borje Chair White Yellow
props:props:1281, Borje Chair White Coral
props:props:1282, Borje Chair White Cyan
props:props:1283, Borje Chair White Gray
props:props:1284, Borje Chair Black
props:props:1285, Borje Chair Black Dark Blue
props:props:1286, Borje Chair Black Orange
props:props:1287, Borje Chair Black Purple
props:props:1288, Borje Chair Black Blue
props:props:1289, Borje Chair Black Lime
props:props:1290, Borje Chair Black Green
props:props:1291, Borje Chair Black Fuchsia
props:props:1292, Borje Chair Black Light Blue
props:props:1293, Borje Chair Black Razzle
props:props:1294, Borje Chair Black Red
props:props:1295, Borje Chair Black Pink
props:props:1296, Borje Chair Black Black
props:props:1297, Borje Chair Black Yellow
props:props:1298, Borje Chair Black Coral
props:props:1299, Borje Chair Black Cyan
props:props:1300, Borje Chair Black Gray
props:props:1301, Borje Chair Light
props:props:1302, Borje Chair Light Dark Blue
props:props:1304, Borje Chair Light Orange
props:props:1305, Borje Chair Light Purple
props:props:1306, Borje Chair Light Blue
props:props:1307, Borje Chair Light Lime
props:props:1308, Borje Chair Light Green
props:props:1309, Borje Chair Light Fuchsia
props:props:1310, Borje Chair Light Light Blue
props:props:1311, Borje Chair Light Razzle
props:props:1312, Borje Chair Light Red
props:props:1313, Borje Chair Light Pink
props:props:1314, Borje Chair Light Black
props:props:1315, Borje Chair Light Yellow
props:props:1316, Borje Chair Light Coral
props:props:1317, Borje Chair Light Cyan
props:props:1318, Borje Chair Light Gray
props:props:1319, Borje Chair Medium
props:props:1320, Borje Chair Medium Dark Blue
props:props:1321, Borje Chair Medium Orange
props:props:1322, Borje Chair Medium Purple
props:props:1323, Borje Chair Medium Blue
props:props:1324, Borje Chair Medium Lime
props:props:1325, Borje Chair Medium Green
props:props:1326, Borje Chair Medium Fuchsia
props:props:1327, Borje Chair Medium Medium Blue
props:props:1328, Borje Chair Medium Razzle
props:props:1329, Borje Chair Medium Red
props:props:1330, Borje Chair Medium Pink
props:props:1331, Borje Chair Medium Black
props:props:1332, Borje Chair Medium Yellow
props:props:1333, Borje Chair Medium Coral
props:props:1334, Borje Chair Medium Cyan
props:props:1335, Borje Chair Medium Gray
props:props:1336, Borje Chair Dark
props:props:1337, Borje Chair Dark Dark Blue
props:props:1338, Borje Chair Dark Orange
props:props:1339, Borje Chair Dark Purple
props:props:1340, Borje Chair Dark Blue
props:props:1341, Borje Chair Dark Lime
props:props:1342, Borje Chair Dark Green
props:props:1343, Borje Chair Dark Fuchsia
props:props:1344, Borje Chair Dark Light Blue
props:props:1345, Borje Chair Dark Razzle
props:props:1346, Borje Chair Dark Red
props:props:1347, Borje Chair Dark Pink
props:props:1348, Borje Chair Dark Black
props:props:1349, Borje Chair Dark Yellow
props:props:1350, Borje Chair Dark Coral
props:props:1351, Borje Chair Dark Cyan
props:props:1352, Borje Chair Dark Gray
props:props:1353, Industrial Chair
props:props:1354, Industrial Chair Dark Blue
props:props:1355, Industrial Chair Orange
props:props:1356, Industrial Chair Purple
props:props:1357, Industrial Chair Blue
props:props:1358, Industrial Chair Lime
props:props:1359, Industrial Chair Green
props:props:1360, Industrial Chair Fuchsia
props:props:1361, Industrial Chair Light Blue
props:props:1362, Industrial Chair Razzle
props:props:1363, Industrial Chair Red
props:props:1364, Industrial Chair Pink
props:props:1365, Industrial Chair Black
props:props:1366, Industrial Chair Yellow
props:props:1367, Industrial Chair Coral
props:props:1368, Industrial Chair Cyan
props:props:1369, Industrial Chair Gray
props:props:1370, Industrial Sofa
props:props:1371, Industrial Sofa Dark Blue
props:props:1372, Industrial Sofa Orange
props:props:1373, Industrial Sofa Purple
props:props:1374, Industrial Sofa Blue
props:props:1375, Industrial Sofa Lime
props:props:1376, Industrial Sofa Green
props:props:1377, Industrial Sofa Fuchsia
props:props:1378, Industrial Sofa Light Blue
props:props:1379, Industrial Sofa Razzle
props:props:1380, Industrial Sofa Red
props:props:1381, Industrial Sofa Pink
props:props:1382, Industrial Sofa Black
props:props:1383, Industrial Sofa Yellow
props:props:1384, Industrial Sofa Coral
props:props:1385, Industrial Sofa Cyan
props:props:1386, Industrial Sofa Gray
props:props:1387, Industrial FootLamp
props:props:1388, Industrial FootLamp Dark Blue
props:props:1389, Industrial FootLamp Orange
props:props:1390, Industrial FootLamp Purple
props:props:1391, Industrial FootLamp Blue
props:props:1392, Industrial FootLamp Lime
props:props:1393, Industrial FootLamp Green
props:props:1394, Industrial FootLamp Fuchsia
props:props:1395, Industrial FootLamp Light Blue
props:props:1396, Industrial FootLamp Razzle
props:props:1397, Industrial FootLamp Red
props:props:1398, Industrial FootLamp Pink
props:props:1399, Industrial FootLamp Black
props:props:1400, Industrial FootLamp Yellow
props:props:1401, Industrial FootLamp Coral
props:props:1402, Industrial FootLamp Cyan
props:props:1403, Industrial FootLamp Gray
props:props:1404, Office Chair 3
props:props:1405, Office Chair 3 Black
props:props:1406, Tulip Vase
props:props:1407, Tulip Vase Dark Blue
props:props:1408, Tulip Vase Orange
props:props:1409, Tulip Vase Purple
props:props:1410, Tulip Vase Blue
props:props:1411, Tulip Vase Lime
props:props:1412, Tulip Vase Green
props:props:1413, Tulip Vase Fuchsia
props:props:1414, Tulip Vase Light Blue
props:props:1415, Tulip Vase Razzle
props:props:1416, Tulip Vase Red
props:props:1417, Tulip Vase Pink
props:props:1418, Tulip Vase Yellow
props:props:1419, Tulip Vase Coral
props:props:1420, Tulip Vase Cyan
props:props:1421, Industrial Coffee Table Light
props:props:1422, Industrial Coffee Table Medium
props:props:1423, Industrial Coffee Table Dark
props:props:1424, Industrial Table 1 Light
props:props:1425, Industrial Table 1 Medium
props:props:1426, Industrial Table 1 Dark
props:props:1427, Industrial Table 2 Light
props:props:1428, Industrial Table 2 Medium
props:props:1429, Industrial Table 2 Dark
props:props:1430, Hanging Lamp Short
props:props:1431, Piano Stool
props:props:1432, Patron Doll Oddles
props:props:1433, Patron Doll Hazardrar
props:props:1434, Patron Doll Cottonbaler
props:props:1435, Patron Doll thatdesiree
props:clay:0, Red Crafting Clay
props:clay:1, Blue Crafting Clay
props:clay:2, Green Crafting Clay
props:tool, Decowand
DiseaseCraft:chemicalExtractor:0, Chemical Extractor
DiseaseCraft:medicalJournal, Medical Journal
DiseaseCraft:userMedicalJournal, Medical Journal
dmod:bundle, Bundle
doggytalents:throw_bone, item.doggytalents.throwbone.name
doggytalents:training_treat, Training Treat
doggytalents:super_treat, Super Treat
doggytalents:master_treat, Master Treat
doggytalents:dire_treat, Dire Treat
doggytalents:breeding_bone, Breeding Bone
doggytalents:collar_shears, Collar Shears
doggytalents:command_emblem, Command Emblem
doggytalents:doggy_charm, Doggy Charm
doggytalents:radio_collar, Radio Collar
doggytalents:wool_collar, Wool Collar
doggytalents:fancy_collar:0, Creative Collar
doggytalents:fancy_collar:1, Spotted Collar
doggytalents:fancy_collar:2, Multicoloured Collar
doggytalents:radar:0, Radar
doggytalents:whistle, Whistle
doggytalents:treat_bag, Treat Bag
doggytalents:chew_stick, Chew Stick
doggytalents:cape, Tartan Cape
doggytalents:cape_coloured, Coloured Cape
doggytalents:sunglasses, Dog Sunglasses
doggytalents:leather_jacket, Leather Jacket
doggytalents:tiny_bone, Tiny Bone
doggytalents:big_bone, Big Bone
DraconicEvolution:draconicDistructionStaff:0, Draconic Staff of Power
DraconicEvolution:draconicDistructionStaff:0, Draconic Staff of Power
DraconicEvolution:draconicPickaxe:0, Draconic Pickaxe
DraconicEvolution:draconicPickaxe:0, Draconic Pickaxe
DraconicEvolution:draconicAxe:0, Draconic Axe
DraconicEvolution:draconicAxe:0, Draconic Axe
DraconicEvolution:draconicShovel:0, Draconic Shovel
DraconicEvolution:draconicShovel:0, Draconic Shovel
DraconicEvolution:draconicHoe, Draconic Hoe
DraconicEvolution:draconicSword, Draconic Sword
DraconicEvolution:draconicBow:0, Draconic Bow
DraconicEvolution:draconicBow:0, Draconic Bow
DraconicEvolution:draconicHelm, Draconic Helm
DraconicEvolution:draconicChest, Draconic Chestplate
DraconicEvolution:draconicLeggs, Draconic Leggings
DraconicEvolution:draconicBoots, Draconic Boots
DraconicEvolution:wyvernPickaxe:0, Pickaxe of the Wyvern
DraconicEvolution:wyvernPickaxe:0, Pickaxe of the Wyvern
DraconicEvolution:wyvernShovel:0, Shovel of the Wyvern
DraconicEvolution:wyvernShovel:0, Shovel of the Wyvern
DraconicEvolution:wyvernSword, Sword of the Wyvern
DraconicEvolution:wyvernBow:0, Bow of the Wyvern
DraconicEvolution:wyvernBow:0, Bow of the Wyvern
DraconicEvolution:wyvernHelm, Wyvern Helm
DraconicEvolution:wyvernChest, Wyvern Chestplate
DraconicEvolution:wyvernLeggs, Wyvern Leggings
DraconicEvolution:wyvernBoots, Wyvern Boots
DraconicEvolution:draconicCore, Draconic Core
DraconicEvolution:wyvernCore, Wyvern Core
DraconicEvolution:awakenedCore, Awakened Core
DraconicEvolution:chaoticCore, Chaotic Core
DraconicEvolution:draconiumDust, Draconium Dust
DraconicEvolution:draconiumIngot, Draconium Ingot
DraconicEvolution:draconiumBlend, Draconium Blend (Depreciated)
DraconicEvolution:dragonHeart, Dragon Heart
DraconicEvolution:teleporterMKI, Charm of Dislocation
DraconicEvolution:teleporterMKII, Enhanced Charm of Dislocation
DraconicEvolution:tclogo, TCLogo
DraconicEvolution:sunFocus, Solar Focus
DraconicEvolution:mobSoul, Mob Soul
DraconicEvolution:enderArrow, Ender Arrow
DraconicEvolution:safetyMatch:0, Box of Safety Matches
DraconicEvolution:safetyMatch:1000, Safety Match
DraconicEvolution:key:0, Key
DraconicEvolution:key:1, Key
DraconicEvolution:creativeStructureSpawner:0, Spawn Comet
DraconicEvolution:creativeStructureSpawner:1, Spawn Ender Island
DraconicEvolution:adminSpawnEgg, item.draconicevolution:adminSpawnEgg.name
DraconicEvolution:infoTablet, Draconic Evolution Information Tablet
DraconicEvolution:draconicIngot, Awakened Draconium Ingot
DraconicEvolution:draconiumEnergyCore:0, Wyvern Energy Core
DraconicEvolution:draconiumEnergyCore:1, Draconic Energy Core
DraconicEvolution:draconiumFluxCapacitor, item.draconicevolution:draconiumFluxCapacitor.name
DraconicEvolution:wrench, Crystal Binder
DraconicEvolution:chaosShard, Chaos Shard
DraconicEvolution:reactorCraftingPart:0, Reactor Stabilizer Frame
DraconicEvolution:reactorCraftingPart:1, Reactor Stabilizer Inner Rotor
DraconicEvolution:reactorCraftingPart:2, Reactor Stabilizer Outer Rotor
DraconicEvolution:reactorCraftingPart:3, Reactor Stabilizer Rotor Assembly
DraconicEvolution:reactorCraftingPart:4, Reactor Stabilizer Focus Ring
DraconicEvolution:nugget:0, Draconium Nugget
DraconicEvolution:nugget:1, Awakened Draconium Nugget
DraconicEvolution:chaosFragment:0, Tiny Chaos Fragment
DraconicEvolution:chaosFragment:1, Small Chaos Fragment
DraconicEvolution:chaosFragment:2, Large Chaos Fragment
DraconicEvolution:magnet:0, Item Dislocator
DraconicEvolution:magnet:1, Awakened Item Dislocator
DraconicEvolution:dezilsMarshmallow, Dezil's Marshmallow
dyetopia:item.bucketDyeRed, Red Liquid Dye Bucket
dyetopia:item.bucketDyeYellow, Yellow Liquid Dye Bucket
dyetopia:item.bucketDyeBlue, Blue Liquid Dye Bucket
dyetopia:item.bucketDyeWhite, White Liquid Dye Bucket
dyetopia:item.bucketDyePure, Pure Liquid Dye Bucket
dyetopia:item.eraser, Eraser
dyetopia:item.dyeBlank, Dye Blank
dyetopia:item.dyeGun:0, Dye Gun
dyetopia:item.dyeGun:1, Creative Dye Gun
dyetopia:item.dyemeal, Dyemeal
dyetopia:item.dyeDrop:0, Red Dye Drop
dyetopia:item.dyeDrop:1, Yellow Dye Drop
dyetopia:item.dyeDrop:2, Blue Dye Drop
dyetopia:item.dyeDrop:3, Pure Dye Drop
dyetopia:item.dyeBeans:0, Red Dye Beans
dyetopia:item.dyeBeans:1, Yellow Dye Beans
dyetopia:item.dyeBeans:2, Blue Dye Beans
dyetopia:itemdyeChunk:0, White Chunk of Dye
dyetopia:itemdyeChunk:1, Orange Chunk of Dye
dyetopia:itemdyeChunk:2, Magenta Chunk of Dye
dyetopia:itemdyeChunk:3, LightBlue Chunk of Dye
dyetopia:itemdyeChunk:4, Yellow Chunk of Dye
dyetopia:itemdyeChunk:5, Lime Chunk of Dye
dyetopia:itemdyeChunk:6, Pink Chunk of Dye
dyetopia:itemdyeChunk:7, Gray Chunk of Dye
dyetopia:itemdyeChunk:8, LightGray Chunk of Dye
dyetopia:itemdyeChunk:9, Cyan Chunk of Dye
dyetopia:itemdyeChunk:10, Purple Chunk of Dye
dyetopia:itemdyeChunk:11, Blue Chunk of Dye
dyetopia:itemdyeChunk:12, Brown Chunk of Dye
dyetopia:itemdyeChunk:13, Green Chunk of Dye
dyetopia:itemdyeChunk:14, Red Chunk of Dye
dyetopia:itemdyeChunk:15, Black Chunk of Dye
DynamicCraft:item.fireWand:0, Fire Wand
DynamicCraft:item.aquaWand:0, item.aquaWand.name
DynamicCraft:item.baseRune:0, Base Rune
DynamicCraft:item.aquaRune:0, Aqua Rune
DynamicCraft:item.fireRune:0, Fire Rune
DynamicCraft:item.earthRune:0, Earth Rune
DynamicCraft:item.dynamicShard, Dynamic Pearl Shard
DynamicCraft:item.dynamicPearl, Dynamic Pearl
DynamicCraft:item.magicCollector, Magic Collector
EggyGoodness:eggSandwich, Egg Sandwich
EggyGoodness:friedDoubleYolkEgg, Fried Double-Yolk Egg
EggyGoodness:friedEgg, Fried Egg
EggyGoodness:hardBoiledEgg, Hard Boiled Egg
EggyGoodness:rawDoubleYolkEgg, Raw Double-Yolk Egg
EggyGoodness:rawEgg, Raw Egg
EggyGoodness:rawScrambledEgg, Raw Scrambled Egg
EggyGoodness:scrambledEgg, Scrambled Egg
EggyGoodness:softBoiledEgg, Soft Boiled Egg
EggyGoodness:unpeeledHardBoiledEgg, Unpeeled Hard Boiled Egg
EggyGoodness:unpeeledHardBoiledGoldenEgg, Unpeeled Hard Boiled Golden Egg
EggyGoodness:unpeeledHardBoiledDiamondGoldenEgg, Unpeeled Hard Boiled Fabergé Egg
EggyGoodness:unpeeledHardBoiledEmeraldGoldenEgg, Unpeeled Hard Boiled Fabergé Egg
EggyGoodness:unpeeledSoftBoiledEgg, Unpeeled Soft Boiled Egg
EggyGoodness:unpeeledSoftBoiledGoldenEgg, Unpeeled Soft Boiled Golden Egg
EggyGoodness:unpeeledSoftBoiledDiamondGoldenEgg, Unpeeled Soft Boiled Fabergé Egg
EggyGoodness:unpeeledSoftBoiledEmeraldGoldenEgg, Unpeeled Soft Boiled Fabergé Egg
EggyGoodness:diamondGoldenEgg, Diamond Fabergé Egg
EggyGoodness:emeraldGoldenEgg, Emerald Fabergé Egg
EggyGoodness:goldenEgg, Golden Egg
EggyGoodness:goldenFeather, Golden Feather
EggyGoodness:goldDust, Gold Dust
EggyGoodness:eggnog, Eggnog
Eln:eln.itemCreativeTab, item.eln:elncreativetab.name
Eln:Eln.sharedItem:6279, Lead Fuse for low voltage cables
Eln:Eln.sharedItem:6280, Lead Fuse for medium voltage cables
Eln:Eln.sharedItem:6281, Lead Fuse for high voltage cables
Eln:Eln.sharedItem:6282, Lead Fuse for very high voltage cables
Eln:Eln.sharedItem:64, Small 50V Copper Heating Corp
Eln:Eln.sharedItem:65, 50V Copper Heating Corp
Eln:Eln.sharedItem:66, Small 200V Copper Heating Corp
Eln:Eln.sharedItem:67, 200V Copper Heating Corp
Eln:Eln.sharedItem:68, Small 50V Iron Heating Corp
Eln:Eln.sharedItem:69, 50V Iron Heating Corp
Eln:Eln.sharedItem:70, Small 200V Iron Heating Corp
Eln:Eln.sharedItem:71, 200V Iron Heating Corp
Eln:Eln.sharedItem:72, Small 50V Tungsten Heating Corp
Eln:Eln.sharedItem:73, 50V Tungsten Heating Corp
Eln:Eln.sharedItem:74, Small 200V Tungsten Heating Corp
Eln:Eln.sharedItem:75, 200V Tungsten Heating Corp
Eln:Eln.sharedItem:76, Small 800V Tungsten Heating Corp
Eln:Eln.sharedItem:77, 800V Tungsten Heating Corp
Eln:Eln.sharedItem:78, Small 3.2kV Tungsten Heating Corp
Eln:Eln.sharedItem:79, 3.2kV Tungsten Heating Corp
Eln:Eln.sharedItem:192, On/OFF_Regulator_1_Percent.name
Eln:Eln.sharedItem:193, On/OFF_Regulator_10_Percent.name
Eln:Eln.sharedItem:200, Analogic Regulator
Eln:Eln.sharedItem:256, Small 50V Incandescent Light Bulb
Eln:Eln.sharedItem:257, 50V Incandescent Light Bulb
Eln:Eln.sharedItem:258, 200V Incandescent Light Bulb
Eln:Eln.sharedItem:260, Small 50V Carbon Incandescent Light Bulb
Eln:Eln.sharedItem:261, 50V Carbon Incandescent Light Bulb
Eln:Eln.sharedItem:272, Small 50V Economic Light Bulb
Eln:Eln.sharedItem:273, 50V Economic Light Bulb
Eln:Eln.sharedItem:274, 200V Economic Light Bulb
Eln:Eln.sharedItem:288, 50V Farming Lamp
Eln:Eln.sharedItem:292, 200V Farming Lamp
Eln:Eln.sharedItem:293, 50V LED Bulb
Eln:Eln.sharedItem:294, 200V LED Bulb
Eln:Eln.sharedItem:320, Overheating Protection
Eln:Eln.sharedItem:321, Overvoltage Protection
Eln:Eln.sharedItem:384, Combustion Chamber
Eln:Eln.sharedItem:385, Thermal Insulation
Eln:Eln.sharedItem:448, Cheap Ferromagnetic Core
Eln:Eln.sharedItem:449, Average Ferromagnetic Core
Eln:Eln.sharedItem:450, Optimal Ferromagnetic Core
Eln:Eln.sharedItem:513, Copper Ingot
Eln:Eln.sharedItem:516, Lead Ingot
Eln:Eln.sharedItem:517, Tungsten Ingot
Eln:Eln.sharedItem:518, Ferrite Ingot
Eln:Eln.sharedItem:519, Alloy Ingot
Eln:Eln.sharedItem:520, Mercury
Eln:Eln.sharedItem:577, Copper Dust
Eln:Eln.sharedItem:578, Iron Dust
Eln:Eln.sharedItem:579, Lapis_Dust.name
Eln:Eln.sharedItem:580, Diamond_Dust.name
Eln:Eln.sharedItem:5, Lead Dust
Eln:Eln.sharedItem:6, Tungsten Dust
Eln:Eln.sharedItem:7, Gold Dust
Eln:Eln.sharedItem:8, Coal Dust
Eln:Eln.sharedItem:9, Alloy Dust
Eln:Eln.sharedItem:10, Cinnabar Dust
Eln:Eln.sharedItem:640, Electrical Motor
Eln:Eln.sharedItem:641, Advanced Electrical Motor
Eln:Eln.sharedItem:704, Solar Tracker
Eln:Eln.sharedItem:896, Multimeter
Eln:Eln.sharedItem:897, Thermometer
Eln:Eln.sharedItem:898, Universal-Meter
Eln:Eln.sharedItem:904, Wireless Analyzer
Eln:Eln.sharedItem:912, Config Copy Tool
Eln:Eln.sharedItem:960, Cheap Electrical Drill
Eln:Eln.sharedItem:961, Average Electrical Drill
Eln:Eln.sharedItem:962, Fast Electrical Drill
Eln:Eln.sharedItem:963, Turbo_Electrical_Drill.name
Eln:Eln.sharedItem:964, Irresponsible_Electrical_Drill.name
Eln:Eln.sharedItem:1024, Ore Scanner
Eln:Eln.sharedItem:1088, Mining Pipe
Eln:Eln.sharedItem:4096, Tree Resin
Eln:Eln.sharedItem:4097, Rubber
Eln:Eln.sharedItem:4160, Copper Cable
Eln:Eln.sharedItem:4161, Iron Cable
Eln:Eln.sharedItem:4162, Tungsten Cable
Eln:Eln.sharedItem:4416, Graphite_Rod.name
Eln:Eln.sharedItem:4417, 2x_Graphite_Rods.name
Eln:Eln.sharedItem:4418, 3x_Graphite_Rods.name
Eln:Eln.sharedItem:4419, 4x_Graphite_Rods.name
Eln:Eln.sharedItem:4420, Synthetic_Diamond.name
Eln:Eln.sharedItem:4421, unreleasedium.name
Eln:Eln.sharedItem:4422, Arc_Clay_Ingot.name
Eln:Eln.sharedItem:4423, Arc_Metal_Ingot.name
Eln:Eln.sharedItem:4424, Inert_Canister.name
Eln:Eln.sharedItem:4427, Canister_of_Water.name
Eln:Eln.sharedItem:4428, Canister_of_Arc_Water.name
Eln:Eln.sharedItem:7616, Black Brush
Eln:Eln.sharedItem:7617, Red Brush
Eln:Eln.sharedItem:7618, Green Brush
Eln:Eln.sharedItem:7619, Brown Brush
Eln:Eln.sharedItem:7620, Blue Brush
Eln:Eln.sharedItem:7621, Purple Brush
Eln:Eln.sharedItem:7622, Cyan Brush
Eln:Eln.sharedItem:7623, Silver Brush
Eln:Eln.sharedItem:7624, Gray Brush
Eln:Eln.sharedItem:7625, Pink Brush
Eln:Eln.sharedItem:7626, Lime Brush
Eln:Eln.sharedItem:7627, Yellow Brush
Eln:Eln.sharedItem:7628, Light Blue Brush
Eln:Eln.sharedItem:7629, Magenta Brush
Eln:Eln.sharedItem:7630, Orange Brush
Eln:Eln.sharedItem:7631, White Brush
Eln:Eln.sharedItem:7680, Cheap Chip
Eln:Eln.sharedItem:7681, Advanced Chip
Eln:Eln.sharedItem:7682, Machine Block
Eln:Eln.sharedItem:7683, Electrical Probe Chip
Eln:Eln.sharedItem:7684, Thermal Probe Chip
Eln:Eln.sharedItem:7686, Copper Plate
Eln:Eln.sharedItem:7687, Iron Plate
Eln:Eln.sharedItem:7688, Gold Plate
Eln:Eln.sharedItem:7689, Lead Plate
Eln:Eln.sharedItem:7690, Silicon Plate
Eln:Eln.sharedItem:7691, Alloy Plate
Eln:Eln.sharedItem:7692, Coal Plate
Eln:Eln.sharedItem:7696, Silicon Dust
Eln:Eln.sharedItem:7697, Silicon Ingot
Eln:Eln.sharedItem:7702, Machine Booster
Eln:Eln.sharedItem:7703, Advanced Machine Block
Eln:Eln.sharedItem:7708, Basic Magnet
Eln:Eln.sharedItem:7709, Advanced Magnet
Eln:Eln.sharedItem:7713, Signal Antenna
Eln:Eln.sharedItem:7720, Player Filter
Eln:Eln.sharedItem:7721, Monster Filter
Eln:Eln.sharedItem:7722, Animal Filter
Eln:Eln.sharedItem:7728, Wrench
Eln:Eln.sharedItem:7732, Dielectric
Eln:Eln.sharedItem:7733, Casing
Eln:Eln.sharedItem:7734, Iron_Clutch_Plate.name
Eln:Eln.sharedItem:7735, Clutch_Pin.name
Eln:Eln.sharedItem:7736, Gold_Clutch_Plate.name
Eln:Eln.sharedItem:7737, Copper_Clutch_Plate.name
Eln:Eln.sharedItem:7738, Lead_Clutch_Plate.name
Eln:Eln.sharedItem:7739, Coal_Clutch_Plate.name
Eln:Eln.sharedItem:8064, Silicon Wafer
Eln:Eln.sharedItem:8065, Transistor
Eln:Eln.sharedItem:8066, NTC_Thermistor.name
Eln:Eln.sharedItem:8067, Nibble Memory Chip
Eln:Eln.sharedItem:8068, Arithmetic Logic Unit
Eln:Eln.sharedItemStackOne:7744, Small Flashlight
Eln:Eln.sharedItemStackOne:7745, Improved Flashlight
Eln:Eln.sharedItemStackOne:7752, Portable Electrical Mining Drill
Eln:Eln.sharedItemStackOne:7756, Portable Electrical Axe
Eln:Eln.sharedItemStackOne:7808, Portable Battery
Eln:Eln.sharedItemStackOne:7809, Portable Battery Pack
Eln:Eln.sharedItemStackOne:7824, Portable Capacitor
Eln:Eln.sharedItemStackOne:7825, Portable Capacitor Pack
Eln:Eln.sharedItemStackOne:7840, X-Ray Scanner
Eln:Eln.sharedItemStackOne:7936, Small Fuel Burner
Eln:Eln.sharedItemStackOne:7937, Medium Fuel Burner
Eln:Eln.sharedItemStackOne:7938, Big Fuel Burner
Eln:Eln.Copper Helmet, Copper Helmet
Eln:Eln.Copper Chestplate, Copper Chestplate
Eln:Eln.Copper Leggings, Copper Leggings
Eln:Eln.Copper Boots, Copper Boots
Eln:Eln.E-Coal Helmet, E-Coal Helmet
Eln:Eln.E-Coal Chestplate, E-Coal Chestplate
Eln:Eln.E-Coal Leggings, E-Coal Leggings
Eln:Eln.E-Coal Boots, E-Coal Boots
Eln:Eln.Copper Sword, Copper Sword
Eln:Eln.Copper Hoe, Copper Hoe
Eln:Eln.Copper Shovel, Copper Shovel
Eln:Eln.Copper Pickaxe, Copper Pickaxe
Eln:Eln.Copper Axe, Copper Axe
chocolatemod:item.ChocoBall, Chocolate Ball
chocolatemod:item.ChocoStick, Chocolate Stick
chocolatemod:item.ChocoDough, Chocolate Dough
chocolatemod:item.ChocoPick, Chocolate Pickaxe
chocolatemod:item.ChocoAxe, Chocolate Axe
chocolatemod:item.ChocoSpade, Chocolate Shovel
chocolatemod:item.ChocoSword, Chocolate Sword
chocolatemod:item.ChocoHoe, Chocolate Hoe
chocolatemod:item.ChocoHelmet, Chocolate Helmet
chocolatemod:item.ChocoChestplate, Chocolate Chestplate
chocolatemod:item.ChocoLeggings, Chocolate Leggings
chocolatemod:item.ChocoBoots, Chocolate Boots
chocolatemod:item.ChocoMilk, Chocolate Milk Bucket
chocolatemod:item.ChocoBar, Chocolate Bar
elytra_mining:iron_flat_hammer, Iron Flat Hammer (3x3)
elytra_mining:diamond_flat_hammer, Diamond Flat Hammer (5x5)
elytra_mining:cube_iron_hammer, Iron Cubic Hammer (3x3x3)
elytra_mining:cube_diamond_hammer, Diamond Cubic Hammer (5x5x5)
Enchiridion:items:1, Book Binder
Enchiridion2:book:0, Create New Book
Enchiridion2:book:0, Introduction Book
enderlicious:material:0, Sugilite
enderlicious:SugiliteHelmet, Sugilite Helmet
enderlicious:SugiliteChestPlate, Sugilite Chestplate
enderlicious:SugiliteLeggings, Sugilite Leggings
enderlicious:SugiliteBoots, Sugilite Boots
enderlicious:SugiliteShovel, Sugilite Shovel
enderlicious:SugilitePickaxe, Sugilite Pickaxe
enderlicious:SugiliteAxe, Sugilite Axe
enderlicious:SugiliteHoe, Sugilite Hoe
enderlicious:SugiliteSword, Sugilite Sword
enderRift:itemEnderRift, item.enderRift.itemEnderRift.name
EnderTech:endertech.exchanger:0, Creative Exchanger
EnderTech:endertech.exchanger:1, Redstone Exchanger
EnderTech:endertech.exchanger:2, Resonant Exchanger
enderutilities:enderpart:0, Ender Alloy (Basic)
enderutilities:enderpart:1, Ender Alloy (Enhanced)
enderutilities:enderpart:2, Ender Alloy (Advanced)
enderutilities:enderpart:10, Inactive Ender Core (Basic)
enderutilities:enderpart:11, Inactive Ender Core (Enhanced)
enderutilities:enderpart:12, Inactive Ender Core (Advanced)
enderutilities:enderpart:15, Ender Core (Basic)
enderutilities:enderpart:16, Ender Core (Enhanced)
enderutilities:enderpart:17, Ender Core (Advanced)
enderutilities:enderpart:20, Ender Infused Stick
enderutilities:enderpart:21, Ender Rope
enderutilities:enderpart:40, Ender Relic
enderutilities:enderpart:45, Jailer module
enderutilities:enderpart:50, Memory Card (misc)
enderutilities:enderpart:51, Memory Card (items) 6 B
enderutilities:enderpart:52, Memory Card (items) 8 B
enderutilities:enderpart:53, Memory Card (items) 10 B
enderutilities:enderpart:54, Memory Card (items) 12 B
enderutilities:endercapacitor:0, Ender Capacitor (Basic)
enderutilities:endercapacitor:0, Ender Capacitor (Basic)
enderutilities:endercapacitor:1, Ender Capacitor (Enhanced)
enderutilities:endercapacitor:1, Ender Capacitor (Enhanced)
enderutilities:endercapacitor:2, Ender Capacitor (Advanced)
enderutilities:endercapacitor:2, Ender Capacitor (Advanced)
enderutilities:endercapacitor:3, Ender Capacitor (Creative)
enderutilities:endercapacitor:3, Ender Capacitor (Creative)
enderutilities:linkcrystal:0, Link Crystal (location)
enderutilities:linkcrystal:1, Link Crystal (block)
enderutilities:builderswand, Wand of the Lazy Builder
enderutilities:enderarrow, Ender Arrow
enderutilities:enderbag, Ender Bag
enderutilities:enderbow, Ender Bow
enderutilities:enderbucket, Ender Bucket
enderutilities:enderlasso, Ender Lasso
enderutilities:enderpearlreusable:0, Ender Pearl (reusable)
enderutilities:enderpearlreusable:1, Elite Ender Pearl (reusable)
enderutilities:enderporter:0, Ender Porter
enderutilities:enderporter:1, Advanced Ender Porter
enderutilities:endersword, Ender Sword
enderutilities:endertool, item.enderutilities.endertool.name
enderutilities:handybag:0, Handy Bag
enderutilities:handybag:1, Handy Bag (Large)
enderutilities:inventoryswapper:0, Inventory Swapper MC: §a1§r§f P: §a1§r§f
enderutilities:livingmanipulator, Living Matter Manipulator
enderutilities:mobharness, Mob Harness
enderutilities:pickupmanager, Item Pickup Manager
enderutilities:portalscaler, Portal Scaler
enderutilities:ruler, Ruler
epm:mortar_and_pestle, §8Mortar and Pestle
epm:diamond_powder, Diamond Powder
epm:iron_powder, Iron Powder
epm:emerald_powder, Emerald Powder
epm:coal_powder, Coal Powder
epm:lapis_lazuli_powder, Lapis Lazuli Powder
epm:gold_powder, Gold Powder
epm:nether_quartz_powder, Nether Quartz Powder
epm:nether_brick_powder, Nether Brick Powder
epm:nether_star_powder, Nether Star Powder
epm:ender_pearl_powder, Ender Pearl Powder
epm:slime_powder, Slime Powder
epm:wheat_powder, Wheat Powder
epm:leather_powder, Leather Powder
eraser bomb:Eraser_Bomb:0, Eraser Bomb Akane Mk-1
eraser bomb:Eraser_Bomb:1, Eraser Bomb Akane Mk-2
eraser bomb:Eraser_Bomb:2, Eraser Bomb Akane Mk-3
eraser bomb:Eraser_Bomb:3, Eraser Bomb Akane Mk-4
eraser bomb:Eraser_Bomb:4, Eraser Bomb Akane Mk-5
eraser bomb:Eraser_Bomb:5, Eraser Bomb Akane Mk-6
eraser bomb:Eraser_Bomb:6, Eraser Bomb Aoi Mk-1
eraser bomb:Eraser_Bomb:7, Eraser Bomb Aoi Mk-2
eraser bomb:Eraser_Bomb:8, Eraser Bomb Aoi Mk-3
eraser bomb:Eraser_Bomb:9, Eraser Bomb Aoi Mk-4
eraser bomb:Eraser_Bomb:10, Eraser Bomb Aoi Mk-5
eraser bomb:Eraser_Bomb:11, Eraser Bomb Aoi Mk-6
eraser bomb:Eraser_Bomb:12, Eraser Bomb Yukari Mk-1
eraser bomb:Eraser_Bomb:13, Eraser Bomb Yukari Mk-2
eraser bomb:Eraser_Bomb:14, Eraser Bomb Yukari Mk-3
eraser bomb:Eraser_Bomb:15, Eraser Bomb Yukari Mk-4
eraser bomb:Eraser_Bomb:16, Eraser Bomb Yukari Mk-5
eraser bomb:Eraser_Bomb:17, Eraser Bomb Yukari Mk-6
eternalsingularity:eternal_singularity, item.null.name
eureka:engineeringDiary, Engineering Diary
emf:ItemJelly, Green Jelly
emf:ItemDonuts, Donuts
emf:ItemCheese, Cheese
emf:ItemPizza, Pizza
emf:ItemSandwich, Sandwich
emf:ItemCheeseSandwich, Cheese Sandwich
emf:ItemDough, Dough
emf:ItemCookedNachos, Cooked Nachos
emf:ItemRawNachos, Raw Nachos
emf:itemKnife, Knife
emf:itemSlicedBread, Sliced Bread
ewysworkshop:WorkshopTableUpgrade:0, Blank Upgrade
ewysworkshop:WorkshopTableUpgrade:1, Auto Crafter Upgrade
ewysworkshop:WorkshopTableUpgrade:2, Storage Upgrade
ewysworkshop:WorkshopTableUpgrade:3, Charger Upgrade
ewysworkshop:WorkshopTableUpgrade:4, Speed Upgrade
ewysworkshop:WorkshopTableUpgrade:5, Queueing Upgrade
ewysworkshop:WorkshopTableUpgrade:6, Efficiency Upgrade
ewysworkshop:WorkshopTableUpgrade:7, Lava Power Upgrade
ewysworkshop:WorkshopTableUpgrade:8, RF Acceptor Upgrade
ewysworkshop:WorkshopTableUpgrade:9, Solar Power Upgrade
ewysworkshop:WorkshopTableUpgrade:10, Auto Transfer Upgrade
ewysworkshop:WorkshopTableUpgrade:11, Filter Upgrade
ewysworkshop:WorkshopTableUpgrade:12, Transfer Capacity Upgrade
golems:item.golem_paper, §cGolem Spell§r
golems:item.spawn_bedrock_golem, Spawn Bedrock Golem
extracells:part.base:0, ME Fluid Export Bus
extracells:part.base:1, ME Fluid Import Bus
extracells:part.base:2, ME Fluid Storage Bus
extracells:part.base:3, ME Fluid Terminal
extracells:part.base:4, ME Fluid Level Emitter
extracells:part.base:5, ME Fluid Annihilation Plane
extracells:part.base:6, ME Fluid Formation Plane
extracells:part.base:7, ME Drive Fixture
extracells:part.base:8, ME Energy Cell Fixture
extracells:part.base:9, ME Fluid Interface
extracells:part.base:10, ME Fluid Storage Monitor
extracells:part.base:11, ME Fluid Conversion Monitor
extracells:part.base:12, ME Ore Dictionary Export Bus
extracells:part.base:13, ME Gas Import Bus
extracells:part.base:14, ME Gas Export Bus
extracells:part.base:15, ME Gas Terminal
extracells:part.base:16, ME Gas Storage Bus
extracells:part.base:17, ME Gas Level Emitter
extracells:part.base:18, ME Gas Storage Monitor
extracells:part.base:19, ME Gas Conversion Monitor
extracells:storage.fluid:0, ME 1k Fluid Storage
extracells:storage.fluid:1, ME 4k Fluid Storage
extracells:storage.fluid:2, ME 16k Fluid Storage
extracells:storage.fluid:3, ME 64k Fluid Storage
extracells:storage.fluid:4, ME 256k Fluid Storage
extracells:storage.fluid:5, ME 1024k Fluid Storage
extracells:storage.fluid:6, ME 4096k Fluid Storage
extracells:storage.physical:0, ME 256k Storage
extracells:storage.physical:1, ME 1024k Storage
extracells:storage.physical:2, ME 4096k Storage
extracells:storage.physical:3, ME 16384k Storage
extracells:storage.physical:4, ME Block Container - Empty
extracells:storage.physical:4, ME Block Container - Empty
extracells:storage.physical.advanced.singularity, item.extracells.storage.physical.advanced.singularity.name
extracells:storage.physical.advanced.quantum, item.extracells.storage.physical.advanced.quantum.name
extracells:storage.physical.void, item.extracells.storage.physical.void.name
extracells:storage.gas:0, ME 1k Gas Storage
extracells:storage.gas:1, ME 4k Gas Storage
extracells:storage.gas:2, ME 16k Gas Storage
extracells:storage.gas:3, ME 64k Gas Storage
extracells:storage.gas:4, ME 256k Gas Storage
extracells:storage.gas:5, ME 1024k Gas Storage
extracells:storage.gas:6, ME 4096k Gas Storage
extracells:pattern.fluid, item.extracells.pattern.fluid.name
extracells:terminal.fluid.wireless, item.extracells.terminal.fluid.wireless.name
extracells:storage.component:0, 256k ME Storage Component
extracells:storage.component:1, 1024k ME Storage Component
extracells:storage.component:2, 4096k ME Storage Component
extracells:storage.component:3, 16384k ME Storage Component
extracells:storage.component:4, 1k ME Fluid Storage Component
extracells:storage.component:5, 4k ME Fluid Storage Component
extracells:storage.component:6, 16k ME Fluid Storage Component
extracells:storage.component:7, 64k ME Fluid Storage Component
extracells:storage.component:8, 256k ME Fluid Storage Component
extracells:storage.component:9, 1024k ME Fluid Storage Component
extracells:storage.component:10, 4096k ME Fluid Storage Component
extracells:storage.component:11, 1k ME Gas Storage Component
extracells:storage.component:12, 4k ME Gas Storage Component
extracells:storage.component:13, 16k ME Gas Storage Component
extracells:storage.component:14, 64k ME Gas Storage Component
extracells:storage.component:15, 256k ME Gas Storage Component
extracells:storage.component:16, 1024k ME Gas Storage Component
extracells:storage.component:17, 4096k ME Gas Storage Component
extracells:storage.casing:0, Advanced Storage Housing
extracells:storage.casing:1, Fluid Storage Housing
extracells:storage.casing:2, Gas Storage Housing
extracells:fluid.item, item.extracells.fluid.item.name
extracells:storage.fluid.portable, item.extracells.storage.fluid.portable.name
extracells:storage.gas.portable, item.extracells.storage.gas.portable.name
extracells:pattern.crafting, item.extracells.pattern.crafting.name
extracells:terminal.universal.wireless, item.extracells.terminal.universal.wireless.name
extracells:terminal.gas.wireless, item.extracells.terminal.gas.wireless.name
extracells:oc.upgrade, ME Upgrade
extracoal:cactus_charcoal, Cactus Charcoal
extracoal:cactus_coke, Cactus Coke
extracoal:sugar_charcoal, Sugar Charcoal
extracoal:sugar_coke, Sugar Coke
Metallurgy:base.dust:0, Copper Dust
Metallurgy:base.dust:1, Tin Dust
Metallurgy:base.dust:2, Manganese Dust
Metallurgy:base.dust:3, Bronze Dust
Metallurgy:base.dust:4, Hepatizon Dust
Metallurgy:base.dust:5, Damascus Steel Dust
Metallurgy:base.dust:6, Angmallen Dust
Metallurgy:base.dust:7, Steel Dust
Metallurgy:copper.ingot:0, Copper Ingot
Metallurgy:base.nugget:0, Copper Nugget
Metallurgy:base.nugget:1, Tin Nugget
Metallurgy:base.nugget:2, Manganese Nugget
Metallurgy:base.nugget:3, Bronze Nugget
Metallurgy:base.nugget:4, Hepatizon Nugget
Metallurgy:base.nugget:5, Damascus Steel Nugget
Metallurgy:base.nugget:6, Angmallen Nugget
Metallurgy:base.nugget:7, Steel Nugget
Metallurgy:copper.axe, Copper Axe
Metallurgy:copper.hoe, Copper Hoe
Metallurgy:copper.pickaxe, Copper Pickaxe
Metallurgy:copper.shovel, Copper Shovel
Metallurgy:copper.sword, Copper Sword
Metallurgy:metallurgy.copper.helmet, Copper Helmet
Metallurgy:metallurgy.copper.chestplate, Copper Chestplate
Metallurgy:metallurgy.copper.leggings, Copper Leggings
Metallurgy:metallurgy.copper.boots, Copper Boots
Metallurgy:tin.ingot:0, Tin Ingot
Metallurgy:manganese.ingot:0, Manganese Ingot
Metallurgy:bronze.ingot:0, Bronze Ingot
Metallurgy:bronze.axe, Bronze Axe
Metallurgy:bronze.hoe, Bronze Hoe
Metallurgy:bronze.pickaxe, Bronze Pickaxe
Metallurgy:bronze.shovel, Bronze Shovel
Metallurgy:bronze.sword, Bronze Sword
Metallurgy:metallurgy.bronze.helmet, Bronze Helmet
Metallurgy:metallurgy.bronze.chestplate, Bronze Chestplate
Metallurgy:metallurgy.bronze.leggings, Bronze Leggings
Metallurgy:metallurgy.bronze.boots, Bronze Boots
Metallurgy:hepatizon.ingot:0, Hepatizon Ingot
Metallurgy:hepatizon.axe, Hepatizon Axe
Metallurgy:hepatizon.hoe, Hepatizon Hoe
Metallurgy:hepatizon.pickaxe, Hepatizon Pickaxe
Metallurgy:hepatizon.shovel, Hepatizon Shovel
Metallurgy:hepatizon.sword, Hepatizon Sword
Metallurgy:metallurgy.hepatizon.helmet, Hepatizon Helmet
Metallurgy:metallurgy.hepatizon.chestplate, Hepatizon Chestplate
Metallurgy:metallurgy.hepatizon.leggings, Hepatizon Leggings
Metallurgy:metallurgy.hepatizon.boots, Hepatizon Boots
Metallurgy:damascus.steel.ingot:0, Damascus Steel Ingot
Metallurgy:damascus.steel.axe, Damascus Steel Axe
Metallurgy:damascus.steel.hoe, Damascus Steel Hoe
Metallurgy:damascus.steel.pickaxe, Damascus Steel Pickaxe
Metallurgy:damascus.steel.shovel, Damascus Steel Shovel
Metallurgy:damascus.steel.sword, Damascus Steel Sword
Metallurgy:metallurgy.damascus.steel.helmet, Damascus Steel Helmet
Metallurgy:metallurgy.damascus.steel.chestplate, Damascus Steel Chestplate
Metallurgy:metallurgy.damascus.steel.leggings, Damascus Steel Leggings
Metallurgy:metallurgy.damascus.steel.boots, Damascus Steel Boots
Metallurgy:angmallen.ingot:0, Angmallen Ingot
Metallurgy:angmallen.axe, Angmallen Axe
Metallurgy:angmallen.hoe, Angmallen Hoe
Metallurgy:angmallen.pickaxe, Angmallen Pickaxe
Metallurgy:angmallen.shovel, Angmallen Shovel
Metallurgy:angmallen.sword, Angmallen Sword
Metallurgy:metallurgy.angmallen.helmet, Angmallen Helmet
Metallurgy:metallurgy.angmallen.chestplate, Angmallen Chestplate
Metallurgy:metallurgy.angmallen.leggings, Angmallen Leggings
Metallurgy:metallurgy.angmallen.boots, Angmallen Boots
Metallurgy:steel.ingot:0, Steel Ingot
Metallurgy:steel.axe, Steel Axe
Metallurgy:steel.hoe, Steel Hoe
Metallurgy:steel.pickaxe, Steel Pickaxe
Metallurgy:steel.shovel, Steel Shovel
Metallurgy:steel.sword, Steel Sword
Metallurgy:metallurgy.steel.helmet, Steel Helmet
Metallurgy:metallurgy.steel.chestplate, Steel Chestplate
Metallurgy:metallurgy.steel.leggings, Steel Leggings
Metallurgy:metallurgy.steel.boots, Steel Boots
Metallurgy:ender.dust:0, Eximite Dust
Metallurgy:ender.dust:1, Meutoite Dust
Metallurgy:ender.dust:2, Desichalkos Dust
Metallurgy:eximite.ingot:0, Eximite Ingot
Metallurgy:ender.nugget:0, Eximite Nugget
Metallurgy:ender.nugget:1, Meutoite Nugget
Metallurgy:ender.nugget:2, Desichalkos Nugget
Metallurgy:eximite.axe, Eximite Axe
Metallurgy:eximite.hoe, Eximite Hoe
Metallurgy:eximite.pickaxe, Eximite Pickaxe
Metallurgy:eximite.shovel, Eximite Shovel
Metallurgy:eximite.sword, Eximite Sword
Metallurgy:metallurgy.eximite.helmet, Eximite Helmet
Metallurgy:metallurgy.eximite.chestplate, Eximite Chestplate
Metallurgy:metallurgy.eximite.leggings, Eximite Leggings
Metallurgy:metallurgy.eximite.boots, Eximite Boots
Metallurgy:meutoite.ingot:0, Meutoite Ingot
Metallurgy:desichalkos.ingot:0, Desichalkos Ingot
Metallurgy:desichalkos.axe, Desichalkos Axe
Metallurgy:desichalkos.hoe, Desichalkos Hoe
Metallurgy:desichalkos.pickaxe, Desichalkos Pickaxe
Metallurgy:desichalkos.shovel, Desichalkos Shovel
Metallurgy:desichalkos.sword, Desichalkos Sword
Metallurgy:metallurgy.desichalkos.helmet, Desichalkos Helmet
Metallurgy:metallurgy.desichalkos.chestplate, Desichalkos Chestplate
Metallurgy:metallurgy.desichalkos.leggings, Desichalkos Leggings
Metallurgy:metallurgy.desichalkos.boots, Desichalkos Boots
Metallurgy:fantasy.dust:0, Prometheum Dust
Metallurgy:fantasy.dust:1, Deep Iron Dust
Metallurgy:fantasy.dust:2, Infuscolium Dust
Metallurgy:fantasy.dust:3, Black Steel Dust
Metallurgy:fantasy.dust:4, Oureclase Dust
Metallurgy:fantasy.dust:5, Astral Silver Dust
Metallurgy:fantasy.dust:6, Carmot Dust
Metallurgy:fantasy.dust:7, Mithril Dust
Metallurgy:fantasy.dust:8, Rubracium Dust
Metallurgy:fantasy.dust:9, Quicksilver Dust
Metallurgy:fantasy.dust:10, Haderoth Dust
Metallurgy:fantasy.dust:11, Orichalcum Dust
Metallurgy:fantasy.dust:12, Celenegil Dust
Metallurgy:fantasy.dust:13, Adamantine Dust
Metallurgy:fantasy.dust:14, Atlarus Dust
Metallurgy:fantasy.dust:15, Tartarite Dust
Metallurgy:prometheum.ingot:0, Prometheum Ingot
Metallurgy:fantasy.nugget:0, Prometheum Nugget
Metallurgy:fantasy.nugget:1, Deep Iron Nugget
Metallurgy:fantasy.nugget:2, Infuscolium Nugget
Metallurgy:fantasy.nugget:3, Black Steel Nugget
Metallurgy:fantasy.nugget:4, Oureclase Nugget
Metallurgy:fantasy.nugget:5, Astral Silver Nugget
Metallurgy:fantasy.nugget:6, Carmot Nugget
Metallurgy:fantasy.nugget:7, Mithril Nugget
Metallurgy:fantasy.nugget:8, Rubracium Nugget
Metallurgy:fantasy.nugget:9, Quicksilver Nugget
Metallurgy:fantasy.nugget:10, Haderoth Nugget
Metallurgy:fantasy.nugget:11, Orichalcum Nugget
Metallurgy:fantasy.nugget:12, Celenegil Nugget
Metallurgy:fantasy.nugget:13, Adamantine Nugget
Metallurgy:fantasy.nugget:14, Atlarus Nugget
Metallurgy:fantasy.nugget:15, Tartarite Nugget
Metallurgy:prometheum.axe, Prometheum Axe
Metallurgy:prometheum.hoe, Prometheum Hoe
Metallurgy:prometheum.pickaxe, Prometheum Pickaxe
Metallurgy:prometheum.shovel, Prometheum Shovel
Metallurgy:prometheum.sword, Prometheum Sword
Metallurgy:metallurgy.prometheum.helmet, Prometheum Helmet
Metallurgy:metallurgy.prometheum.chestplate, Prometheum Chestplate
Metallurgy:metallurgy.prometheum.leggings, Prometheum Leggings
Metallurgy:metallurgy.prometheum.boots, Prometheum Boots
Metallurgy:deep.iron.ingot:0, Deep Iron Ingot
Metallurgy:deep.iron.axe, Deep Iron Axe
Metallurgy:deep.iron.hoe, Deep Iron Hoe
Metallurgy:deep.iron.pickaxe, Deep Iron Pickaxe
Metallurgy:deep.iron.shovel, Deep Iron Shovel
Metallurgy:deep.iron.sword, Deep Iron Sword
Metallurgy:metallurgy.deep.iron.helmet, Deep Iron Helmet
Metallurgy:metallurgy.deep.iron.chestplate, Deep Iron Chestplate
Metallurgy:metallurgy.deep.iron.leggings, Deep Iron Leggings
Metallurgy:metallurgy.deep.iron.boots, Deep Iron Boots
Metallurgy:infuscolium.ingot:0, Infuscolium Ingot
Metallurgy:black.steel.ingot:0, Black Steel Ingot
Metallurgy:black.steel.axe, Black Steel Axe
Metallurgy:black.steel.hoe, Black Steel Hoe
Metallurgy:black.steel.pickaxe, Black Steel Pickaxe
Metallurgy:black.steel.shovel, Black Steel Shovel
Metallurgy:black.steel.sword, Black Steel Sword
Metallurgy:metallurgy.black.steel.helmet, Black Steel Helmet
Metallurgy:metallurgy.black.steel.chestplate, Black Steel Chestplate
Metallurgy:metallurgy.black.steel.leggings, Black Steel Leggings
Metallurgy:metallurgy.black.steel.boots, Black Steel Boots
Metallurgy:oureclase.ingot:0, Oureclase Ingot
Metallurgy:oureclase.axe, Oureclase Axe
Metallurgy:oureclase.hoe, Oureclase Hoe
Metallurgy:oureclase.pickaxe, Oureclase Pickaxe
Metallurgy:oureclase.shovel, Oureclase Shovel
Metallurgy:oureclase.sword, Oureclase Sword
Metallurgy:metallurgy.oureclase.helmet, Oureclase Helmet
Metallurgy:metallurgy.oureclase.chestplate, Oureclase Chestplate
Metallurgy:metallurgy.oureclase.leggings, Oureclase Leggings
Metallurgy:metallurgy.oureclase.boots, Oureclase Boots
Metallurgy:astral.silver.ingot:0, Astral Silver Ingot
Metallurgy:astral.silver.axe, Astral Silver Axe
Metallurgy:astral.silver.hoe, Astral Silver Hoe
Metallurgy:astral.silver.pickaxe, Astral Silver Pickaxe
Metallurgy:astral.silver.shovel, Astral Silver Shovel
Metallurgy:astral.silver.sword, Astral Silver Sword
Metallurgy:metallurgy.astral.silver.helmet, Astral Silver Helmet
Metallurgy:metallurgy.astral.silver.chestplate, Astral Silver Chestplate
Metallurgy:metallurgy.astral.silver.leggings, Astral Silver Leggings
Metallurgy:metallurgy.astral.silver.boots, Astral Silver Boots
Metallurgy:carmot.ingot:0, Carmot Ingot
Metallurgy:carmot.axe, Carmot Axe
Metallurgy:carmot.hoe, Carmot Hoe
Metallurgy:carmot.pickaxe, Carmot Pickaxe
Metallurgy:carmot.shovel, Carmot Shovel
Metallurgy:carmot.sword, Carmot Sword
Metallurgy:metallurgy.carmot.helmet, Carmot Helmet
Metallurgy:metallurgy.carmot.chestplate, Carmot Chestplate
Metallurgy:metallurgy.carmot.leggings, Carmot Leggings
Metallurgy:metallurgy.carmot.boots, Carmot Boots
Metallurgy:mithril.ingot:0, Mithril Ingot
Metallurgy:mithril.axe, Mithril Axe
Metallurgy:mithril.hoe, Mithril Hoe
Metallurgy:mithril.pickaxe, Mithril Pickaxe
Metallurgy:mithril.shovel, Mithril Shovel
Metallurgy:mithril.sword, Mithril Sword
Metallurgy:metallurgy.mithril.helmet, Mithril Helmet
Metallurgy:metallurgy.mithril.chestplate, Mithril Chestplate
Metallurgy:metallurgy.mithril.leggings, Mithril Leggings
Metallurgy:metallurgy.mithril.boots, Mithril Boots
Metallurgy:rubracium.ingot:0, Rubracium Ingot
Metallurgy:quicksilver.ingot:0, Quicksilver Ingot
Metallurgy:quicksilver.axe, Quicksilver Axe
Metallurgy:quicksilver.hoe, Quicksilver Hoe
Metallurgy:quicksilver.pickaxe, Quicksilver Pickaxe
Metallurgy:quicksilver.shovel, Quicksilver Shovel
Metallurgy:quicksilver.sword, Quicksilver Sword
Metallurgy:metallurgy.quicksilver.helmet, Quicksilver Helmet
Metallurgy:metallurgy.quicksilver.chestplate, Quicksilver Chestplate
Metallurgy:metallurgy.quicksilver.leggings, Quicksilver Leggings
Metallurgy:metallurgy.quicksilver.boots, Quicksilver Boots
Metallurgy:haderoth.ingot:0, Haderoth Ingot
Metallurgy:haderoth.axe, Haderoth Axe
Metallurgy:haderoth.hoe, Haderoth Hoe
Metallurgy:haderoth.pickaxe, Haderoth Pickaxe
Metallurgy:haderoth.shovel, Haderoth Shovel
Metallurgy:haderoth.sword, Haderoth Sword
Metallurgy:metallurgy.haderoth.helmet, Haderoth Helmet
Metallurgy:metallurgy.haderoth.chestplate, Haderoth Chestplate
Metallurgy:metallurgy.haderoth.leggings, Haderoth Leggings
Metallurgy:metallurgy.haderoth.boots, Haderoth Boots
Metallurgy:orichalcum.ingot:0, Orichalcum Ingot
Metallurgy:orichalcum.axe, Orichalcum Axe
Metallurgy:orichalcum.hoe, Orichalcum Hoe
Metallurgy:orichalcum.pickaxe, Orichalcum Pickaxe
Metallurgy:orichalcum.shovel, Orichalcum Shovel
Metallurgy:orichalcum.sword, Orichalcum Sword
Metallurgy:metallurgy.orichalcum.helmet, Orichalcum Helmet
Metallurgy:metallurgy.orichalcum.chestplate, Orichalcum Chestplate
Metallurgy:metallurgy.orichalcum.leggings, Orichalcum Leggings
Metallurgy:metallurgy.orichalcum.boots, Orichalcum Boots
Metallurgy:celenegil.ingot:0, Celenegil Ingot
Metallurgy:celenegil.axe, Celenegil Axe
Metallurgy:celenegil.hoe, Celenegil Hoe
Metallurgy:celenegil.pickaxe, Celenegil Pickaxe
Metallurgy:celenegil.shovel, Celenegil Shovel
Metallurgy:celenegil.sword, Celenegil Sword
Metallurgy:metallurgy.celenegil.helmet, Celenegil Helmet
Metallurgy:metallurgy.celenegil.chestplate, Celenegil Chestplate
Metallurgy:metallurgy.celenegil.leggings, Celenegil Leggings
Metallurgy:metallurgy.celenegil.boots, Celenegil Boots
Metallurgy:adamantine.ingot:0, Adamantine Ingot
Metallurgy:adamantine.axe, Adamantine Axe
Metallurgy:adamantine.hoe, Adamantine Hoe
Metallurgy:adamantine.pickaxe, Adamantine Pickaxe
Metallurgy:adamantine.shovel, Adamantine Shovel
Metallurgy:adamantine.sword, Adamantine Sword
Metallurgy:metallurgy.adamantine.helmet, Adamantine Helmet
Metallurgy:metallurgy.adamantine.chestplate, Adamantine Chestplate
Metallurgy:metallurgy.adamantine.leggings, Adamantine Leggings
Metallurgy:metallurgy.adamantine.boots, Adamantine Boots
Metallurgy:atlarus.ingot:0, Atlarus Ingot
Metallurgy:atlarus.axe, Atlarus Axe
Metallurgy:atlarus.hoe, Atlarus Hoe
Metallurgy:atlarus.pickaxe, Atlarus Pickaxe
Metallurgy:atlarus.shovel, Atlarus Shovel
Metallurgy:atlarus.sword, Atlarus Sword
Metallurgy:metallurgy.atlarus.helmet, Atlarus Helmet
Metallurgy:metallurgy.atlarus.chestplate, Atlarus Chestplate
Metallurgy:metallurgy.atlarus.leggings, Atlarus Leggings
Metallurgy:metallurgy.atlarus.boots, Atlarus Boots
Metallurgy:tartarite.ingot:0, Tartarite Ingot
Metallurgy:tartarite.axe, Tartarite Axe
Metallurgy:tartarite.hoe, Tartarite Hoe
Metallurgy:tartarite.pickaxe, Tartarite Pickaxe
Metallurgy:tartarite.shovel, Tartarite Shovel
Metallurgy:tartarite.sword, Tartarite Sword
Metallurgy:metallurgy.tartarite.helmet, Tartarite Helmet
Metallurgy:metallurgy.tartarite.chestplate, Tartarite Chestplate
Metallurgy:metallurgy.tartarite.leggings, Tartarite Leggings
Metallurgy:metallurgy.tartarite.boots, Tartarite Boots
Metallurgy:nether.dust:0, Ignatius Dust
Metallurgy:nether.dust:1, Shadow Iron Dust
Metallurgy:nether.dust:2, Lemurite Dust
Metallurgy:nether.dust:3, Midasium Dust
Metallurgy:nether.dust:4, Vyroxeres Dust
Metallurgy:nether.dust:5, Ceruclase Dust
Metallurgy:nether.dust:6, Alduorite Dust
Metallurgy:nether.dust:7, Kalendrite Dust
Metallurgy:nether.dust:8, Vulcanite Dust
Metallurgy:nether.dust:9, Sanguinite Dust
Metallurgy:nether.dust:10, Shadow Steel Dust
Metallurgy:nether.dust:11, Inolashite Dust
Metallurgy:nether.dust:12, Amordrine Dust
Metallurgy:ignatius.ingot:0, Ignatius Ingot
Metallurgy:nether.nugget:0, Ignatius Nugget
Metallurgy:nether.nugget:1, Shadow Iron Nugget
Metallurgy:nether.nugget:2, Lemurite Nugget
Metallurgy:nether.nugget:3, Midasium Nugget
Metallurgy:nether.nugget:4, Vyroxeres Nugget
Metallurgy:nether.nugget:5, Ceruclase Nugget
Metallurgy:nether.nugget:6, Alduorite Nugget
Metallurgy:nether.nugget:7, Kalendrite Nugget
Metallurgy:nether.nugget:8, Vulcanite Nugget
Metallurgy:nether.nugget:9, Sanguinite Nugget
Metallurgy:nether.nugget:10, Shadow Steel Nugget
Metallurgy:nether.nugget:11, Inolashite Nugget
Metallurgy:nether.nugget:12, Amordrine Nugget
Metallurgy:ignatius.axe, Ignatius Axe
Metallurgy:ignatius.hoe, Ignatius Hoe
Metallurgy:ignatius.pickaxe, Ignatius Pickaxe
Metallurgy:ignatius.shovel, Ignatius Shovel
Metallurgy:ignatius.sword, Ignatius Sword
Metallurgy:metallurgy.ignatius.helmet, Ignatius Helmet
Metallurgy:metallurgy.ignatius.chestplate, Ignatius Chestplate
Metallurgy:metallurgy.ignatius.leggings, Ignatius Leggings
Metallurgy:metallurgy.ignatius.boots, Ignatius Boots
Metallurgy:shadow.iron.ingot:0, Shadow Iron Ingot
Metallurgy:shadow.iron.axe, Shadow Iron Axe
Metallurgy:shadow.iron.hoe, Shadow Iron Hoe
Metallurgy:shadow.iron.pickaxe, Shadow Iron Pickaxe
Metallurgy:shadow.iron.shovel, Shadow Iron Shovel
Metallurgy:shadow.iron.sword, Shadow Iron Sword
Metallurgy:metallurgy.shadow.iron.helmet, Shadow Iron Helmet
Metallurgy:metallurgy.shadow.iron.chestplate, Shadow Iron Chestplate
Metallurgy:metallurgy.shadow.iron.leggings, Shadow Iron Leggings
Metallurgy:metallurgy.shadow.iron.boots, Shadow Iron Boots
Metallurgy:lemurite.ingot:0, Lemurite Ingot
Metallurgy:midasium.ingot:0, Midasium Ingot
Metallurgy:midasium.axe, Midasium Axe
Metallurgy:midasium.hoe, Midasium Hoe
Metallurgy:midasium.pickaxe, Midasium Pickaxe
Metallurgy:midasium.shovel, Midasium Shovel
Metallurgy:midasium.sword, Midasium Sword
Metallurgy:metallurgy.midasium.helmet, Midasium Helmet
Metallurgy:metallurgy.midasium.chestplate, Midasium Chestplate
Metallurgy:metallurgy.midasium.leggings, Midasium Leggings
Metallurgy:metallurgy.midasium.boots, Midasium Boots
Metallurgy:vyroxeres.ingot:0, Vyroxeres Ingot
Metallurgy:vyroxeres.axe, Vyroxeres Axe
Metallurgy:vyroxeres.hoe, Vyroxeres Hoe
Metallurgy:vyroxeres.pickaxe, Vyroxeres Pickaxe
Metallurgy:vyroxeres.shovel, Vyroxeres Shovel
Metallurgy:vyroxeres.sword, Vyroxeres Sword
Metallurgy:metallurgy.vyroxeres.helmet, Vyroxeres Helmet
Metallurgy:metallurgy.vyroxeres.chestplate, Vyroxeres Chestplate
Metallurgy:metallurgy.vyroxeres.leggings, Vyroxeres Leggings
Metallurgy:metallurgy.vyroxeres.boots, Vyroxeres Boots
Metallurgy:ceruclase.ingot:0, Ceruclase Ingot
Metallurgy:ceruclase.axe, Ceruclase Axe
Metallurgy:ceruclase.hoe, Ceruclase Hoe
Metallurgy:ceruclase.pickaxe, Ceruclase Pickaxe
Metallurgy:ceruclase.shovel, Ceruclase Shovel
Metallurgy:ceruclase.sword, Ceruclase Sword
Metallurgy:metallurgy.ceruclase.helmet, Ceruclase Helmet
Metallurgy:metallurgy.ceruclase.chestplate, Ceruclase Chestplate
Metallurgy:metallurgy.ceruclase.leggings, Ceruclase Leggings
Metallurgy:metallurgy.ceruclase.boots, Ceruclase Boots
Metallurgy:alduorite.ingot:0, Alduorite Ingot
Metallurgy:kalendrite.ingot:0, Kalendrite Ingot
Metallurgy:kalendrite.axe, Kalendrite Axe
Metallurgy:kalendrite.hoe, Kalendrite Hoe
Metallurgy:kalendrite.pickaxe, Kalendrite Pickaxe
Metallurgy:kalendrite.shovel, Kalendrite Shovel
Metallurgy:kalendrite.sword, Kalendrite Sword
Metallurgy:metallurgy.kalendrite.helmet, Kalendrite Helmet
Metallurgy:metallurgy.kalendrite.chestplate, Kalendrite Chestplate
Metallurgy:metallurgy.kalendrite.leggings, Kalendrite Leggings
Metallurgy:metallurgy.kalendrite.boots, Kalendrite Boots
Metallurgy:vulcanite.ingot:0, Vulcanite Ingot
Metallurgy:vulcanite.axe, Vulcanite Axe
Metallurgy:vulcanite.hoe, Vulcanite Hoe
Metallurgy:vulcanite.pickaxe, Vulcanite Pickaxe
Metallurgy:vulcanite.shovel, Vulcanite Shovel
Metallurgy:vulcanite.sword, Vulcanite Sword
Metallurgy:metallurgy.vulcanite.helmet, Vulcanite Helmet
Metallurgy:metallurgy.vulcanite.chestplate, Vulcanite Chestplate
Metallurgy:metallurgy.vulcanite.leggings, Vulcanite Leggings
Metallurgy:metallurgy.vulcanite.boots, Vulcanite Boots
Metallurgy:sanguinite.ingot:0, Sanguinite Ingot
Metallurgy:sanguinite.axe, Sanguinite Axe
Metallurgy:sanguinite.hoe, Sanguinite Hoe
Metallurgy:sanguinite.pickaxe, Sanguinite Pickaxe
Metallurgy:sanguinite.shovel, Sanguinite Shovel
Metallurgy:sanguinite.sword, Sanguinite Sword
Metallurgy:metallurgy.sanguinite.helmet, Sanguinite Helmet
Metallurgy:metallurgy.sanguinite.chestplate, Sanguinite Chestplate
Metallurgy:metallurgy.sanguinite.leggings, Sanguinite Leggings
Metallurgy:metallurgy.sanguinite.boots, Sanguinite Boots
Metallurgy:shadow.steel.ingot:0, Shadow Steel Ingot
Metallurgy:shadow.steel.axe, Shadow Steel Axe
Metallurgy:shadow.steel.hoe, Shadow Steel Hoe
Metallurgy:shadow.steel.pickaxe, Shadow Steel Pickaxe
Metallurgy:shadow.steel.shovel, Shadow Steel Shovel
Metallurgy:shadow.steel.sword, Shadow Steel Sword
Metallurgy:metallurgy.shadow.steel.helmet, Shadow Steel Helmet
Metallurgy:metallurgy.shadow.steel.chestplate, Shadow Steel Chestplate
Metallurgy:metallurgy.shadow.steel.leggings, Shadow Steel Leggings
Metallurgy:metallurgy.shadow.steel.boots, Shadow Steel Boots
Metallurgy:inolashite.ingot:0, Inolashite Ingot
Metallurgy:inolashite.axe, Inolashite Axe
Metallurgy:inolashite.hoe, Inolashite Hoe
Metallurgy:inolashite.pickaxe, Inolashite Pickaxe
Metallurgy:inolashite.shovel, Inolashite Shovel
Metallurgy:inolashite.sword, Inolashite Sword
Metallurgy:metallurgy.inolashite.helmet, Inolashite Helmet
Metallurgy:metallurgy.inolashite.chestplate, Inolashite Chestplate
Metallurgy:metallurgy.inolashite.leggings, Inolashite Leggings
Metallurgy:metallurgy.inolashite.boots, Inolashite Boots
Metallurgy:amordrine.ingot:0, Amordrine Ingot
Metallurgy:amordrine.axe, Amordrine Axe
Metallurgy:amordrine.hoe, Amordrine Hoe
Metallurgy:amordrine.pickaxe, Amordrine Pickaxe
Metallurgy:amordrine.shovel, Amordrine Shovel
Metallurgy:amordrine.sword, Amordrine Sword
Metallurgy:metallurgy.amordrine.helmet, Amordrine Helmet
Metallurgy:metallurgy.amordrine.chestplate, Amordrine Chestplate
Metallurgy:metallurgy.amordrine.leggings, Amordrine Leggings
Metallurgy:metallurgy.amordrine.boots, Amordrine Boots
Metallurgy:precious.dust:0, Zinc Dust
Metallurgy:precious.dust:1, Silver Dust
Metallurgy:precious.dust:2, Platinum Dust
Metallurgy:precious.dust:3, Brass Dust
Metallurgy:precious.dust:4, Electrum Dust
Metallurgy:zinc.ingot:0, Zinc Ingot
Metallurgy:precious.nugget:0, Zinc Nugget
Metallurgy:precious.nugget:1, Silver Nugget
Metallurgy:precious.nugget:2, Platinum Nugget
Metallurgy:precious.nugget:3, Brass Nugget
Metallurgy:precious.nugget:4, Electrum Nugget
Metallurgy:silver.ingot:0, Silver Ingot
Metallurgy:silver.axe, Silver Axe
Metallurgy:silver.hoe, Silver Hoe
Metallurgy:silver.pickaxe, Silver Pickaxe
Metallurgy:silver.shovel, Silver Shovel
Metallurgy:silver.sword, Silver Sword
Metallurgy:metallurgy.silver.helmet, Silver Helmet
Metallurgy:metallurgy.silver.chestplate, Silver Chestplate
Metallurgy:metallurgy.silver.leggings, Silver Leggings
Metallurgy:metallurgy.silver.boots, Silver Boots
Metallurgy:platinum.ingot:0, Platinum Ingot
Metallurgy:platinum.axe, Platinum Axe
Metallurgy:platinum.hoe, Platinum Hoe
Metallurgy:platinum.pickaxe, Platinum Pickaxe
Metallurgy:platinum.shovel, Platinum Shovel
Metallurgy:platinum.sword, Platinum Sword
Metallurgy:metallurgy.platinum.helmet, Platinum Helmet
Metallurgy:metallurgy.platinum.chestplate, Platinum Chestplate
Metallurgy:metallurgy.platinum.leggings, Platinum Leggings
Metallurgy:metallurgy.platinum.boots, Platinum Boots
Metallurgy:brass.ingot:0, Brass Ingot
Metallurgy:brass.axe, Brass Axe
Metallurgy:brass.hoe, Brass Hoe
Metallurgy:brass.pickaxe, Brass Pickaxe
Metallurgy:brass.shovel, Brass Shovel
Metallurgy:brass.sword, Brass Sword
Metallurgy:metallurgy.brass.helmet, Brass Helmet
Metallurgy:metallurgy.brass.chestplate, Brass Chestplate
Metallurgy:metallurgy.brass.leggings, Brass Leggings
Metallurgy:metallurgy.brass.boots, Brass Boots
Metallurgy:electrum.ingot:0, Electrum Ingot
Metallurgy:electrum.axe, Electrum Axe
Metallurgy:electrum.hoe, Electrum Hoe
Metallurgy:electrum.pickaxe, Electrum Pickaxe
Metallurgy:electrum.shovel, Electrum Shovel
Metallurgy:electrum.sword, Electrum Sword
Metallurgy:metallurgy.electrum.helmet, Electrum Helmet
Metallurgy:metallurgy.electrum.chestplate, Electrum Chestplate
Metallurgy:metallurgy.electrum.leggings, Electrum Leggings
Metallurgy:metallurgy.electrum.boots, Electrum Boots
Metallurgy:utility.item:0, Sulfur
Metallurgy:utility.item:1, Phosphorus
Metallurgy:utility.item:2, Saltpeter
Metallurgy:utility.item:3, Magnesium
Metallurgy:utility.item:4, Bitumen
Metallurgy:utility.item:5, Potash
Metallurgy:vanilla.dust:0, Gold Dust
Metallurgy:vanilla.dust:1, Iron Dust
Metallurgy:drawer, Drawer
Metallurgy:fertilizer, Fertilizer
Metallurgy:tar, Tar
Metallurgy:tab.item:0, item.metallurgy.tab3.dust.name
Metallurgy:tab.item:1, item.metallurgy.tab4.dust.name
Metallurgy:tab.item:2, item.metallurgy.tab5.dust.name
Metallurgy:molten.bucket:1, Molten Angmallen Bucket
Metallurgy:molten.bucket:4, Molten Damascus Steel Bucket
Metallurgy:molten.bucket:5, Molten Hepatizon Bucket
Metallurgy:molten.bucket:6, Molten Manganese Bucket
Metallurgy:molten.bucket:9, Molten Desichalkos Bucket
Metallurgy:molten.bucket:10, Molten Eximite Bucket
Metallurgy:molten.bucket:11, Molten Meutoite Bucket
Metallurgy:molten.bucket:12, Molten Adamantine Bucket
Metallurgy:molten.bucket:13, Molten Astral Silver Bucket
Metallurgy:molten.bucket:14, Molten Atlarus Bucket
Metallurgy:molten.bucket:15, Molten Black Steel Bucket
Metallurgy:molten.bucket:16, Molten Carmot Bucket
Metallurgy:molten.bucket:17, Molten Celenegil Bucket
Metallurgy:molten.bucket:18, Molten Deep Iron Bucket
Metallurgy:molten.bucket:19, Molten Haderoth Bucket
Metallurgy:molten.bucket:20, Molten Infuscolium Bucket
Metallurgy:molten.bucket:22, Molten Orichalcum Bucket
Metallurgy:molten.bucket:23, Molten Oureclase Bucket
Metallurgy:molten.bucket:24, Molten Prometheum Bucket
Metallurgy:molten.bucket:25, Molten Quicksilver Bucket
Metallurgy:molten.bucket:26, Molten Rubracium Bucket
Metallurgy:molten.bucket:27, Molten Tartarite Bucket
Metallurgy:molten.bucket:28, Molten Alduorite Bucket
Metallurgy:molten.bucket:29, Molten Amordrine Bucket
Metallurgy:molten.bucket:30, Molten Ceruclase Bucket
Metallurgy:molten.bucket:31, Molten Ignatius Bucket
Metallurgy:molten.bucket:32, Molten Inolashite Bucket
Metallurgy:molten.bucket:33, Molten Kalendrite Bucket
Metallurgy:molten.bucket:34, Molten Lemurite Bucket
Metallurgy:molten.bucket:35, Molten Midasium Bucket
Metallurgy:molten.bucket:36, Molten Sanguinite Bucket
Metallurgy:molten.bucket:37, Molten Shadow Iron Bucket
Metallurgy:molten.bucket:38, Molten Shadow Steel Bucket
Metallurgy:molten.bucket:39, Molten Vulcanite Bucket
Metallurgy:molten.bucket:40, Molten Vyroxeres Bucket
Metallurgy:molten.bucket:41, Molten Brass Bucket
Metallurgy:molten.bucket:45, Molten Zinc Bucket
ExtraTiC:funStuffIngot:0, Fairy Ingot
ExtraTiC:funStuffIngot:1, Pokefennium Ingot
ExtraTiC:funStuffIngot:2, RedAurum Ingot
ExtraTiC:drulloyIngot:0, Drulloy Ingot
ExtraTiC:arrowhead:128, Oureclase Arrowhead
ExtraTiC:arrowhead:129, Prometheum Arrowhead
ExtraTiC:arrowhead:130, Quicksilver Arrowhead
ExtraTiC:arrowhead:131, Tartarite Arrowhead
ExtraTiC:arrowhead:132, Desichalkos Arrowhead
ExtraTiC:arrowhead:133, Eximite Arrowhead
ExtraTiC:arrowhead:139, Refined Glowstone Arrowhead
ExtraTiC:arrowhead:140, Osmium Arrowhead
ExtraTiC:arrowhead:141, Pokefennium Arrowhead
ExtraTiC:arrowhead:142, Fairy Arrowhead
ExtraTiC:arrowhead:143, Certus Quartz Arrowhead
ExtraTiC:arrowhead:145, Manasteel Arrowhead
ExtraTiC:arrowhead:146, Terrasteel Arrowhead
ExtraTiC:arrowhead:147, Elementium Arrowhead
ExtraTiC:arrowhead:164, Amethyst Arrowhead
ExtraTiC:arrowhead:165, Peridot Arrowhead
ExtraTiC:arrowhead:166, Ruby Arrowhead
ExtraTiC:arrowhead:167, Sapphire Arrowhead
ExtraTiC:arrowhead:171, Dark Steel Arrowhead
ExtraTiC:arrowhead:173, RedAurum Arrowhead
ExtraTiC:arrowhead:178, Draconium Arrowhead
ExtraTiC:arrowhead:179, Awakened Draconium Arrowhead
ExtraTiC:arrowhead:180, Glue Arrowhead
ExtraTiC:arrowhead:181, Yellorium Arrowhead
ExtraTiC:arrowhead:182, Cyanite Arrowhead
ExtraTiC:arrowhead:183, Blutonium Arrowhead
ExtraTiC:arrowhead:184, Ludicrite Arrowhead
ExtraTiC:arrowhead:185, Bedrockium Arrowhead
ExtraTiC:arrowhead:189, Enderium Arrowhead
ExtraTiC:arrowhead:190, Signalum Arrowhead
ExtraTiC:arrowhead:191, Lumium Arrowhead
ExtraTiC:arrowhead:100, Angmallen Arrowhead
ExtraTiC:arrowhead:101, Damascus Steel Arrowhead
ExtraTiC:arrowhead:102, Hepatizon Arrowhead
ExtraTiC:arrowhead:103, Brass Arrowhead
ExtraTiC:arrowhead:104, Electrum Arrowhead
ExtraTiC:arrowhead:105, Platinum Arrowhead
ExtraTiC:arrowhead:106, Silver Arrowhead
ExtraTiC:arrowhead:107, Amordrine Arrowhead
ExtraTiC:arrowhead:108, Ceruclase Arrowhead
ExtraTiC:arrowhead:109, Ignatius Arrowhead
ExtraTiC:arrowhead:110, Inolashite Arrowhead
ExtraTiC:arrowhead:111, Kalendrite Arrowhead
ExtraTiC:arrowhead:112, Midasium Arrowhead
ExtraTiC:arrowhead:113, Sanguinite Arrowhead
ExtraTiC:arrowhead:114, Shadow Iron Arrowhead
ExtraTiC:arrowhead:115, Shadow Steel Arrowhead
ExtraTiC:arrowhead:116, Vulcanite Arrowhead
ExtraTiC:arrowhead:117, Vyroxeres Arrowhead
ExtraTiC:arrowhead:118, Adamantine Arrowhead
ExtraTiC:arrowhead:119, Astral Silver Arrowhead
ExtraTiC:arrowhead:120, Atlarus Arrowhead
ExtraTiC:arrowhead:121, Black Steel Arrowhead
ExtraTiC:arrowhead:122, Carmot Arrowhead
ExtraTiC:arrowhead:123, Celenegil Arrowhead
ExtraTiC:arrowhead:124, Deep Iron Arrowhead
ExtraTiC:arrowhead:125, Haderoth Arrowhead
ExtraTiC:arrowhead:126, Mithril Arrowhead
ExtraTiC:arrowhead:127, Orichalcum Arrowhead
ExtraTiC:axeHead:128, Oureclase Axe Head
ExtraTiC:axeHead:129, Prometheum Axe Head
ExtraTiC:axeHead:130, Quicksilver Axe Head
ExtraTiC:axeHead:131, Tartarite Axe Head
ExtraTiC:axeHead:132, Desichalkos Axe Head
ExtraTiC:axeHead:133, Eximite Axe Head
ExtraTiC:axeHead:139, Refined Glowstone Axe Head
ExtraTiC:axeHead:140, Osmium Axe Head
ExtraTiC:axeHead:141, Pokefennium Axe Head
ExtraTiC:axeHead:142, Fairy Axe Head
ExtraTiC:axeHead:143, Certus Quartz Axe Head
ExtraTiC:axeHead:145, Manasteel Axe Head
ExtraTiC:axeHead:146, Terrasteel Axe Head
ExtraTiC:axeHead:147, Elementium Axe Head
ExtraTiC:axeHead:164, Amethyst Axe Head
ExtraTiC:axeHead:165, Peridot Axe Head
ExtraTiC:axeHead:166, Ruby Axe Head
ExtraTiC:axeHead:167, Sapphire Axe Head
ExtraTiC:axeHead:171, Dark Steel Axe Head
ExtraTiC:axeHead:173, RedAurum Axe Head
ExtraTiC:axeHead:178, Draconium Axe Head
ExtraTiC:axeHead:179, Awakened Draconium Axe Head
ExtraTiC:axeHead:180, Glue Axe Head
ExtraTiC:axeHead:181, Yellorium Axe Head
ExtraTiC:axeHead:182, Cyanite Axe Head
ExtraTiC:axeHead:183, Blutonium Axe Head
ExtraTiC:axeHead:184, Ludicrite Axe Head
ExtraTiC:axeHead:185, Bedrockium Axe Head
ExtraTiC:axeHead:189, Enderium Axe Head
ExtraTiC:axeHead:190, Signalum Axe Head
ExtraTiC:axeHead:191, Lumium Axe Head
ExtraTiC:axeHead:100, Angmallen Axe Head
ExtraTiC:axeHead:101, Damascus Steel Axe Head
ExtraTiC:axeHead:102, Hepatizon Axe Head
ExtraTiC:axeHead:103, Brass Axe Head
ExtraTiC:axeHead:104, Electrum Axe Head
ExtraTiC:axeHead:105, Platinum Axe Head
ExtraTiC:axeHead:106, Silver Axe Head
ExtraTiC:axeHead:107, Amordrine Axe Head
ExtraTiC:axeHead:108, Ceruclase Axe Head
ExtraTiC:axeHead:109, Ignatius Axe Head
ExtraTiC:axeHead:110, Inolashite Axe Head
ExtraTiC:axeHead:111, Kalendrite Axe Head
ExtraTiC:axeHead:112, Midasium Axe Head
ExtraTiC:axeHead:113, Sanguinite Axe Head
ExtraTiC:axeHead:114, Shadow Iron Axe Head
ExtraTiC:axeHead:115, Shadow Steel Axe Head
ExtraTiC:axeHead:116, Vulcanite Axe Head
ExtraTiC:axeHead:117, Vyroxeres Axe Head
ExtraTiC:axeHead:118, Adamantine Axe Head
ExtraTiC:axeHead:119, Astral Silver Axe Head
ExtraTiC:axeHead:120, Atlarus Axe Head
ExtraTiC:axeHead:121, Black Steel Axe Head
ExtraTiC:axeHead:122, Carmot Axe Head
ExtraTiC:axeHead:123, Celenegil Axe Head
ExtraTiC:axeHead:124, Deep Iron Axe Head
ExtraTiC:axeHead:125, Haderoth Axe Head
ExtraTiC:axeHead:126, Mithril Axe Head
ExtraTiC:axeHead:127, Orichalcum Axe Head
ExtraTiC:battelSign:128, Oureclase Battle Sign
ExtraTiC:battelSign:129, Prometheum Battle Sign
ExtraTiC:battelSign:130, Quicksilver Battle Sign
ExtraTiC:battelSign:131, Tartarite Battle Sign
ExtraTiC:battelSign:132, Desichalkos Battle Sign
ExtraTiC:battelSign:133, Eximite Battle Sign
ExtraTiC:battelSign:139, Refined Glowstone Battle Sign
ExtraTiC:battelSign:140, Osmium Battle Sign
ExtraTiC:battelSign:141, Pokefennium Battle Sign
ExtraTiC:battelSign:142, Fairy Battle Sign
ExtraTiC:battelSign:143, Certus Quartz Battle Sign
ExtraTiC:battelSign:145, Manasteel Battle Sign
ExtraTiC:battelSign:146, Terrasteel Battle Sign
ExtraTiC:battelSign:147, Elementium Battle Sign
ExtraTiC:battelSign:164, Amethyst Battle Sign
ExtraTiC:battelSign:165, Peridot Battle Sign
ExtraTiC:battelSign:166, Ruby Battle Sign
ExtraTiC:battelSign:167, Sapphire Battle Sign
ExtraTiC:battelSign:171, Dark Steel Battle Sign
ExtraTiC:battelSign:173, RedAurum Battle Sign
ExtraTiC:battelSign:178, Draconium Battle Sign
ExtraTiC:battelSign:179, Awakened Draconium Battle Sign
ExtraTiC:battelSign:180, Glue Battle Sign
ExtraTiC:battelSign:181, Yellorium Battle Sign
ExtraTiC:battelSign:182, Cyanite Battle Sign
ExtraTiC:battelSign:183, Blutonium Battle Sign
ExtraTiC:battelSign:184, Ludicrite Battle Sign
ExtraTiC:battelSign:185, Bedrockium Battle Sign
ExtraTiC:battelSign:189, Enderium Battle Sign
ExtraTiC:battelSign:190, Signalum Battle Sign
ExtraTiC:battelSign:191, Lumium Battle Sign
ExtraTiC:battelSign:100, Angmallen Battle Sign
ExtraTiC:battelSign:101, Damascus Steel Battle Sign
ExtraTiC:battelSign:102, Hepatizon Battle Sign
ExtraTiC:battelSign:103, Brass Battle Sign
ExtraTiC:battelSign:104, Electrum Battle Sign
ExtraTiC:battelSign:105, Platinum Battle Sign
ExtraTiC:battelSign:106, Silver Battle Sign
ExtraTiC:battelSign:107, Amordrine Battle Sign
ExtraTiC:battelSign:108, Ceruclase Battle Sign
ExtraTiC:battelSign:109, Ignatius Battle Sign
ExtraTiC:battelSign:110, Inolashite Battle Sign
ExtraTiC:battelSign:111, Kalendrite Battle Sign
ExtraTiC:battelSign:112, Midasium Battle Sign
ExtraTiC:battelSign:113, Sanguinite Battle Sign
ExtraTiC:battelSign:114, Shadow Iron Battle Sign
ExtraTiC:battelSign:115, Shadow Steel Battle Sign
ExtraTiC:battelSign:116, Vulcanite Battle Sign
ExtraTiC:battelSign:117, Vyroxeres Battle Sign
ExtraTiC:battelSign:118, Adamantine Battle Sign
ExtraTiC:battelSign:119, Astral Silver Battle Sign
ExtraTiC:battelSign:120, Atlarus Battle Sign
ExtraTiC:battelSign:121, Black Steel Battle Sign
ExtraTiC:battelSign:122, Carmot Battle Sign
ExtraTiC:battelSign:123, Celenegil Battle Sign
ExtraTiC:battelSign:124, Deep Iron Battle Sign
ExtraTiC:battelSign:125, Haderoth Battle Sign
ExtraTiC:battelSign:126, Mithril Battle Sign
ExtraTiC:battelSign:127, Orichalcum Battle Sign
ExtraTiC:binding:128, Oureclase Binding
ExtraTiC:binding:129, Prometheum Binding
ExtraTiC:binding:130, Quicksilver Binding
ExtraTiC:binding:131, Tartarite Binding
ExtraTiC:binding:132, Desichalkos Binding
ExtraTiC:binding:133, Eximite Binding
ExtraTiC:binding:139, Refined Glowstone Binding
ExtraTiC:binding:140, Osmium Binding
ExtraTiC:binding:141, Pokefennium Binding
ExtraTiC:binding:142, Fairy Binding
ExtraTiC:binding:143, Certus Quartz Binding
ExtraTiC:binding:145, Manasteel Binding
ExtraTiC:binding:146, Terrasteel Binding
ExtraTiC:binding:147, Elementium Binding
ExtraTiC:binding:164, Amethyst Binding
ExtraTiC:binding:165, Peridot Binding
ExtraTiC:binding:166, Ruby Binding
ExtraTiC:binding:167, Sapphire Binding
ExtraTiC:binding:171, Dark Steel Binding
ExtraTiC:binding:173, RedAurum Binding
ExtraTiC:binding:178, Draconium Binding
ExtraTiC:binding:179, Awakened Draconium Binding
ExtraTiC:binding:180, Glue Binding
ExtraTiC:binding:181, Yellorium Binding
ExtraTiC:binding:182, Cyanite Binding
ExtraTiC:binding:183, Blutonium Binding
ExtraTiC:binding:184, Ludicrite Binding
ExtraTiC:binding:185, Bedrockium Binding
ExtraTiC:binding:189, Enderium Binding
ExtraTiC:binding:190, Signalum Binding
ExtraTiC:binding:191, Lumium Binding
ExtraTiC:binding:100, Angmallen Binding
ExtraTiC:binding:101, Damascus Steel Binding
ExtraTiC:binding:102, Hepatizon Binding
ExtraTiC:binding:103, Brass Binding
ExtraTiC:binding:104, Electrum Binding
ExtraTiC:binding:105, Platinum Binding
ExtraTiC:binding:106, Silver Binding
ExtraTiC:binding:107, Amordrine Binding
ExtraTiC:binding:108, Ceruclase Binding
ExtraTiC:binding:109, Ignatius Binding
ExtraTiC:binding:110, Inolashite Binding
ExtraTiC:binding:111, Kalendrite Binding
ExtraTiC:binding:112, Midasium Binding
ExtraTiC:binding:113, Sanguinite Binding
ExtraTiC:binding:114, Shadow Iron Binding
ExtraTiC:binding:115, Shadow Steel Binding
ExtraTiC:binding:116, Vulcanite Binding
ExtraTiC:binding:117, Vyroxeres Binding
ExtraTiC:binding:118, Adamantine Binding
ExtraTiC:binding:119, Astral Silver Binding
ExtraTiC:binding:120, Atlarus Binding
ExtraTiC:binding:121, Black Steel Binding
ExtraTiC:binding:122, Carmot Binding
ExtraTiC:binding:123, Celenegil Binding
ExtraTiC:binding:124, Deep Iron Binding
ExtraTiC:binding:125, Haderoth Binding
ExtraTiC:binding:126, Mithril Binding
ExtraTiC:binding:127, Orichalcum Binding
ExtraTiC:chiselHead:128, Oureclase Chisel Head
ExtraTiC:chiselHead:129, Prometheum Chisel Head
ExtraTiC:chiselHead:130, Quicksilver Chisel Head
ExtraTiC:chiselHead:131, Tartarite Chisel Head
ExtraTiC:chiselHead:132, Desichalkos Chisel Head
ExtraTiC:chiselHead:133, Eximite Chisel Head
ExtraTiC:chiselHead:139, Refined Glowstone Chisel Head
ExtraTiC:chiselHead:140, Osmium Chisel Head
ExtraTiC:chiselHead:141, Pokefennium Chisel Head
ExtraTiC:chiselHead:142, Fairy Chisel Head
ExtraTiC:chiselHead:143, Certus Quartz Chisel Head
ExtraTiC:chiselHead:145, Manasteel Chisel Head
ExtraTiC:chiselHead:146, Terrasteel Chisel Head
ExtraTiC:chiselHead:147, Elementium Chisel Head
ExtraTiC:chiselHead:164, Amethyst Chisel Head
ExtraTiC:chiselHead:165, Peridot Chisel Head
ExtraTiC:chiselHead:166, Ruby Chisel Head
ExtraTiC:chiselHead:167, Sapphire Chisel Head
ExtraTiC:chiselHead:171, Dark Steel Chisel Head
ExtraTiC:chiselHead:173, RedAurum Chisel Head
ExtraTiC:chiselHead:178, Draconium Chisel Head
ExtraTiC:chiselHead:179, Awakened Draconium Chisel Head
ExtraTiC:chiselHead:180, Glue Chisel Head
ExtraTiC:chiselHead:181, Yellorium Chisel Head
ExtraTiC:chiselHead:182, Cyanite Chisel Head
ExtraTiC:chiselHead:183, Blutonium Chisel Head
ExtraTiC:chiselHead:184, Ludicrite Chisel Head
ExtraTiC:chiselHead:185, Bedrockium Chisel Head
ExtraTiC:chiselHead:189, Enderium Chisel Head
ExtraTiC:chiselHead:190, Signalum Chisel Head
ExtraTiC:chiselHead:191, Lumium Chisel Head
ExtraTiC:chiselHead:100, Angmallen Chisel Head
ExtraTiC:chiselHead:101, Damascus Steel Chisel Head
ExtraTiC:chiselHead:102, Hepatizon Chisel Head
ExtraTiC:chiselHead:103, Brass Chisel Head
ExtraTiC:chiselHead:104, Electrum Chisel Head
ExtraTiC:chiselHead:105, Platinum Chisel Head
ExtraTiC:chiselHead:106, Silver Chisel Head
ExtraTiC:chiselHead:107, Amordrine Chisel Head
ExtraTiC:chiselHead:108, Ceruclase Chisel Head
ExtraTiC:chiselHead:109, Ignatius Chisel Head
ExtraTiC:chiselHead:110, Inolashite Chisel Head
ExtraTiC:chiselHead:111, Kalendrite Chisel Head
ExtraTiC:chiselHead:112, Midasium Chisel Head
ExtraTiC:chiselHead:113, Sanguinite Chisel Head
ExtraTiC:chiselHead:114, Shadow Iron Chisel Head
ExtraTiC:chiselHead:115, Shadow Steel Chisel Head
ExtraTiC:chiselHead:116, Vulcanite Chisel Head
ExtraTiC:chiselHead:117, Vyroxeres Chisel Head
ExtraTiC:chiselHead:118, Adamantine Chisel Head
ExtraTiC:chiselHead:119, Astral Silver Chisel Head
ExtraTiC:chiselHead:120, Atlarus Chisel Head
ExtraTiC:chiselHead:121, Black Steel Chisel Head
ExtraTiC:chiselHead:122, Carmot Chisel Head
ExtraTiC:chiselHead:123, Celenegil Chisel Head
ExtraTiC:chiselHead:124, Deep Iron Chisel Head
ExtraTiC:chiselHead:125, Haderoth Chisel Head
ExtraTiC:chiselHead:126, Mithril Chisel Head
ExtraTiC:chiselHead:127, Orichalcum Chisel Head
ExtraTiC:chunk:128, Oureclase Chunk
ExtraTiC:chunk:129, Prometheum Chunk
ExtraTiC:chunk:130, Quicksilver Chunk
ExtraTiC:chunk:131, Tartarite Chunk
ExtraTiC:chunk:132, Desichalkos Chunk
ExtraTiC:chunk:133, Eximite Chunk
ExtraTiC:chunk:139, Refined Glowstone Chunk
ExtraTiC:chunk:140, Osmium Chunk
ExtraTiC:chunk:141, Pokefennium Chunk
ExtraTiC:chunk:142, Fairy Chunk
ExtraTiC:chunk:143, Certus Quartz Chunk
ExtraTiC:chunk:145, Manasteel Chunk
ExtraTiC:chunk:146, Terrasteel Chunk
ExtraTiC:chunk:147, Elementium Chunk
ExtraTiC:chunk:164, Amethyst Chunk
ExtraTiC:chunk:165, Peridot Chunk
ExtraTiC:chunk:166, Ruby Chunk
ExtraTiC:chunk:167, Sapphire Chunk
ExtraTiC:chunk:171, Dark Steel Chunk
ExtraTiC:chunk:173, RedAurum Chunk
ExtraTiC:chunk:178, Draconium Chunk
ExtraTiC:chunk:179, Awakened Draconium Chunk
ExtraTiC:chunk:180, Glue Chunk
ExtraTiC:chunk:181, Yellorium Chunk
ExtraTiC:chunk:182, Cyanite Chunk
ExtraTiC:chunk:183, Blutonium Chunk
ExtraTiC:chunk:184, Ludicrite Chunk
ExtraTiC:chunk:185, Bedrockium Chunk
ExtraTiC:chunk:189, Enderium Chunk
ExtraTiC:chunk:190, Signalum Chunk
ExtraTiC:chunk:191, Lumium Chunk
ExtraTiC:chunk:100, Angmallen Chunk
ExtraTiC:chunk:101, Damascus Steel Chunk
ExtraTiC:chunk:102, Hepatizon Chunk
ExtraTiC:chunk:103, Brass Chunk
ExtraTiC:chunk:104, Electrum Chunk
ExtraTiC:chunk:105, Platinum Chunk
ExtraTiC:chunk:106, Silver Chunk
ExtraTiC:chunk:107, Amordrine Chunk
ExtraTiC:chunk:108, Ceruclase Chunk
ExtraTiC:chunk:109, Ignatius Chunk
ExtraTiC:chunk:110, Inolashite Chunk
ExtraTiC:chunk:111, Kalendrite Chunk
ExtraTiC:chunk:112, Midasium Chunk
ExtraTiC:chunk:113, Sanguinite Chunk
ExtraTiC:chunk:114, Shadow Iron Chunk
ExtraTiC:chunk:115, Shadow Steel Chunk
ExtraTiC:chunk:116, Vulcanite Chunk
ExtraTiC:chunk:117, Vyroxeres Chunk
ExtraTiC:chunk:118, Adamantine Chunk
ExtraTiC:chunk:119, Astral Silver Chunk
ExtraTiC:chunk:120, Atlarus Chunk
ExtraTiC:chunk:121, Black Steel Chunk
ExtraTiC:chunk:122, Carmot Chunk
ExtraTiC:chunk:123, Celenegil Chunk
ExtraTiC:chunk:124, Deep Iron Chunk
ExtraTiC:chunk:125, Haderoth Chunk
ExtraTiC:chunk:126, Mithril Chunk
ExtraTiC:chunk:127, Orichalcum Chunk
ExtraTiC:crossbar:128, Oureclase Crossbar
ExtraTiC:crossbar:129, Prometheum Crossbar
ExtraTiC:crossbar:130, Quicksilver Crossbar
ExtraTiC:crossbar:131, Tartarite Crossbar
ExtraTiC:crossbar:132, Desichalkos Crossbar
ExtraTiC:crossbar:133, Eximite Crossbar
ExtraTiC:crossbar:139, Refined Glowstone Crossbar
ExtraTiC:crossbar:140, Osmium Crossbar
ExtraTiC:crossbar:141, Pokefennium Crossbar
ExtraTiC:crossbar:142, Fairy Crossbar
ExtraTiC:crossbar:143, Certus Quartz Crossbar
ExtraTiC:crossbar:145, Manasteel Crossbar
ExtraTiC:crossbar:146, Terrasteel Crossbar
ExtraTiC:crossbar:147, Elementium Crossbar
ExtraTiC:crossbar:164, Amethyst Crossbar
ExtraTiC:crossbar:165, Peridot Crossbar
ExtraTiC:crossbar:166, Ruby Crossbar
ExtraTiC:crossbar:167, Sapphire Crossbar
ExtraTiC:crossbar:171, Dark Steel Crossbar
ExtraTiC:crossbar:173, RedAurum Crossbar
ExtraTiC:crossbar:178, Draconium Crossbar
ExtraTiC:crossbar:179, Awakened Draconium Crossbar
ExtraTiC:crossbar:180, Glue Crossbar
ExtraTiC:crossbar:181, Yellorium Crossbar
ExtraTiC:crossbar:182, Cyanite Crossbar
ExtraTiC:crossbar:183, Blutonium Crossbar
ExtraTiC:crossbar:184, Ludicrite Crossbar
ExtraTiC:crossbar:185, Bedrockium Crossbar
ExtraTiC:crossbar:189, Enderium Crossbar
ExtraTiC:crossbar:190, Signalum Crossbar
ExtraTiC:crossbar:191, Lumium Crossbar
ExtraTiC:crossbar:100, Angmallen Crossbar
ExtraTiC:crossbar:101, Damascus Steel Crossbar
ExtraTiC:crossbar:102, Hepatizon Crossbar
ExtraTiC:crossbar:103, Brass Crossbar
ExtraTiC:crossbar:104, Electrum Crossbar
ExtraTiC:crossbar:105, Platinum Crossbar
ExtraTiC:crossbar:106, Silver Crossbar
ExtraTiC:crossbar:107, Amordrine Crossbar
ExtraTiC:crossbar:108, Ceruclase Crossbar
ExtraTiC:crossbar:109, Ignatius Crossbar
ExtraTiC:crossbar:110, Inolashite Crossbar
ExtraTiC:crossbar:111, Kalendrite Crossbar
ExtraTiC:crossbar:112, Midasium Crossbar
ExtraTiC:crossbar:113, Sanguinite Crossbar
ExtraTiC:crossbar:114, Shadow Iron Crossbar
ExtraTiC:crossbar:115, Shadow Steel Crossbar
ExtraTiC:crossbar:116, Vulcanite Crossbar
ExtraTiC:crossbar:117, Vyroxeres Crossbar
ExtraTiC:crossbar:118, Adamantine Crossbar
ExtraTiC:crossbar:119, Astral Silver Crossbar
ExtraTiC:crossbar:120, Atlarus Crossbar
ExtraTiC:crossbar:121, Black Steel Crossbar
ExtraTiC:crossbar:122, Carmot Crossbar
ExtraTiC:crossbar:123, Celenegil Crossbar
ExtraTiC:crossbar:124, Deep Iron Crossbar
ExtraTiC:crossbar:125, Haderoth Crossbar
ExtraTiC:crossbar:126, Mithril Crossbar
ExtraTiC:crossbar:127, Orichalcum Crossbar
ExtraTiC:excavatorHead:128, Oureclase Excavator Head
ExtraTiC:excavatorHead:129, Prometheum Excavator Head
ExtraTiC:excavatorHead:130, Quicksilver Excavator Head
ExtraTiC:excavatorHead:131, Tartarite Excavator Head
ExtraTiC:excavatorHead:132, Desichalkos Excavator Head
ExtraTiC:excavatorHead:133, Eximite Excavator Head
ExtraTiC:excavatorHead:139, Refined Glowstone Excavator Head
ExtraTiC:excavatorHead:140, Osmium Excavator Head
ExtraTiC:excavatorHead:141, Pokefennium Excavator Head
ExtraTiC:excavatorHead:142, Fairy Excavator Head
ExtraTiC:excavatorHead:143, Certus Quartz Excavator Head
ExtraTiC:excavatorHead:145, Manasteel Excavator Head
ExtraTiC:excavatorHead:146, Terrasteel Excavator Head
ExtraTiC:excavatorHead:147, Elementium Excavator Head
ExtraTiC:excavatorHead:164, Amethyst Excavator Head
ExtraTiC:excavatorHead:165, Peridot Excavator Head
ExtraTiC:excavatorHead:166, Ruby Excavator Head
ExtraTiC:excavatorHead:167, Sapphire Excavator Head
ExtraTiC:excavatorHead:171, Dark Steel Excavator Head
ExtraTiC:excavatorHead:173, RedAurum Excavator Head
ExtraTiC:excavatorHead:178, Draconium Excavator Head
ExtraTiC:excavatorHead:179, Awakened Draconium Excavator Head
ExtraTiC:excavatorHead:180, Glue Excavator Head
ExtraTiC:excavatorHead:181, Yellorium Excavator Head
ExtraTiC:excavatorHead:182, Cyanite Excavator Head
ExtraTiC:excavatorHead:183, Blutonium Excavator Head
ExtraTiC:excavatorHead:184, Ludicrite Excavator Head
ExtraTiC:excavatorHead:185, Bedrockium Excavator Head
ExtraTiC:excavatorHead:189, Enderium Excavator Head
ExtraTiC:excavatorHead:190, Signalum Excavator Head
ExtraTiC:excavatorHead:191, Lumium Excavator Head
ExtraTiC:excavatorHead:100, Angmallen Excavator Head
ExtraTiC:excavatorHead:101, Damascus Steel Excavator Head
ExtraTiC:excavatorHead:102, Hepatizon Excavator Head
ExtraTiC:excavatorHead:103, Brass Excavator Head
ExtraTiC:excavatorHead:104, Electrum Excavator Head
ExtraTiC:excavatorHead:105, Platinum Excavator Head
ExtraTiC:excavatorHead:106, Silver Excavator Head
ExtraTiC:excavatorHead:107, Amordrine Excavator Head
ExtraTiC:excavatorHead:108, Ceruclase Excavator Head
ExtraTiC:excavatorHead:109, Ignatius Excavator Head
ExtraTiC:excavatorHead:110, Inolashite Excavator Head
ExtraTiC:excavatorHead:111, Kalendrite Excavator Head
ExtraTiC:excavatorHead:112, Midasium Excavator Head
ExtraTiC:excavatorHead:113, Sanguinite Excavator Head
ExtraTiC:excavatorHead:114, Shadow Iron Excavator Head
ExtraTiC:excavatorHead:115, Shadow Steel Excavator Head
ExtraTiC:excavatorHead:116, Vulcanite Excavator Head
ExtraTiC:excavatorHead:117, Vyroxeres Excavator Head
ExtraTiC:excavatorHead:118, Adamantine Excavator Head
ExtraTiC:excavatorHead:119, Astral Silver Excavator Head
ExtraTiC:excavatorHead:120, Atlarus Excavator Head
ExtraTiC:excavatorHead:121, Black Steel Excavator Head
ExtraTiC:excavatorHead:122, Carmot Excavator Head
ExtraTiC:excavatorHead:123, Celenegil Excavator Head
ExtraTiC:excavatorHead:124, Deep Iron Excavator Head
ExtraTiC:excavatorHead:125, Haderoth Excavator Head
ExtraTiC:excavatorHead:126, Mithril Excavator Head
ExtraTiC:excavatorHead:127, Orichalcum Excavator Head
ExtraTiC:frypanHead:128, Oureclase Pan Head
ExtraTiC:frypanHead:129, Prometheum Pan Head
ExtraTiC:frypanHead:130, Quicksilver Pan Head
ExtraTiC:frypanHead:131, Tartarite Pan Head
ExtraTiC:frypanHead:132, Desichalkos Pan Head
ExtraTiC:frypanHead:133, Eximite Pan Head
ExtraTiC:frypanHead:139, Refined Glowstone Pan Head
ExtraTiC:frypanHead:140, Osmium Pan Head
ExtraTiC:frypanHead:141, Pokefennium Pan Head
ExtraTiC:frypanHead:142, Fairy Pan Head
ExtraTiC:frypanHead:143, Certus Quartz Pan Head
ExtraTiC:frypanHead:145, Manasteel Pan Head
ExtraTiC:frypanHead:146, Terrasteel Pan Head
ExtraTiC:frypanHead:147, Elementium Pan Head
ExtraTiC:frypanHead:164, Amethyst Pan Head
ExtraTiC:frypanHead:165, Peridot Pan Head
ExtraTiC:frypanHead:166, Ruby Pan Head
ExtraTiC:frypanHead:167, Sapphire Pan Head
ExtraTiC:frypanHead:171, Dark Steel Pan Head
ExtraTiC:frypanHead:173, RedAurum Pan Head
ExtraTiC:frypanHead:178, Draconium Pan Head
ExtraTiC:frypanHead:179, Awakened Draconium Pan Head
ExtraTiC:frypanHead:180, Glue Pan Head
ExtraTiC:frypanHead:181, Yellorium Pan Head
ExtraTiC:frypanHead:182, Cyanite Pan Head
ExtraTiC:frypanHead:183, Blutonium Pan Head
ExtraTiC:frypanHead:184, Ludicrite Pan Head
ExtraTiC:frypanHead:185, Bedrockium Pan Head
ExtraTiC:frypanHead:189, Enderium Pan Head
ExtraTiC:frypanHead:190, Signalum Pan Head
ExtraTiC:frypanHead:191, Lumium Pan Head
ExtraTiC:frypanHead:100, Angmallen Pan Head
ExtraTiC:frypanHead:101, Damascus Steel Pan Head
ExtraTiC:frypanHead:102, Hepatizon Pan Head
ExtraTiC:frypanHead:103, Brass Pan Head
ExtraTiC:frypanHead:104, Electrum Pan Head
ExtraTiC:frypanHead:105, Platinum Pan Head
ExtraTiC:frypanHead:106, Silver Pan Head
ExtraTiC:frypanHead:107, Amordrine Pan Head
ExtraTiC:frypanHead:108, Ceruclase Pan Head
ExtraTiC:frypanHead:109, Ignatius Pan Head
ExtraTiC:frypanHead:110, Inolashite Pan Head
ExtraTiC:frypanHead:111, Kalendrite Pan Head
ExtraTiC:frypanHead:112, Midasium Pan Head
ExtraTiC:frypanHead:113, Sanguinite Pan Head
ExtraTiC:frypanHead:114, Shadow Iron Pan Head
ExtraTiC:frypanHead:115, Shadow Steel Pan Head
ExtraTiC:frypanHead:116, Vulcanite Pan Head
ExtraTiC:frypanHead:117, Vyroxeres Pan Head
ExtraTiC:frypanHead:118, Adamantine Pan Head
ExtraTiC:frypanHead:119, Astral Silver Pan Head
ExtraTiC:frypanHead:120, Atlarus Pan Head
ExtraTiC:frypanHead:121, Black Steel Pan Head
ExtraTiC:frypanHead:122, Carmot Pan Head
ExtraTiC:frypanHead:123, Celenegil Pan Head
ExtraTiC:frypanHead:124, Deep Iron Pan Head
ExtraTiC:frypanHead:125, Haderoth Pan Head
ExtraTiC:frypanHead:126, Mithril Pan Head
ExtraTiC:frypanHead:127, Orichalcum Pan Head
ExtraTiC:fullGuard:128, Oureclase Full Guard
ExtraTiC:fullGuard:129, Prometheum Full Guard
ExtraTiC:fullGuard:130, Quicksilver Full Guard
ExtraTiC:fullGuard:131, Tartarite Full Guard
ExtraTiC:fullGuard:132, Desichalkos Full Guard
ExtraTiC:fullGuard:133, Eximite Full Guard
ExtraTiC:fullGuard:139, Refined Glowstone Full Guard
ExtraTiC:fullGuard:140, Osmium Full Guard
ExtraTiC:fullGuard:141, Pokefennium Full Guard
ExtraTiC:fullGuard:142, Fairy Full Guard
ExtraTiC:fullGuard:143, Certus Quartz Full Guard
ExtraTiC:fullGuard:145, Manasteel Full Guard
ExtraTiC:fullGuard:146, Terrasteel Full Guard
ExtraTiC:fullGuard:147, Elementium Full Guard
ExtraTiC:fullGuard:164, Amethyst Full Guard
ExtraTiC:fullGuard:165, Peridot Full Guard
ExtraTiC:fullGuard:166, Ruby Full Guard
ExtraTiC:fullGuard:167, Sapphire Full Guard
ExtraTiC:fullGuard:171, Dark Steel Full Guard
ExtraTiC:fullGuard:173, RedAurum Full Guard
ExtraTiC:fullGuard:178, Draconium Full Guard
ExtraTiC:fullGuard:179, Awakened Draconium Full Guard
ExtraTiC:fullGuard:180, Glue Full Guard
ExtraTiC:fullGuard:181, Yellorium Full Guard
ExtraTiC:fullGuard:182, Cyanite Full Guard
ExtraTiC:fullGuard:183, Blutonium Full Guard
ExtraTiC:fullGuard:184, Ludicrite Full Guard
ExtraTiC:fullGuard:185, Bedrockium Full Guard
ExtraTiC:fullGuard:189, Enderium Full Guard
ExtraTiC:fullGuard:190, Signalum Full Guard
ExtraTiC:fullGuard:191, Lumium Full Guard
ExtraTiC:fullGuard:100, Angmallen Full Guard
ExtraTiC:fullGuard:101, Damascus Steel Full Guard
ExtraTiC:fullGuard:102, Hepatizon Full Guard
ExtraTiC:fullGuard:103, Brass Full Guard
ExtraTiC:fullGuard:104, Electrum Full Guard
ExtraTiC:fullGuard:105, Platinum Full Guard
ExtraTiC:fullGuard:106, Silver Full Guard
ExtraTiC:fullGuard:107, Amordrine Full Guard
ExtraTiC:fullGuard:108, Ceruclase Full Guard
ExtraTiC:fullGuard:109, Ignatius Full Guard
ExtraTiC:fullGuard:110, Inolashite Full Guard
ExtraTiC:fullGuard:111, Kalendrite Full Guard
ExtraTiC:fullGuard:112, Midasium Full Guard
ExtraTiC:fullGuard:113, Sanguinite Full Guard
ExtraTiC:fullGuard:114, Shadow Iron Full Guard
ExtraTiC:fullGuard:115, Shadow Steel Full Guard
ExtraTiC:fullGuard:116, Vulcanite Full Guard
ExtraTiC:fullGuard:117, Vyroxeres Full Guard
ExtraTiC:fullGuard:118, Adamantine Full Guard
ExtraTiC:fullGuard:119, Astral Silver Full Guard
ExtraTiC:fullGuard:120, Atlarus Full Guard
ExtraTiC:fullGuard:121, Black Steel Full Guard
ExtraTiC:fullGuard:122, Carmot Full Guard
ExtraTiC:fullGuard:123, Celenegil Full Guard
ExtraTiC:fullGuard:124, Deep Iron Full Guard
ExtraTiC:fullGuard:125, Haderoth Full Guard
ExtraTiC:fullGuard:126, Mithril Full Guard
ExtraTiC:fullGuard:127, Orichalcum Full Guard
ExtraTiC:hammerHead:128, Oureclase Hammer Head
ExtraTiC:hammerHead:129, Prometheum Hammer Head
ExtraTiC:hammerHead:130, Quicksilver Hammer Head
ExtraTiC:hammerHead:131, Tartarite Hammer Head
ExtraTiC:hammerHead:132, Desichalkos Hammer Head
ExtraTiC:hammerHead:133, Eximite Hammer Head
ExtraTiC:hammerHead:139, Refined Glowstone Hammer Head
ExtraTiC:hammerHead:140, Osmium Hammer Head
ExtraTiC:hammerHead:141, Pokefennium Hammer Head
ExtraTiC:hammerHead:142, Fairy Hammer Head
ExtraTiC:hammerHead:143, Certus Quartz Hammer Head
ExtraTiC:hammerHead:145, Manasteel Hammer Head
ExtraTiC:hammerHead:146, Terrasteel Hammer Head
ExtraTiC:hammerHead:147, Elementium Hammer Head
ExtraTiC:hammerHead:164, Amethyst Hammer Head
ExtraTiC:hammerHead:165, Peridot Hammer Head
ExtraTiC:hammerHead:166, Ruby Hammer Head
ExtraTiC:hammerHead:167, Sapphire Hammer Head
ExtraTiC:hammerHead:171, Dark Steel Hammer Head
ExtraTiC:hammerHead:173, RedAurum Hammer Head
ExtraTiC:hammerHead:178, Draconium Hammer Head
ExtraTiC:hammerHead:179, Awakened Draconium Hammer Head
ExtraTiC:hammerHead:180, Glue Hammer Head
ExtraTiC:hammerHead:181, Yellorium Hammer Head
ExtraTiC:hammerHead:182, Cyanite Hammer Head
ExtraTiC:hammerHead:183, Blutonium Hammer Head
ExtraTiC:hammerHead:184, Ludicrite Hammer Head
ExtraTiC:hammerHead:185, Bedrockium Hammer Head
ExtraTiC:hammerHead:189, Enderium Hammer Head
ExtraTiC:hammerHead:190, Signalum Hammer Head
ExtraTiC:hammerHead:191, Lumium Hammer Head
ExtraTiC:hammerHead:100, Angmallen Hammer Head
ExtraTiC:hammerHead:101, Damascus Steel Hammer Head
ExtraTiC:hammerHead:102, Hepatizon Hammer Head
ExtraTiC:hammerHead:103, Brass Hammer Head
ExtraTiC:hammerHead:104, Electrum Hammer Head
ExtraTiC:hammerHead:105, Platinum Hammer Head
ExtraTiC:hammerHead:106, Silver Hammer Head
ExtraTiC:hammerHead:107, Amordrine Hammer Head
ExtraTiC:hammerHead:108, Ceruclase Hammer Head
ExtraTiC:hammerHead:109, Ignatius Hammer Head
ExtraTiC:hammerHead:110, Inolashite Hammer Head
ExtraTiC:hammerHead:111, Kalendrite Hammer Head
ExtraTiC:hammerHead:112, Midasium Hammer Head
ExtraTiC:hammerHead:113, Sanguinite Hammer Head
ExtraTiC:hammerHead:114, Shadow Iron Hammer Head
ExtraTiC:hammerHead:115, Shadow Steel Hammer Head
ExtraTiC:hammerHead:116, Vulcanite Hammer Head
ExtraTiC:hammerHead:117, Vyroxeres Hammer Head
ExtraTiC:hammerHead:118, Adamantine Hammer Head
ExtraTiC:hammerHead:119, Astral Silver Hammer Head
ExtraTiC:hammerHead:120, Atlarus Hammer Head
ExtraTiC:hammerHead:121, Black Steel Hammer Head
ExtraTiC:hammerHead:122, Carmot Hammer Head
ExtraTiC:hammerHead:123, Celenegil Hammer Head
ExtraTiC:hammerHead:124, Deep Iron Hammer Head
ExtraTiC:hammerHead:125, Haderoth Hammer Head
ExtraTiC:hammerHead:126, Mithril Hammer Head
ExtraTiC:hammerHead:127, Orichalcum Hammer Head
ExtraTiC:knifeBlade:128, Oureclase Knife Blade
ExtraTiC:knifeBlade:129, Prometheum Knife Blade
ExtraTiC:knifeBlade:130, Quicksilver Knife Blade
ExtraTiC:knifeBlade:131, Tartarite Knife Blade
ExtraTiC:knifeBlade:132, Desichalkos Knife Blade
ExtraTiC:knifeBlade:133, Eximite Knife Blade
ExtraTiC:knifeBlade:139, Refined Glowstone Knife Blade
ExtraTiC:knifeBlade:140, Osmium Knife Blade
ExtraTiC:knifeBlade:141, Pokefennium Knife Blade
ExtraTiC:knifeBlade:142, Fairy Knife Blade
ExtraTiC:knifeBlade:143, Certus Quartz Knife Blade
ExtraTiC:knifeBlade:145, Manasteel Knife Blade
ExtraTiC:knifeBlade:146, Terrasteel Knife Blade
ExtraTiC:knifeBlade:147, Elementium Knife Blade
ExtraTiC:knifeBlade:164, Amethyst Knife Blade
ExtraTiC:knifeBlade:165, Peridot Knife Blade
ExtraTiC:knifeBlade:166, Ruby Knife Blade
ExtraTiC:knifeBlade:167, Sapphire Knife Blade
ExtraTiC:knifeBlade:171, Dark Steel Knife Blade
ExtraTiC:knifeBlade:173, RedAurum Knife Blade
ExtraTiC:knifeBlade:178, Draconium Knife Blade
ExtraTiC:knifeBlade:179, Awakened Draconium Knife Blade
ExtraTiC:knifeBlade:180, Glue Knife Blade
ExtraTiC:knifeBlade:181, Yellorium Knife Blade
ExtraTiC:knifeBlade:182, Cyanite Knife Blade
ExtraTiC:knifeBlade:183, Blutonium Knife Blade
ExtraTiC:knifeBlade:184, Ludicrite Knife Blade
ExtraTiC:knifeBlade:185, Bedrockium Knife Blade
ExtraTiC:knifeBlade:189, Enderium Knife Blade
ExtraTiC:knifeBlade:190, Signalum Knife Blade
ExtraTiC:knifeBlade:191, Lumium Knife Blade
ExtraTiC:knifeBlade:100, Angmallen Knife Blade
ExtraTiC:knifeBlade:101, Damascus Steel Knife Blade
ExtraTiC:knifeBlade:102, Hepatizon Knife Blade
ExtraTiC:knifeBlade:103, Brass Knife Blade
ExtraTiC:knifeBlade:104, Electrum Knife Blade
ExtraTiC:knifeBlade:105, Platinum Knife Blade
ExtraTiC:knifeBlade:106, Silver Knife Blade
ExtraTiC:knifeBlade:107, Amordrine Knife Blade
ExtraTiC:knifeBlade:108, Ceruclase Knife Blade
ExtraTiC:knifeBlade:109, Ignatius Knife Blade
ExtraTiC:knifeBlade:110, Inolashite Knife Blade
ExtraTiC:knifeBlade:111, Kalendrite Knife Blade
ExtraTiC:knifeBlade:112, Midasium Knife Blade
ExtraTiC:knifeBlade:113, Sanguinite Knife Blade
ExtraTiC:knifeBlade:114, Shadow Iron Knife Blade
ExtraTiC:knifeBlade:115, Shadow Steel Knife Blade
ExtraTiC:knifeBlade:116, Vulcanite Knife Blade
ExtraTiC:knifeBlade:117, Vyroxeres Knife Blade
ExtraTiC:knifeBlade:118, Adamantine Knife Blade
ExtraTiC:knifeBlade:119, Astral Silver Knife Blade
ExtraTiC:knifeBlade:120, Atlarus Knife Blade
ExtraTiC:knifeBlade:121, Black Steel Knife Blade
ExtraTiC:knifeBlade:122, Carmot Knife Blade
ExtraTiC:knifeBlade:123, Celenegil Knife Blade
ExtraTiC:knifeBlade:124, Deep Iron Knife Blade
ExtraTiC:knifeBlade:125, Haderoth Knife Blade
ExtraTiC:knifeBlade:126, Mithril Knife Blade
ExtraTiC:knifeBlade:127, Orichalcum Knife Blade
ExtraTiC:largeGuard:128, Oureclase Large Guard
ExtraTiC:largeGuard:129, Prometheum Large Guard
ExtraTiC:largeGuard:130, Quicksilver Large Guard
ExtraTiC:largeGuard:131, Tartarite Large Guard
ExtraTiC:largeGuard:132, Desichalkos Large Guard
ExtraTiC:largeGuard:133, Eximite Large Guard
ExtraTiC:largeGuard:139, Refined Glowstone Large Guard
ExtraTiC:largeGuard:140, Osmium Large Guard
ExtraTiC:largeGuard:141, Pokefennium Large Guard
ExtraTiC:largeGuard:142, Fairy Large Guard
ExtraTiC:largeGuard:143, Certus Quartz Large Guard
ExtraTiC:largeGuard:145, Manasteel Large Guard
ExtraTiC:largeGuard:146, Terrasteel Large Guard
ExtraTiC:largeGuard:147, Elementium Large Guard
ExtraTiC:largeGuard:164, Amethyst Large Guard
ExtraTiC:largeGuard:165, Peridot Large Guard
ExtraTiC:largeGuard:166, Ruby Large Guard
ExtraTiC:largeGuard:167, Sapphire Large Guard
ExtraTiC:largeGuard:171, Dark Steel Large Guard
ExtraTiC:largeGuard:173, RedAurum Large Guard
ExtraTiC:largeGuard:178, Draconium Large Guard
ExtraTiC:largeGuard:179, Awakened Draconium Large Guard
ExtraTiC:largeGuard:180, Glue Large Guard
ExtraTiC:largeGuard:181, Yellorium Large Guard
ExtraTiC:largeGuard:182, Cyanite Large Guard
ExtraTiC:largeGuard:183, Blutonium Large Guard
ExtraTiC:largeGuard:184, Ludicrite Large Guard
ExtraTiC:largeGuard:185, Bedrockium Large Guard
ExtraTiC:largeGuard:189, Enderium Large Guard
ExtraTiC:largeGuard:190, Signalum Large Guard
ExtraTiC:largeGuard:191, Lumium Large Guard
ExtraTiC:largeGuard:100, Angmallen Large Guard
ExtraTiC:largeGuard:101, Damascus Steel Large Guard
ExtraTiC:largeGuard:102, Hepatizon Large Guard
ExtraTiC:largeGuard:103, Brass Large Guard
ExtraTiC:largeGuard:104, Electrum Large Guard
ExtraTiC:largeGuard:105, Platinum Large Guard
ExtraTiC:largeGuard:106, Silver Large Guard
ExtraTiC:largeGuard:107, Amordrine Large Guard
ExtraTiC:largeGuard:108, Ceruclase Large Guard
ExtraTiC:largeGuard:109, Ignatius Large Guard
ExtraTiC:largeGuard:110, Inolashite Large Guard
ExtraTiC:largeGuard:111, Kalendrite Large Guard
ExtraTiC:largeGuard:112, Midasium Large Guard
ExtraTiC:largeGuard:113, Sanguinite Large Guard
ExtraTiC:largeGuard:114, Shadow Iron Large Guard
ExtraTiC:largeGuard:115, Shadow Steel Large Guard
ExtraTiC:largeGuard:116, Vulcanite Large Guard
ExtraTiC:largeGuard:117, Vyroxeres Large Guard
ExtraTiC:largeGuard:118, Adamantine Large Guard
ExtraTiC:largeGuard:119, Astral Silver Large Guard
ExtraTiC:largeGuard:120, Atlarus Large Guard
ExtraTiC:largeGuard:121, Black Steel Large Guard
ExtraTiC:largeGuard:122, Carmot Large Guard
ExtraTiC:largeGuard:123, Celenegil Large Guard
ExtraTiC:largeGuard:124, Deep Iron Large Guard
ExtraTiC:largeGuard:125, Haderoth Large Guard
ExtraTiC:largeGuard:126, Mithril Large Guard
ExtraTiC:largeGuard:127, Orichalcum Large Guard
ExtraTiC:largeSwordBlade:128, Oureclase Large Sword Blade
ExtraTiC:largeSwordBlade:129, Prometheum Large Sword Blade
ExtraTiC:largeSwordBlade:130, Quicksilver Large Sword Blade
ExtraTiC:largeSwordBlade:131, Tartarite Large Sword Blade
ExtraTiC:largeSwordBlade:132, Desichalkos Large Sword Blade
ExtraTiC:largeSwordBlade:133, Eximite Large Sword Blade
ExtraTiC:largeSwordBlade:139, Refined Glowstone Large Sword Blade
ExtraTiC:largeSwordBlade:140, Osmium Large Sword Blade
ExtraTiC:largeSwordBlade:141, Pokefennium Large Sword Blade
ExtraTiC:largeSwordBlade:142, Fairy Large Sword Blade
ExtraTiC:largeSwordBlade:143, Certus Quartz Large Sword Blade
ExtraTiC:largeSwordBlade:145, Manasteel Large Sword Blade
ExtraTiC:largeSwordBlade:146, Terrasteel Large Sword Blade
ExtraTiC:largeSwordBlade:147, Elementium Large Sword Blade
ExtraTiC:largeSwordBlade:164, Amethyst Large Sword Blade
ExtraTiC:largeSwordBlade:165, Peridot Large Sword Blade
ExtraTiC:largeSwordBlade:166, Ruby Large Sword Blade
ExtraTiC:largeSwordBlade:167, Sapphire Large Sword Blade
ExtraTiC:largeSwordBlade:171, Dark Steel Large Sword Blade
ExtraTiC:largeSwordBlade:173, RedAurum Large Sword Blade
ExtraTiC:largeSwordBlade:178, Draconium Large Sword Blade
ExtraTiC:largeSwordBlade:179, Awakened Draconium Large Sword Blade
ExtraTiC:largeSwordBlade:180, Glue Large Sword Blade
ExtraTiC:largeSwordBlade:181, Yellorium Large Sword Blade
ExtraTiC:largeSwordBlade:182, Cyanite Large Sword Blade
ExtraTiC:largeSwordBlade:183, Blutonium Large Sword Blade
ExtraTiC:largeSwordBlade:184, Ludicrite Large Sword Blade
ExtraTiC:largeSwordBlade:185, Bedrockium Large Sword Blade
ExtraTiC:largeSwordBlade:189, Enderium Large Sword Blade
ExtraTiC:largeSwordBlade:190, Signalum Large Sword Blade
ExtraTiC:largeSwordBlade:191, Lumium Large Sword Blade
ExtraTiC:largeSwordBlade:100, Angmallen Large Sword Blade
ExtraTiC:largeSwordBlade:101, Damascus Steel Large Sword Blade
ExtraTiC:largeSwordBlade:102, Hepatizon Large Sword Blade
ExtraTiC:largeSwordBlade:103, Brass Large Sword Blade
ExtraTiC:largeSwordBlade:104, Electrum Large Sword Blade
ExtraTiC:largeSwordBlade:105, Platinum Large Sword Blade
ExtraTiC:largeSwordBlade:106, Silver Large Sword Blade
ExtraTiC:largeSwordBlade:107, Amordrine Large Sword Blade
ExtraTiC:largeSwordBlade:108, Ceruclase Large Sword Blade
ExtraTiC:largeSwordBlade:109, Ignatius Large Sword Blade
ExtraTiC:largeSwordBlade:110, Inolashite Large Sword Blade
ExtraTiC:largeSwordBlade:111, Kalendrite Large Sword Blade
ExtraTiC:largeSwordBlade:112, Midasium Large Sword Blade
ExtraTiC:largeSwordBlade:113, Sanguinite Large Sword Blade
ExtraTiC:largeSwordBlade:114, Shadow Iron Large Sword Blade
ExtraTiC:largeSwordBlade:115, Shadow Steel Large Sword Blade
ExtraTiC:largeSwordBlade:116, Vulcanite Large Sword Blade
ExtraTiC:largeSwordBlade:117, Vyroxeres Large Sword Blade
ExtraTiC:largeSwordBlade:118, Adamantine Large Sword Blade
ExtraTiC:largeSwordBlade:119, Astral Silver Large Sword Blade
ExtraTiC:largeSwordBlade:120, Atlarus Large Sword Blade
ExtraTiC:largeSwordBlade:121, Black Steel Large Sword Blade
ExtraTiC:largeSwordBlade:122, Carmot Large Sword Blade
ExtraTiC:largeSwordBlade:123, Celenegil Large Sword Blade
ExtraTiC:largeSwordBlade:124, Deep Iron Large Sword Blade
ExtraTiC:largeSwordBlade:125, Haderoth Large Sword Blade
ExtraTiC:largeSwordBlade:126, Mithril Large Sword Blade
ExtraTiC:largeSwordBlade:127, Orichalcum Large Sword Blade
ExtraTiC:largeplate:128, Oureclase Large Plate
ExtraTiC:largeplate:129, Prometheum Large Plate
ExtraTiC:largeplate:130, Quicksilver Large Plate
ExtraTiC:largeplate:131, Tartarite Large Plate
ExtraTiC:largeplate:132, Desichalkos Large Plate
ExtraTiC:largeplate:133, Eximite Large Plate
ExtraTiC:largeplate:139, Refined Glowstone Large Plate
ExtraTiC:largeplate:140, Osmium Large Plate
ExtraTiC:largeplate:141, Pokefennium Large Plate
ExtraTiC:largeplate:142, Fairy Large Plate
ExtraTiC:largeplate:143, Certus Quartz Large Plate
ExtraTiC:largeplate:145, Manasteel Large Plate
ExtraTiC:largeplate:146, Terrasteel Large Plate
ExtraTiC:largeplate:147, Elementium Large Plate
ExtraTiC:largeplate:164, Amethyst Large Plate
ExtraTiC:largeplate:165, Peridot Large Plate
ExtraTiC:largeplate:166, Ruby Large Plate
ExtraTiC:largeplate:167, Sapphire Large Plate
ExtraTiC:largeplate:171, Dark Steel Large Plate
ExtraTiC:largeplate:173, RedAurum Large Plate
ExtraTiC:largeplate:178, Draconium Large Plate
ExtraTiC:largeplate:179, Awakened Draconium Large Plate
ExtraTiC:largeplate:180, Glue Large Plate
ExtraTiC:largeplate:181, Yellorium Large Plate
ExtraTiC:largeplate:182, Cyanite Large Plate
ExtraTiC:largeplate:183, Blutonium Large Plate
ExtraTiC:largeplate:184, Ludicrite Large Plate
ExtraTiC:largeplate:185, Bedrockium Large Plate
ExtraTiC:largeplate:189, Enderium Large Plate
ExtraTiC:largeplate:190, Signalum Large Plate
ExtraTiC:largeplate:191, Lumium Large Plate
ExtraTiC:largeplate:100, Angmallen Large Plate
ExtraTiC:largeplate:101, Damascus Steel Large Plate
ExtraTiC:largeplate:102, Hepatizon Large Plate
ExtraTiC:largeplate:103, Brass Large Plate
ExtraTiC:largeplate:104, Electrum Large Plate
ExtraTiC:largeplate:105, Platinum Large Plate
ExtraTiC:largeplate:106, Silver Large Plate
ExtraTiC:largeplate:107, Amordrine Large Plate
ExtraTiC:largeplate:108, Ceruclase Large Plate
ExtraTiC:largeplate:109, Ignatius Large Plate
ExtraTiC:largeplate:110, Inolashite Large Plate
ExtraTiC:largeplate:111, Kalendrite Large Plate
ExtraTiC:largeplate:112, Midasium Large Plate
ExtraTiC:largeplate:113, Sanguinite Large Plate
ExtraTiC:largeplate:114, Shadow Iron Large Plate
ExtraTiC:largeplate:115, Shadow Steel Large Plate
ExtraTiC:largeplate:116, Vulcanite Large Plate
ExtraTiC:largeplate:117, Vyroxeres Large Plate
ExtraTiC:largeplate:118, Adamantine Large Plate
ExtraTiC:largeplate:119, Astral Silver Large Plate
ExtraTiC:largeplate:120, Atlarus Large Plate
ExtraTiC:largeplate:121, Black Steel Large Plate
ExtraTiC:largeplate:122, Carmot Large Plate
ExtraTiC:largeplate:123, Celenegil Large Plate
ExtraTiC:largeplate:124, Deep Iron Large Plate
ExtraTiC:largeplate:125, Haderoth Large Plate
ExtraTiC:largeplate:126, Mithril Large Plate
ExtraTiC:largeplate:127, Orichalcum Large Plate
ExtraTiC:lumberaxeHead:128, Oureclase Broad Axe Head
ExtraTiC:lumberaxeHead:129, Prometheum Broad Axe Head
ExtraTiC:lumberaxeHead:130, Quicksilver Broad Axe Head
ExtraTiC:lumberaxeHead:131, Tartarite Broad Axe Head
ExtraTiC:lumberaxeHead:132, Desichalkos Broad Axe Head
ExtraTiC:lumberaxeHead:133, Eximite Broad Axe Head
ExtraTiC:lumberaxeHead:139, Refined Glowstone Broad Axe Head
ExtraTiC:lumberaxeHead:140, Osmium Broad Axe Head
ExtraTiC:lumberaxeHead:141, Pokefennium Broad Axe Head
ExtraTiC:lumberaxeHead:142, Fairy Broad Axe Head
ExtraTiC:lumberaxeHead:143, Certus Quartz Broad Axe Head
ExtraTiC:lumberaxeHead:145, Manasteel Broad Axe Head
ExtraTiC:lumberaxeHead:146, Terrasteel Broad Axe Head
ExtraTiC:lumberaxeHead:147, Elementium Broad Axe Head
ExtraTiC:lumberaxeHead:164, Amethyst Broad Axe Head
ExtraTiC:lumberaxeHead:165, Peridot Broad Axe Head
ExtraTiC:lumberaxeHead:166, Ruby Broad Axe Head
ExtraTiC:lumberaxeHead:167, Sapphire Broad Axe Head
ExtraTiC:lumberaxeHead:171, Dark Steel Broad Axe Head
ExtraTiC:lumberaxeHead:173, RedAurum Broad Axe Head
ExtraTiC:lumberaxeHead:178, Draconium Broad Axe Head
ExtraTiC:lumberaxeHead:179, Awakened Draconium Broad Axe Head
ExtraTiC:lumberaxeHead:180, Glue Broad Axe Head
ExtraTiC:lumberaxeHead:181, Yellorium Broad Axe Head
ExtraTiC:lumberaxeHead:182, Cyanite Broad Axe Head
ExtraTiC:lumberaxeHead:183, Blutonium Broad Axe Head
ExtraTiC:lumberaxeHead:184, Ludicrite Broad Axe Head
ExtraTiC:lumberaxeHead:185, Bedrockium Broad Axe Head
ExtraTiC:lumberaxeHead:189, Enderium Broad Axe Head
ExtraTiC:lumberaxeHead:190, Signalum Broad Axe Head
ExtraTiC:lumberaxeHead:191, Lumium Broad Axe Head
ExtraTiC:lumberaxeHead:100, Angmallen Broad Axe Head
ExtraTiC:lumberaxeHead:101, Damascus Steel Broad Axe Head
ExtraTiC:lumberaxeHead:102, Hepatizon Broad Axe Head
ExtraTiC:lumberaxeHead:103, Brass Broad Axe Head
ExtraTiC:lumberaxeHead:104, Electrum Broad Axe Head
ExtraTiC:lumberaxeHead:105, Platinum Broad Axe Head
ExtraTiC:lumberaxeHead:106, Silver Broad Axe Head
ExtraTiC:lumberaxeHead:107, Amordrine Broad Axe Head
ExtraTiC:lumberaxeHead:108, Ceruclase Broad Axe Head
ExtraTiC:lumberaxeHead:109, Ignatius Broad Axe Head
ExtraTiC:lumberaxeHead:110, Inolashite Broad Axe Head
ExtraTiC:lumberaxeHead:111, Kalendrite Broad Axe Head
ExtraTiC:lumberaxeHead:112, Midasium Broad Axe Head
ExtraTiC:lumberaxeHead:113, Sanguinite Broad Axe Head
ExtraTiC:lumberaxeHead:114, Shadow Iron Broad Axe Head
ExtraTiC:lumberaxeHead:115, Shadow Steel Broad Axe Head
ExtraTiC:lumberaxeHead:116, Vulcanite Broad Axe Head
ExtraTiC:lumberaxeHead:117, Vyroxeres Broad Axe Head
ExtraTiC:lumberaxeHead:118, Adamantine Broad Axe Head
ExtraTiC:lumberaxeHead:119, Astral Silver Broad Axe Head
ExtraTiC:lumberaxeHead:120, Atlarus Broad Axe Head
ExtraTiC:lumberaxeHead:121, Black Steel Broad Axe Head
ExtraTiC:lumberaxeHead:122, Carmot Broad Axe Head
ExtraTiC:lumberaxeHead:123, Celenegil Broad Axe Head
ExtraTiC:lumberaxeHead:124, Deep Iron Broad Axe Head
ExtraTiC:lumberaxeHead:125, Haderoth Broad Axe Head
ExtraTiC:lumberaxeHead:126, Mithril Broad Axe Head
ExtraTiC:lumberaxeHead:127, Orichalcum Broad Axe Head
ExtraTiC:mediumGuard:128, Oureclase Medium Guard
ExtraTiC:mediumGuard:129, Prometheum Medium Guard
ExtraTiC:mediumGuard:130, Quicksilver Medium Guard
ExtraTiC:mediumGuard:131, Tartarite Medium Guard
ExtraTiC:mediumGuard:132, Desichalkos Medium Guard
ExtraTiC:mediumGuard:133, Eximite Medium Guard
ExtraTiC:mediumGuard:139, Refined Glowstone Medium Guard
ExtraTiC:mediumGuard:140, Osmium Medium Guard
ExtraTiC:mediumGuard:141, Pokefennium Medium Guard
ExtraTiC:mediumGuard:142, Fairy Medium Guard
ExtraTiC:mediumGuard:143, Certus Quartz Medium Guard
ExtraTiC:mediumGuard:145, Manasteel Medium Guard
ExtraTiC:mediumGuard:146, Terrasteel Medium Guard
ExtraTiC:mediumGuard:147, Elementium Medium Guard
ExtraTiC:mediumGuard:164, Amethyst Medium Guard
ExtraTiC:mediumGuard:165, Peridot Medium Guard
ExtraTiC:mediumGuard:166, Ruby Medium Guard
ExtraTiC:mediumGuard:167, Sapphire Medium Guard
ExtraTiC:mediumGuard:171, Dark Steel Medium Guard
ExtraTiC:mediumGuard:173, RedAurum Medium Guard
ExtraTiC:mediumGuard:178, Draconium Medium Guard
ExtraTiC:mediumGuard:179, Awakened Draconium Medium Guard
ExtraTiC:mediumGuard:180, Glue Medium Guard
ExtraTiC:mediumGuard:181, Yellorium Medium Guard
ExtraTiC:mediumGuard:182, Cyanite Medium Guard
ExtraTiC:mediumGuard:183, Blutonium Medium Guard
ExtraTiC:mediumGuard:184, Ludicrite Medium Guard
ExtraTiC:mediumGuard:185, Bedrockium Medium Guard
ExtraTiC:mediumGuard:189, Enderium Medium Guard
ExtraTiC:mediumGuard:190, Signalum Medium Guard
ExtraTiC:mediumGuard:191, Lumium Medium Guard
ExtraTiC:mediumGuard:100, Angmallen Medium Guard
ExtraTiC:mediumGuard:101, Damascus Steel Medium Guard
ExtraTiC:mediumGuard:102, Hepatizon Medium Guard
ExtraTiC:mediumGuard:103, Brass Medium Guard
ExtraTiC:mediumGuard:104, Electrum Medium Guard
ExtraTiC:mediumGuard:105, Platinum Medium Guard
ExtraTiC:mediumGuard:106, Silver Medium Guard
ExtraTiC:mediumGuard:107, Amordrine Medium Guard
ExtraTiC:mediumGuard:108, Ceruclase Medium Guard
ExtraTiC:mediumGuard:109, Ignatius Medium Guard
ExtraTiC:mediumGuard:110, Inolashite Medium Guard
ExtraTiC:mediumGuard:111, Kalendrite Medium Guard
ExtraTiC:mediumGuard:112, Midasium Medium Guard
ExtraTiC:mediumGuard:113, Sanguinite Medium Guard
ExtraTiC:mediumGuard:114, Shadow Iron Medium Guard
ExtraTiC:mediumGuard:115, Shadow Steel Medium Guard
ExtraTiC:mediumGuard:116, Vulcanite Medium Guard
ExtraTiC:mediumGuard:117, Vyroxeres Medium Guard
ExtraTiC:mediumGuard:118, Adamantine Medium Guard
ExtraTiC:mediumGuard:119, Astral Silver Medium Guard
ExtraTiC:mediumGuard:120, Atlarus Medium Guard
ExtraTiC:mediumGuard:121, Black Steel Medium Guard
ExtraTiC:mediumGuard:122, Carmot Medium Guard
ExtraTiC:mediumGuard:123, Celenegil Medium Guard
ExtraTiC:mediumGuard:124, Deep Iron Medium Guard
ExtraTiC:mediumGuard:125, Haderoth Medium Guard
ExtraTiC:mediumGuard:126, Mithril Medium Guard
ExtraTiC:mediumGuard:127, Orichalcum Medium Guard
ExtraTiC:pickaxeHead:128, Oureclase Pickaxe Head
ExtraTiC:pickaxeHead:129, Prometheum Pickaxe Head
ExtraTiC:pickaxeHead:130, Quicksilver Pickaxe Head
ExtraTiC:pickaxeHead:131, Tartarite Pickaxe Head
ExtraTiC:pickaxeHead:132, Desichalkos Pickaxe Head
ExtraTiC:pickaxeHead:133, Eximite Pickaxe Head
ExtraTiC:pickaxeHead:139, Refined Glowstone Pickaxe Head
ExtraTiC:pickaxeHead:140, Osmium Pickaxe Head
ExtraTiC:pickaxeHead:141, Pokefennium Pickaxe Head
ExtraTiC:pickaxeHead:142, Fairy Pickaxe Head
ExtraTiC:pickaxeHead:143, Certus Quartz Pickaxe Head
ExtraTiC:pickaxeHead:145, Manasteel Pickaxe Head
ExtraTiC:pickaxeHead:146, Terrasteel Pickaxe Head
ExtraTiC:pickaxeHead:147, Elementium Pickaxe Head
ExtraTiC:pickaxeHead:164, Amethyst Pickaxe Head
ExtraTiC:pickaxeHead:165, Peridot Pickaxe Head
ExtraTiC:pickaxeHead:166, Ruby Pickaxe Head
ExtraTiC:pickaxeHead:167, Sapphire Pickaxe Head
ExtraTiC:pickaxeHead:171, Dark Steel Pickaxe Head
ExtraTiC:pickaxeHead:173, RedAurum Pickaxe Head
ExtraTiC:pickaxeHead:178, Draconium Pickaxe Head
ExtraTiC:pickaxeHead:179, Awakened Draconium Pickaxe Head
ExtraTiC:pickaxeHead:180, Glue Pickaxe Head
ExtraTiC:pickaxeHead:181, Yellorium Pickaxe Head
ExtraTiC:pickaxeHead:182, Cyanite Pickaxe Head
ExtraTiC:pickaxeHead:183, Blutonium Pickaxe Head
ExtraTiC:pickaxeHead:184, Ludicrite Pickaxe Head
ExtraTiC:pickaxeHead:185, Bedrockium Pickaxe Head
ExtraTiC:pickaxeHead:189, Enderium Pickaxe Head
ExtraTiC:pickaxeHead:190, Signalum Pickaxe Head
ExtraTiC:pickaxeHead:191, Lumium Pickaxe Head
ExtraTiC:pickaxeHead:100, Angmallen Pickaxe Head
ExtraTiC:pickaxeHead:101, Damascus Steel Pickaxe Head
ExtraTiC:pickaxeHead:102, Hepatizon Pickaxe Head
ExtraTiC:pickaxeHead:103, Brass Pickaxe Head
ExtraTiC:pickaxeHead:104, Electrum Pickaxe Head
ExtraTiC:pickaxeHead:105, Platinum Pickaxe Head
ExtraTiC:pickaxeHead:106, Silver Pickaxe Head
ExtraTiC:pickaxeHead:107, Amordrine Pickaxe Head
ExtraTiC:pickaxeHead:108, Ceruclase Pickaxe Head
ExtraTiC:pickaxeHead:109, Ignatius Pickaxe Head
ExtraTiC:pickaxeHead:110, Inolashite Pickaxe Head
ExtraTiC:pickaxeHead:111, Kalendrite Pickaxe Head
ExtraTiC:pickaxeHead:112, Midasium Pickaxe Head
ExtraTiC:pickaxeHead:113, Sanguinite Pickaxe Head
ExtraTiC:pickaxeHead:114, Shadow Iron Pickaxe Head
ExtraTiC:pickaxeHead:115, Shadow Steel Pickaxe Head
ExtraTiC:pickaxeHead:116, Vulcanite Pickaxe Head
ExtraTiC:pickaxeHead:117, Vyroxeres Pickaxe Head
ExtraTiC:pickaxeHead:118, Adamantine Pickaxe Head
ExtraTiC:pickaxeHead:119, Astral Silver Pickaxe Head
ExtraTiC:pickaxeHead:120, Atlarus Pickaxe Head
ExtraTiC:pickaxeHead:121, Black Steel Pickaxe Head
ExtraTiC:pickaxeHead:122, Carmot Pickaxe Head
ExtraTiC:pickaxeHead:123, Celenegil Pickaxe Head
ExtraTiC:pickaxeHead:124, Deep Iron Pickaxe Head
ExtraTiC:pickaxeHead:125, Haderoth Pickaxe Head
ExtraTiC:pickaxeHead:126, Mithril Pickaxe Head
ExtraTiC:pickaxeHead:127, Orichalcum Pickaxe Head
ExtraTiC:scytheHead:128, Oureclase Scythe Head
ExtraTiC:scytheHead:129, Prometheum Scythe Head
ExtraTiC:scytheHead:130, Quicksilver Scythe Head
ExtraTiC:scytheHead:131, Tartarite Scythe Head
ExtraTiC:scytheHead:132, Desichalkos Scythe Head
ExtraTiC:scytheHead:133, Eximite Scythe Head
ExtraTiC:scytheHead:139, Refined Glowstone Scythe Head
ExtraTiC:scytheHead:140, Osmium Scythe Head
ExtraTiC:scytheHead:141, Pokefennium Scythe Head
ExtraTiC:scytheHead:142, Fairy Scythe Head
ExtraTiC:scytheHead:143, Certus Quartz Scythe Head
ExtraTiC:scytheHead:145, Manasteel Scythe Head
ExtraTiC:scytheHead:146, Terrasteel Scythe Head
ExtraTiC:scytheHead:147, Elementium Scythe Head
ExtraTiC:scytheHead:164, Amethyst Scythe Head
ExtraTiC:scytheHead:165, Peridot Scythe Head
ExtraTiC:scytheHead:166, Ruby Scythe Head
ExtraTiC:scytheHead:167, Sapphire Scythe Head
ExtraTiC:scytheHead:171, Dark Steel Scythe Head
ExtraTiC:scytheHead:173, RedAurum Scythe Head
ExtraTiC:scytheHead:178, Draconium Scythe Head
ExtraTiC:scytheHead:179, Awakened Draconium Scythe Head
ExtraTiC:scytheHead:180, Glue Scythe Head
ExtraTiC:scytheHead:181, Yellorium Scythe Head
ExtraTiC:scytheHead:182, Cyanite Scythe Head
ExtraTiC:scytheHead:183, Blutonium Scythe Head
ExtraTiC:scytheHead:184, Ludicrite Scythe Head
ExtraTiC:scytheHead:185, Bedrockium Scythe Head
ExtraTiC:scytheHead:189, Enderium Scythe Head
ExtraTiC:scytheHead:190, Signalum Scythe Head
ExtraTiC:scytheHead:191, Lumium Scythe Head
ExtraTiC:scytheHead:100, Angmallen Scythe Head
ExtraTiC:scytheHead:101, Damascus Steel Scythe Head
ExtraTiC:scytheHead:102, Hepatizon Scythe Head
ExtraTiC:scytheHead:103, Brass Scythe Head
ExtraTiC:scytheHead:104, Electrum Scythe Head
ExtraTiC:scytheHead:105, Platinum Scythe Head
ExtraTiC:scytheHead:106, Silver Scythe Head
ExtraTiC:scytheHead:107, Amordrine Scythe Head
ExtraTiC:scytheHead:108, Ceruclase Scythe Head
ExtraTiC:scytheHead:109, Ignatius Scythe Head
ExtraTiC:scytheHead:110, Inolashite Scythe Head
ExtraTiC:scytheHead:111, Kalendrite Scythe Head
ExtraTiC:scytheHead:112, Midasium Scythe Head
ExtraTiC:scytheHead:113, Sanguinite Scythe Head
ExtraTiC:scytheHead:114, Shadow Iron Scythe Head
ExtraTiC:scytheHead:115, Shadow Steel Scythe Head
ExtraTiC:scytheHead:116, Vulcanite Scythe Head
ExtraTiC:scytheHead:117, Vyroxeres Scythe Head
ExtraTiC:scytheHead:118, Adamantine Scythe Head
ExtraTiC:scytheHead:119, Astral Silver Scythe Head
ExtraTiC:scytheHead:120, Atlarus Scythe Head
ExtraTiC:scytheHead:121, Black Steel Scythe Head
ExtraTiC:scytheHead:122, Carmot Scythe Head
ExtraTiC:scytheHead:123, Celenegil Scythe Head
ExtraTiC:scytheHead:124, Deep Iron Scythe Head
ExtraTiC:scytheHead:125, Haderoth Scythe Head
ExtraTiC:scytheHead:126, Mithril Scythe Head
ExtraTiC:scytheHead:127, Orichalcum Scythe Head
ExtraTiC:shovelHead:128, Oureclase Shovel Head
ExtraTiC:shovelHead:129, Prometheum Shovel Head
ExtraTiC:shovelHead:130, Quicksilver Shovel Head
ExtraTiC:shovelHead:131, Tartarite Shovel Head
ExtraTiC:shovelHead:132, Desichalkos Shovel Head
ExtraTiC:shovelHead:133, Eximite Shovel Head
ExtraTiC:shovelHead:139, Refined Glowstone Shovel Head
ExtraTiC:shovelHead:140, Osmium Shovel Head
ExtraTiC:shovelHead:141, Pokefennium Shovel Head
ExtraTiC:shovelHead:142, Fairy Shovel Head
ExtraTiC:shovelHead:143, Certus Quartz Shovel Head
ExtraTiC:shovelHead:145, Manasteel Shovel Head
ExtraTiC:shovelHead:146, Terrasteel Shovel Head
ExtraTiC:shovelHead:147, Elementium Shovel Head
ExtraTiC:shovelHead:164, Amethyst Shovel Head
ExtraTiC:shovelHead:165, Peridot Shovel Head
ExtraTiC:shovelHead:166, Ruby Shovel Head
ExtraTiC:shovelHead:167, Sapphire Shovel Head
ExtraTiC:shovelHead:171, Dark Steel Shovel Head
ExtraTiC:shovelHead:173, RedAurum Shovel Head
ExtraTiC:shovelHead:178, Draconium Shovel Head
ExtraTiC:shovelHead:179, Awakened Draconium Shovel Head
ExtraTiC:shovelHead:180, Glue Shovel Head
ExtraTiC:shovelHead:181, Yellorium Shovel Head
ExtraTiC:shovelHead:182, Cyanite Shovel Head
ExtraTiC:shovelHead:183, Blutonium Shovel Head
ExtraTiC:shovelHead:184, Ludicrite Shovel Head
ExtraTiC:shovelHead:185, Bedrockium Shovel Head
ExtraTiC:shovelHead:189, Enderium Shovel Head
ExtraTiC:shovelHead:190, Signalum Shovel Head
ExtraTiC:shovelHead:191, Lumium Shovel Head
ExtraTiC:shovelHead:100, Angmallen Shovel Head
ExtraTiC:shovelHead:101, Damascus Steel Shovel Head
ExtraTiC:shovelHead:102, Hepatizon Shovel Head
ExtraTiC:shovelHead:103, Brass Shovel Head
ExtraTiC:shovelHead:104, Electrum Shovel Head
ExtraTiC:shovelHead:105, Platinum Shovel Head
ExtraTiC:shovelHead:106, Silver Shovel Head
ExtraTiC:shovelHead:107, Amordrine Shovel Head
ExtraTiC:shovelHead:108, Ceruclase Shovel Head
ExtraTiC:shovelHead:109, Ignatius Shovel Head
ExtraTiC:shovelHead:110, Inolashite Shovel Head
ExtraTiC:shovelHead:111, Kalendrite Shovel Head
ExtraTiC:shovelHead:112, Midasium Shovel Head
ExtraTiC:shovelHead:113, Sanguinite Shovel Head
ExtraTiC:shovelHead:114, Shadow Iron Shovel Head
ExtraTiC:shovelHead:115, Shadow Steel Shovel Head
ExtraTiC:shovelHead:116, Vulcanite Shovel Head
ExtraTiC:shovelHead:117, Vyroxeres Shovel Head
ExtraTiC:shovelHead:118, Adamantine Shovel Head
ExtraTiC:shovelHead:119, Astral Silver Shovel Head
ExtraTiC:shovelHead:120, Atlarus Shovel Head
ExtraTiC:shovelHead:121, Black Steel Shovel Head
ExtraTiC:shovelHead:122, Carmot Shovel Head
ExtraTiC:shovelHead:123, Celenegil Shovel Head
ExtraTiC:shovelHead:124, Deep Iron Shovel Head
ExtraTiC:shovelHead:125, Haderoth Shovel Head
ExtraTiC:shovelHead:126, Mithril Shovel Head
ExtraTiC:shovelHead:127, Orichalcum Shovel Head
ExtraTiC:swordBlade:128, Oureclase Sword Blade
ExtraTiC:swordBlade:129, Prometheum Sword Blade
ExtraTiC:swordBlade:130, Quicksilver Sword Blade
ExtraTiC:swordBlade:131, Tartarite Sword Blade
ExtraTiC:swordBlade:132, Desichalkos Sword Blade
ExtraTiC:swordBlade:133, Eximite Sword Blade
ExtraTiC:swordBlade:139, Refined Glowstone Sword Blade
ExtraTiC:swordBlade:140, Osmium Sword Blade
ExtraTiC:swordBlade:141, Pokefennium Sword Blade
ExtraTiC:swordBlade:142, Fairy Sword Blade
ExtraTiC:swordBlade:143, Certus Quartz Sword Blade
ExtraTiC:swordBlade:145, Manasteel Sword Blade
ExtraTiC:swordBlade:146, Terrasteel Sword Blade
ExtraTiC:swordBlade:147, Elementium Sword Blade
ExtraTiC:swordBlade:164, Amethyst Sword Blade
ExtraTiC:swordBlade:165, Peridot Sword Blade
ExtraTiC:swordBlade:166, Ruby Sword Blade
ExtraTiC:swordBlade:167, Sapphire Sword Blade
ExtraTiC:swordBlade:171, Dark Steel Sword Blade
ExtraTiC:swordBlade:173, RedAurum Sword Blade
ExtraTiC:swordBlade:178, Draconium Sword Blade
ExtraTiC:swordBlade:179, Awakened Draconium Sword Blade
ExtraTiC:swordBlade:180, Glue Sword Blade
ExtraTiC:swordBlade:181, Yellorium Sword Blade
ExtraTiC:swordBlade:182, Cyanite Sword Blade
ExtraTiC:swordBlade:183, Blutonium Sword Blade
ExtraTiC:swordBlade:184, Ludicrite Sword Blade
ExtraTiC:swordBlade:185, Bedrockium Sword Blade
ExtraTiC:swordBlade:189, Enderium Sword Blade
ExtraTiC:swordBlade:190, Signalum Sword Blade
ExtraTiC:swordBlade:191, Lumium Sword Blade
ExtraTiC:swordBlade:100, Angmallen Sword Blade
ExtraTiC:swordBlade:101, Damascus Steel Sword Blade
ExtraTiC:swordBlade:102, Hepatizon Sword Blade
ExtraTiC:swordBlade:103, Brass Sword Blade
ExtraTiC:swordBlade:104, Electrum Sword Blade
ExtraTiC:swordBlade:105, Platinum Sword Blade
ExtraTiC:swordBlade:106, Silver Sword Blade
ExtraTiC:swordBlade:107, Amordrine Sword Blade
ExtraTiC:swordBlade:108, Ceruclase Sword Blade
ExtraTiC:swordBlade:109, Ignatius Sword Blade
ExtraTiC:swordBlade:110, Inolashite Sword Blade
ExtraTiC:swordBlade:111, Kalendrite Sword Blade
ExtraTiC:swordBlade:112, Midasium Sword Blade
ExtraTiC:swordBlade:113, Sanguinite Sword Blade
ExtraTiC:swordBlade:114, Shadow Iron Sword Blade
ExtraTiC:swordBlade:115, Shadow Steel Sword Blade
ExtraTiC:swordBlade:116, Vulcanite Sword Blade
ExtraTiC:swordBlade:117, Vyroxeres Sword Blade
ExtraTiC:swordBlade:118, Adamantine Sword Blade
ExtraTiC:swordBlade:119, Astral Silver Sword Blade
ExtraTiC:swordBlade:120, Atlarus Sword Blade
ExtraTiC:swordBlade:121, Black Steel Sword Blade
ExtraTiC:swordBlade:122, Carmot Sword Blade
ExtraTiC:swordBlade:123, Celenegil Sword Blade
ExtraTiC:swordBlade:124, Deep Iron Sword Blade
ExtraTiC:swordBlade:125, Haderoth Sword Blade
ExtraTiC:swordBlade:126, Mithril Sword Blade
ExtraTiC:swordBlade:127, Orichalcum Sword Blade
ExtraTiC:toolrod:128, Oureclase Tool Rod
ExtraTiC:toolrod:129, Prometheum Tool Rod
ExtraTiC:toolrod:130, Quicksilver Tool Rod
ExtraTiC:toolrod:131, Tartarite Tool Rod
ExtraTiC:toolrod:132, Desichalkos Tool Rod
ExtraTiC:toolrod:133, Eximite Tool Rod
ExtraTiC:toolrod:139, Refined Glowstone Tool Rod
ExtraTiC:toolrod:140, Osmium Tool Rod
ExtraTiC:toolrod:141, Pokefennium Tool Rod
ExtraTiC:toolrod:142, Fairy Tool Rod
ExtraTiC:toolrod:143, Certus Quartz Tool Rod
ExtraTiC:toolrod:145, Manasteel Tool Rod
ExtraTiC:toolrod:146, Terrasteel Tool Rod
ExtraTiC:toolrod:147, Elementium Tool Rod
ExtraTiC:toolrod:164, Amethyst Tool Rod
ExtraTiC:toolrod:165, Peridot Tool Rod
ExtraTiC:toolrod:166, Ruby Tool Rod
ExtraTiC:toolrod:167, Sapphire Tool Rod
ExtraTiC:toolrod:171, Dark Steel Tool Rod
ExtraTiC:toolrod:173, RedAurum Tool Rod
ExtraTiC:toolrod:178, Draconium Tool Rod
ExtraTiC:toolrod:179, Awakened Draconium Tool Rod
ExtraTiC:toolrod:180, Glue Tool Rod
ExtraTiC:toolrod:181, Yellorium Tool Rod
ExtraTiC:toolrod:182, Cyanite Tool Rod
ExtraTiC:toolrod:183, Blutonium Tool Rod
ExtraTiC:toolrod:184, Ludicrite Tool Rod
ExtraTiC:toolrod:185, Bedrockium Tool Rod
ExtraTiC:toolrod:189, Enderium Tool Rod
ExtraTiC:toolrod:190, Signalum Tool Rod
ExtraTiC:toolrod:191, Lumium Tool Rod
ExtraTiC:toolrod:100, Angmallen Tool Rod
ExtraTiC:toolrod:101, Damascus Steel Tool Rod
ExtraTiC:toolrod:102, Hepatizon Tool Rod
ExtraTiC:toolrod:103, Brass Tool Rod
ExtraTiC:toolrod:104, Electrum Tool Rod
ExtraTiC:toolrod:105, Platinum Tool Rod
ExtraTiC:toolrod:106, Silver Tool Rod
ExtraTiC:toolrod:107, Amordrine Tool Rod
ExtraTiC:toolrod:108, Ceruclase Tool Rod
ExtraTiC:toolrod:109, Ignatius Tool Rod
ExtraTiC:toolrod:110, Inolashite Tool Rod
ExtraTiC:toolrod:111, Kalendrite Tool Rod
ExtraTiC:toolrod:112, Midasium Tool Rod
ExtraTiC:toolrod:113, Sanguinite Tool Rod
ExtraTiC:toolrod:114, Shadow Iron Tool Rod
ExtraTiC:toolrod:115, Shadow Steel Tool Rod
ExtraTiC:toolrod:116, Vulcanite Tool Rod
ExtraTiC:toolrod:117, Vyroxeres Tool Rod
ExtraTiC:toolrod:118, Adamantine Tool Rod
ExtraTiC:toolrod:119, Astral Silver Tool Rod
ExtraTiC:toolrod:120, Atlarus Tool Rod
ExtraTiC:toolrod:121, Black Steel Tool Rod
ExtraTiC:toolrod:122, Carmot Tool Rod
ExtraTiC:toolrod:123, Celenegil Tool Rod
ExtraTiC:toolrod:124, Deep Iron Tool Rod
ExtraTiC:toolrod:125, Haderoth Tool Rod
ExtraTiC:toolrod:126, Mithril Tool Rod
ExtraTiC:toolrod:127, Orichalcum Tool Rod
ExtraTiC:toughbind:128, Oureclase Tough Binding
ExtraTiC:toughbind:129, Prometheum Tough Binding
ExtraTiC:toughbind:130, Quicksilver Tough Binding
ExtraTiC:toughbind:131, Tartarite Tough Binding
ExtraTiC:toughbind:132, Desichalkos Tough Binding
ExtraTiC:toughbind:133, Eximite Tough Binding
ExtraTiC:toughbind:139, Refined Glowstone Tough Binding
ExtraTiC:toughbind:140, Osmium Tough Binding
ExtraTiC:toughbind:141, Pokefennium Tough Binding
ExtraTiC:toughbind:142, Fairy Tough Binding
ExtraTiC:toughbind:143, Certus Quartz Tough Binding
ExtraTiC:toughbind:145, Manasteel Tough Binding
ExtraTiC:toughbind:146, Terrasteel Tough Binding
ExtraTiC:toughbind:147, Elementium Tough Binding
ExtraTiC:toughbind:164, Amethyst Tough Binding
ExtraTiC:toughbind:165, Peridot Tough Binding
ExtraTiC:toughbind:166, Ruby Tough Binding
ExtraTiC:toughbind:167, Sapphire Tough Binding
ExtraTiC:toughbind:171, Dark Steel Tough Binding
ExtraTiC:toughbind:173, RedAurum Tough Binding
ExtraTiC:toughbind:178, Draconium Tough Binding
ExtraTiC:toughbind:179, Awakened Draconium Tough Binding
ExtraTiC:toughbind:180, Glue Tough Binding
ExtraTiC:toughbind:181, Yellorium Tough Binding
ExtraTiC:toughbind:182, Cyanite Tough Binding
ExtraTiC:toughbind:183, Blutonium Tough Binding
ExtraTiC:toughbind:184, Ludicrite Tough Binding
ExtraTiC:toughbind:185, Bedrockium Tough Binding
ExtraTiC:toughbind:189, Enderium Tough Binding
ExtraTiC:toughbind:190, Signalum Tough Binding
ExtraTiC:toughbind:191, Lumium Tough Binding
ExtraTiC:toughbind:100, Angmallen Tough Binding
ExtraTiC:toughbind:101, Damascus Steel Tough Binding
ExtraTiC:toughbind:102, Hepatizon Tough Binding
ExtraTiC:toughbind:103, Brass Tough Binding
ExtraTiC:toughbind:104, Electrum Tough Binding
ExtraTiC:toughbind:105, Platinum Tough Binding
ExtraTiC:toughbind:106, Silver Tough Binding
ExtraTiC:toughbind:107, Amordrine Tough Binding
ExtraTiC:toughbind:108, Ceruclase Tough Binding
ExtraTiC:toughbind:109, Ignatius Tough Binding
ExtraTiC:toughbind:110, Inolashite Tough Binding
ExtraTiC:toughbind:111, Kalendrite Tough Binding
ExtraTiC:toughbind:112, Midasium Tough Binding
ExtraTiC:toughbind:113, Sanguinite Tough Binding
ExtraTiC:toughbind:114, Shadow Iron Tough Binding
ExtraTiC:toughbind:115, Shadow Steel Tough Binding
ExtraTiC:toughbind:116, Vulcanite Tough Binding
ExtraTiC:toughbind:117, Vyroxeres Tough Binding
ExtraTiC:toughbind:118, Adamantine Tough Binding
ExtraTiC:toughbind:119, Astral Silver Tough Binding
ExtraTiC:toughbind:120, Atlarus Tough Binding
ExtraTiC:toughbind:121, Black Steel Tough Binding
ExtraTiC:toughbind:122, Carmot Tough Binding
ExtraTiC:toughbind:123, Celenegil Tough Binding
ExtraTiC:toughbind:124, Deep Iron Tough Binding
ExtraTiC:toughbind:125, Haderoth Tough Binding
ExtraTiC:toughbind:126, Mithril Tough Binding
ExtraTiC:toughbind:127, Orichalcum Tough Binding
ExtraTiC:toughrod:128, Oureclase Tough Rod
ExtraTiC:toughrod:129, Prometheum Tough Rod
ExtraTiC:toughrod:130, Quicksilver Tough Rod
ExtraTiC:toughrod:131, Tartarite Tough Rod
ExtraTiC:toughrod:132, Desichalkos Tough Rod
ExtraTiC:toughrod:133, Eximite Tough Rod
ExtraTiC:toughrod:139, Refined Glowstone Tough Rod
ExtraTiC:toughrod:140, Osmium Tough Rod
ExtraTiC:toughrod:141, Pokefennium Tough Rod
ExtraTiC:toughrod:142, Fairy Tough Rod
ExtraTiC:toughrod:143, Certus Quartz Tough Rod
ExtraTiC:toughrod:145, Manasteel Tough Rod
ExtraTiC:toughrod:146, Terrasteel Tough Rod
ExtraTiC:toughrod:147, Elementium Tough Rod
ExtraTiC:toughrod:164, Amethyst Tough Rod
ExtraTiC:toughrod:165, Peridot Tough Rod
ExtraTiC:toughrod:166, Ruby Tough Rod
ExtraTiC:toughrod:167, Sapphire Tough Rod
ExtraTiC:toughrod:171, Dark Steel Tough Rod
ExtraTiC:toughrod:173, RedAurum Tough Rod
ExtraTiC:toughrod:178, Draconium Tough Rod
ExtraTiC:toughrod:179, Awakened Draconium Tough Rod
ExtraTiC:toughrod:180, Glue Tough Rod
ExtraTiC:toughrod:181, Yellorium Tough Rod
ExtraTiC:toughrod:182, Cyanite Tough Rod
ExtraTiC:toughrod:183, Blutonium Tough Rod
ExtraTiC:toughrod:184, Ludicrite Tough Rod
ExtraTiC:toughrod:185, Bedrockium Tough Rod
ExtraTiC:toughrod:189, Enderium Tough Rod
ExtraTiC:toughrod:190, Signalum Tough Rod
ExtraTiC:toughrod:191, Lumium Tough Rod
ExtraTiC:toughrod:100, Angmallen Tough Rod
ExtraTiC:toughrod:101, Damascus Steel Tough Rod
ExtraTiC:toughrod:102, Hepatizon Tough Rod
ExtraTiC:toughrod:103, Brass Tough Rod
ExtraTiC:toughrod:104, Electrum Tough Rod
ExtraTiC:toughrod:105, Platinum Tough Rod
ExtraTiC:toughrod:106, Silver Tough Rod
ExtraTiC:toughrod:107, Amordrine Tough Rod
ExtraTiC:toughrod:108, Ceruclase Tough Rod
ExtraTiC:toughrod:109, Ignatius Tough Rod
ExtraTiC:toughrod:110, Inolashite Tough Rod
ExtraTiC:toughrod:111, Kalendrite Tough Rod
ExtraTiC:toughrod:112, Midasium Tough Rod
ExtraTiC:toughrod:113, Sanguinite Tough Rod
ExtraTiC:toughrod:114, Shadow Iron Tough Rod
ExtraTiC:toughrod:115, Shadow Steel Tough Rod
ExtraTiC:toughrod:116, Vulcanite Tough Rod
ExtraTiC:toughrod:117, Vyroxeres Tough Rod
ExtraTiC:toughrod:118, Adamantine Tough Rod
ExtraTiC:toughrod:119, Astral Silver Tough Rod
ExtraTiC:toughrod:120, Atlarus Tough Rod
ExtraTiC:toughrod:121, Black Steel Tough Rod
ExtraTiC:toughrod:122, Carmot Tough Rod
ExtraTiC:toughrod:123, Celenegil Tough Rod
ExtraTiC:toughrod:124, Deep Iron Tough Rod
ExtraTiC:toughrod:125, Haderoth Tough Rod
ExtraTiC:toughrod:126, Mithril Tough Rod
ExtraTiC:toughrod:127, Orichalcum Tough Rod
ExtraTiC:shuriken:128, Oureclase Shuriken
ExtraTiC:shuriken:129, Prometheum Shuriken
ExtraTiC:shuriken:130, Quicksilver Shuriken
ExtraTiC:shuriken:131, Tartarite Shuriken
ExtraTiC:shuriken:132, Desichalkos Shuriken
ExtraTiC:shuriken:133, Eximite Shuriken
ExtraTiC:shuriken:139, Refined Glowstone Shuriken
ExtraTiC:shuriken:140, Osmium Shuriken
ExtraTiC:shuriken:141, Pokefennium Shuriken
ExtraTiC:shuriken:142, Fairy Shuriken
ExtraTiC:shuriken:143, Certus Quartz Shuriken
ExtraTiC:shuriken:145, Manasteel Shuriken
ExtraTiC:shuriken:146, Terrasteel Shuriken
ExtraTiC:shuriken:147, Elementium Shuriken
ExtraTiC:shuriken:164, Amethyst Shuriken
ExtraTiC:shuriken:165, Peridot Shuriken
ExtraTiC:shuriken:166, Ruby Shuriken
ExtraTiC:shuriken:167, Sapphire Shuriken
ExtraTiC:shuriken:171, Dark Steel Shuriken
ExtraTiC:shuriken:173, RedAurum Shuriken
ExtraTiC:shuriken:178, Draconium Shuriken
ExtraTiC:shuriken:179, Awakened Draconium Shuriken
ExtraTiC:shuriken:180, Glue Shuriken
ExtraTiC:shuriken:181, Yellorium Shuriken
ExtraTiC:shuriken:182, Cyanite Shuriken
ExtraTiC:shuriken:183, Blutonium Shuriken
ExtraTiC:shuriken:184, Ludicrite Shuriken
ExtraTiC:shuriken:185, Bedrockium Shuriken
ExtraTiC:shuriken:189, Enderium Shuriken
ExtraTiC:shuriken:190, Signalum Shuriken
ExtraTiC:shuriken:191, Lumium Shuriken
ExtraTiC:shuriken:100, Angmallen Shuriken
ExtraTiC:shuriken:101, Damascus Steel Shuriken
ExtraTiC:shuriken:102, Hepatizon Shuriken
ExtraTiC:shuriken:103, Brass Shuriken
ExtraTiC:shuriken:104, Electrum Shuriken
ExtraTiC:shuriken:105, Platinum Shuriken
ExtraTiC:shuriken:106, Silver Shuriken
ExtraTiC:shuriken:107, Amordrine Shuriken
ExtraTiC:shuriken:108, Ceruclase Shuriken
ExtraTiC:shuriken:109, Ignatius Shuriken
ExtraTiC:shuriken:110, Inolashite Shuriken
ExtraTiC:shuriken:111, Kalendrite Shuriken
ExtraTiC:shuriken:112, Midasium Shuriken
ExtraTiC:shuriken:113, Sanguinite Shuriken
ExtraTiC:shuriken:114, Shadow Iron Shuriken
ExtraTiC:shuriken:115, Shadow Steel Shuriken
ExtraTiC:shuriken:116, Vulcanite Shuriken
ExtraTiC:shuriken:117, Vyroxeres Shuriken
ExtraTiC:shuriken:118, Adamantine Shuriken
ExtraTiC:shuriken:119, Astral Silver Shuriken
ExtraTiC:shuriken:120, Atlarus Shuriken
ExtraTiC:shuriken:121, Black Steel Shuriken
ExtraTiC:shuriken:122, Carmot Shuriken
ExtraTiC:shuriken:123, Celenegil Shuriken
ExtraTiC:shuriken:124, Deep Iron Shuriken
ExtraTiC:shuriken:125, Haderoth Shuriken
ExtraTiC:shuriken:126, Mithril Shuriken
ExtraTiC:shuriken:127, Orichalcum Shuriken
ExtraTiC:BowLimb:128, Oureclase Bow Limb
ExtraTiC:BowLimb:129, Prometheum Bow Limb
ExtraTiC:BowLimb:130, Quicksilver Bow Limb
ExtraTiC:BowLimb:131, Tartarite Bow Limb
ExtraTiC:BowLimb:132, Desichalkos Bow Limb
ExtraTiC:BowLimb:133, Eximite Bow Limb
ExtraTiC:BowLimb:139, Refined Glowstone Bow Limb
ExtraTiC:BowLimb:140, Osmium Bow Limb
ExtraTiC:BowLimb:141, Pokefennium Bow Limb
ExtraTiC:BowLimb:142, Fairy Bow Limb
ExtraTiC:BowLimb:143, Certus Quartz Bow Limb
ExtraTiC:BowLimb:145, Manasteel Bow Limb
ExtraTiC:BowLimb:146, Terrasteel Bow Limb
ExtraTiC:BowLimb:147, Elementium Bow Limb
ExtraTiC:BowLimb:164, Amethyst Bow Limb
ExtraTiC:BowLimb:165, Peridot Bow Limb
ExtraTiC:BowLimb:166, Ruby Bow Limb
ExtraTiC:BowLimb:167, Sapphire Bow Limb
ExtraTiC:BowLimb:171, Dark Steel Bow Limb
ExtraTiC:BowLimb:173, RedAurum Bow Limb
ExtraTiC:BowLimb:178, Draconium Bow Limb
ExtraTiC:BowLimb:179, Awakened Draconium Bow Limb
ExtraTiC:BowLimb:180, Glue Bow Limb
ExtraTiC:BowLimb:181, Yellorium Bow Limb
ExtraTiC:BowLimb:182, Cyanite Bow Limb
ExtraTiC:BowLimb:183, Blutonium Bow Limb
ExtraTiC:BowLimb:184, Ludicrite Bow Limb
ExtraTiC:BowLimb:185, Bedrockium Bow Limb
ExtraTiC:BowLimb:189, Enderium Bow Limb
ExtraTiC:BowLimb:190, Signalum Bow Limb
ExtraTiC:BowLimb:191, Lumium Bow Limb
ExtraTiC:BowLimb:100, Angmallen Bow Limb
ExtraTiC:BowLimb:101, Damascus Steel Bow Limb
ExtraTiC:BowLimb:102, Hepatizon Bow Limb
ExtraTiC:BowLimb:103, Brass Bow Limb
ExtraTiC:BowLimb:104, Electrum Bow Limb
ExtraTiC:BowLimb:105, Platinum Bow Limb
ExtraTiC:BowLimb:106, Silver Bow Limb
ExtraTiC:BowLimb:107, Amordrine Bow Limb
ExtraTiC:BowLimb:108, Ceruclase Bow Limb
ExtraTiC:BowLimb:109, Ignatius Bow Limb
ExtraTiC:BowLimb:110, Inolashite Bow Limb
ExtraTiC:BowLimb:111, Kalendrite Bow Limb
ExtraTiC:BowLimb:112, Midasium Bow Limb
ExtraTiC:BowLimb:113, Sanguinite Bow Limb
ExtraTiC:BowLimb:114, Shadow Iron Bow Limb
ExtraTiC:BowLimb:115, Shadow Steel Bow Limb
ExtraTiC:BowLimb:116, Vulcanite Bow Limb
ExtraTiC:BowLimb:117, Vyroxeres Bow Limb
ExtraTiC:BowLimb:118, Adamantine Bow Limb
ExtraTiC:BowLimb:119, Astral Silver Bow Limb
ExtraTiC:BowLimb:120, Atlarus Bow Limb
ExtraTiC:BowLimb:121, Black Steel Bow Limb
ExtraTiC:BowLimb:122, Carmot Bow Limb
ExtraTiC:BowLimb:123, Celenegil Bow Limb
ExtraTiC:BowLimb:124, Deep Iron Bow Limb
ExtraTiC:BowLimb:125, Haderoth Bow Limb
ExtraTiC:BowLimb:126, Mithril Bow Limb
ExtraTiC:BowLimb:127, Orichalcum Bow Limb
ExtraTiC:CrossbowLimb:128, Oureclase Crossbow Limb
ExtraTiC:CrossbowLimb:129, Prometheum Crossbow Limb
ExtraTiC:CrossbowLimb:130, Quicksilver Crossbow Limb
ExtraTiC:CrossbowLimb:131, Tartarite Crossbow Limb
ExtraTiC:CrossbowLimb:132, Desichalkos Crossbow Limb
ExtraTiC:CrossbowLimb:133, Eximite Crossbow Limb
ExtraTiC:CrossbowLimb:139, Refined Glowstone Crossbow Limb
ExtraTiC:CrossbowLimb:140, Osmium Crossbow Limb
ExtraTiC:CrossbowLimb:141, Pokefennium Crossbow Limb
ExtraTiC:CrossbowLimb:142, Fairy Crossbow Limb
ExtraTiC:CrossbowLimb:143, Certus Quartz Crossbow Limb
ExtraTiC:CrossbowLimb:145, Manasteel Crossbow Limb
ExtraTiC:CrossbowLimb:146, Terrasteel Crossbow Limb
ExtraTiC:CrossbowLimb:147, Elementium Crossbow Limb
ExtraTiC:CrossbowLimb:164, Amethyst Crossbow Limb
ExtraTiC:CrossbowLimb:165, Peridot Crossbow Limb
ExtraTiC:CrossbowLimb:166, Ruby Crossbow Limb
ExtraTiC:CrossbowLimb:167, Sapphire Crossbow Limb
ExtraTiC:CrossbowLimb:171, Dark Steel Crossbow Limb
ExtraTiC:CrossbowLimb:173, RedAurum Crossbow Limb
ExtraTiC:CrossbowLimb:178, Draconium Crossbow Limb
ExtraTiC:CrossbowLimb:179, Awakened Draconium Crossbow Limb
ExtraTiC:CrossbowLimb:180, Glue Crossbow Limb
ExtraTiC:CrossbowLimb:181, Yellorium Crossbow Limb
ExtraTiC:CrossbowLimb:182, Cyanite Crossbow Limb
ExtraTiC:CrossbowLimb:183, Blutonium Crossbow Limb
ExtraTiC:CrossbowLimb:184, Ludicrite Crossbow Limb
ExtraTiC:CrossbowLimb:185, Bedrockium Crossbow Limb
ExtraTiC:CrossbowLimb:189, Enderium Crossbow Limb
ExtraTiC:CrossbowLimb:190, Signalum Crossbow Limb
ExtraTiC:CrossbowLimb:191, Lumium Crossbow Limb
ExtraTiC:CrossbowLimb:100, Angmallen Crossbow Limb
ExtraTiC:CrossbowLimb:101, Damascus Steel Crossbow Limb
ExtraTiC:CrossbowLimb:102, Hepatizon Crossbow Limb
ExtraTiC:CrossbowLimb:103, Brass Crossbow Limb
ExtraTiC:CrossbowLimb:104, Electrum Crossbow Limb
ExtraTiC:CrossbowLimb:105, Platinum Crossbow Limb
ExtraTiC:CrossbowLimb:106, Silver Crossbow Limb
ExtraTiC:CrossbowLimb:107, Amordrine Crossbow Limb
ExtraTiC:CrossbowLimb:108, Ceruclase Crossbow Limb
ExtraTiC:CrossbowLimb:109, Ignatius Crossbow Limb
ExtraTiC:CrossbowLimb:110, Inolashite Crossbow Limb
ExtraTiC:CrossbowLimb:111, Kalendrite Crossbow Limb
ExtraTiC:CrossbowLimb:112, Midasium Crossbow Limb
ExtraTiC:CrossbowLimb:113, Sanguinite Crossbow Limb
ExtraTiC:CrossbowLimb:114, Shadow Iron Crossbow Limb
ExtraTiC:CrossbowLimb:115, Shadow Steel Crossbow Limb
ExtraTiC:CrossbowLimb:116, Vulcanite Crossbow Limb
ExtraTiC:CrossbowLimb:117, Vyroxeres Crossbow Limb
ExtraTiC:CrossbowLimb:118, Adamantine Crossbow Limb
ExtraTiC:CrossbowLimb:119, Astral Silver Crossbow Limb
ExtraTiC:CrossbowLimb:120, Atlarus Crossbow Limb
ExtraTiC:CrossbowLimb:121, Black Steel Crossbow Limb
ExtraTiC:CrossbowLimb:122, Carmot Crossbow Limb
ExtraTiC:CrossbowLimb:123, Celenegil Crossbow Limb
ExtraTiC:CrossbowLimb:124, Deep Iron Crossbow Limb
ExtraTiC:CrossbowLimb:125, Haderoth Crossbow Limb
ExtraTiC:CrossbowLimb:126, Mithril Crossbow Limb
ExtraTiC:CrossbowLimb:127, Orichalcum Crossbow Limb
ExtraTiC:CrossbowBody:128, Oureclase Crossbow Body
ExtraTiC:CrossbowBody:129, Prometheum Crossbow Body
ExtraTiC:CrossbowBody:130, Quicksilver Crossbow Body
ExtraTiC:CrossbowBody:131, Tartarite Crossbow Body
ExtraTiC:CrossbowBody:132, Desichalkos Crossbow Body
ExtraTiC:CrossbowBody:133, Eximite Crossbow Body
ExtraTiC:CrossbowBody:139, Refined Glowstone Crossbow Body
ExtraTiC:CrossbowBody:140, Osmium Crossbow Body
ExtraTiC:CrossbowBody:141, Pokefennium Crossbow Body
ExtraTiC:CrossbowBody:142, Fairy Crossbow Body
ExtraTiC:CrossbowBody:143, Certus Quartz Crossbow Body
ExtraTiC:CrossbowBody:145, Manasteel Crossbow Body
ExtraTiC:CrossbowBody:146, Terrasteel Crossbow Body
ExtraTiC:CrossbowBody:147, Elementium Crossbow Body
ExtraTiC:CrossbowBody:164, Amethyst Crossbow Body
ExtraTiC:CrossbowBody:165, Peridot Crossbow Body
ExtraTiC:CrossbowBody:166, Ruby Crossbow Body
ExtraTiC:CrossbowBody:167, Sapphire Crossbow Body
ExtraTiC:CrossbowBody:171, Dark Steel Crossbow Body
ExtraTiC:CrossbowBody:173, RedAurum Crossbow Body
ExtraTiC:CrossbowBody:178, Draconium Crossbow Body
ExtraTiC:CrossbowBody:179, Awakened Draconium Crossbow Body
ExtraTiC:CrossbowBody:180, Glue Crossbow Body
ExtraTiC:CrossbowBody:181, Yellorium Crossbow Body
ExtraTiC:CrossbowBody:182, Cyanite Crossbow Body
ExtraTiC:CrossbowBody:183, Blutonium Crossbow Body
ExtraTiC:CrossbowBody:184, Ludicrite Crossbow Body
ExtraTiC:CrossbowBody:185, Bedrockium Crossbow Body
ExtraTiC:CrossbowBody:189, Enderium Crossbow Body
ExtraTiC:CrossbowBody:190, Signalum Crossbow Body
ExtraTiC:CrossbowBody:191, Lumium Crossbow Body
ExtraTiC:CrossbowBody:100, Angmallen Crossbow Body
ExtraTiC:CrossbowBody:101, Damascus Steel Crossbow Body
ExtraTiC:CrossbowBody:102, Hepatizon Crossbow Body
ExtraTiC:CrossbowBody:103, Brass Crossbow Body
ExtraTiC:CrossbowBody:104, Electrum Crossbow Body
ExtraTiC:CrossbowBody:105, Platinum Crossbow Body
ExtraTiC:CrossbowBody:106, Silver Crossbow Body
ExtraTiC:CrossbowBody:107, Amordrine Crossbow Body
ExtraTiC:CrossbowBody:108, Ceruclase Crossbow Body
ExtraTiC:CrossbowBody:109, Ignatius Crossbow Body
ExtraTiC:CrossbowBody:110, Inolashite Crossbow Body
ExtraTiC:CrossbowBody:111, Kalendrite Crossbow Body
ExtraTiC:CrossbowBody:112, Midasium Crossbow Body
ExtraTiC:CrossbowBody:113, Sanguinite Crossbow Body
ExtraTiC:CrossbowBody:114, Shadow Iron Crossbow Body
ExtraTiC:CrossbowBody:115, Shadow Steel Crossbow Body
ExtraTiC:CrossbowBody:116, Vulcanite Crossbow Body
ExtraTiC:CrossbowBody:117, Vyroxeres Crossbow Body
ExtraTiC:CrossbowBody:118, Adamantine Crossbow Body
ExtraTiC:CrossbowBody:119, Astral Silver Crossbow Body
ExtraTiC:CrossbowBody:120, Atlarus Crossbow Body
ExtraTiC:CrossbowBody:121, Black Steel Crossbow Body
ExtraTiC:CrossbowBody:122, Carmot Crossbow Body
ExtraTiC:CrossbowBody:123, Celenegil Crossbow Body
ExtraTiC:CrossbowBody:124, Deep Iron Crossbow Body
ExtraTiC:CrossbowBody:125, Haderoth Crossbow Body
ExtraTiC:CrossbowBody:126, Mithril Crossbow Body
ExtraTiC:CrossbowBody:127, Orichalcum Crossbow Body
ExtraTiC:Blot:128, Oureclase Bolt
ExtraTiC:Blot:129, Prometheum Bolt
ExtraTiC:Blot:130, Quicksilver Bolt
ExtraTiC:Blot:131, Tartarite Bolt
ExtraTiC:Blot:132, Desichalkos Bolt
ExtraTiC:Blot:133, Eximite Bolt
ExtraTiC:Blot:139, Refined Glowstone Bolt
ExtraTiC:Blot:140, Osmium Bolt
ExtraTiC:Blot:141, Pokefennium Bolt
ExtraTiC:Blot:142, Fairy Bolt
ExtraTiC:Blot:143, Certus Quartz Bolt
ExtraTiC:Blot:145, Manasteel Bolt
ExtraTiC:Blot:146, Terrasteel Bolt
ExtraTiC:Blot:147, Elementium Bolt
ExtraTiC:Blot:164, Amethyst Bolt
ExtraTiC:Blot:165, Peridot Bolt
ExtraTiC:Blot:166, Ruby Bolt
ExtraTiC:Blot:167, Sapphire Bolt
ExtraTiC:Blot:171, Dark Steel Bolt
ExtraTiC:Blot:173, RedAurum Bolt
ExtraTiC:Blot:178, Draconium Bolt
ExtraTiC:Blot:179, Awakened Draconium Bolt
ExtraTiC:Blot:180, Glue Bolt
ExtraTiC:Blot:181, Yellorium Bolt
ExtraTiC:Blot:182, Cyanite Bolt
ExtraTiC:Blot:183, Blutonium Bolt
ExtraTiC:Blot:184, Ludicrite Bolt
ExtraTiC:Blot:185, Bedrockium Bolt
ExtraTiC:Blot:189, Enderium Bolt
ExtraTiC:Blot:190, Signalum Bolt
ExtraTiC:Blot:191, Lumium Bolt
ExtraTiC:Blot:100, Angmallen Bolt
ExtraTiC:Blot:101, Damascus Steel Bolt
ExtraTiC:Blot:102, Hepatizon Bolt
ExtraTiC:Blot:103, Brass Bolt
ExtraTiC:Blot:104, Electrum Bolt
ExtraTiC:Blot:105, Platinum Bolt
ExtraTiC:Blot:106, Silver Bolt
ExtraTiC:Blot:107, Amordrine Bolt
ExtraTiC:Blot:108, Ceruclase Bolt
ExtraTiC:Blot:109, Ignatius Bolt
ExtraTiC:Blot:110, Inolashite Bolt
ExtraTiC:Blot:111, Kalendrite Bolt
ExtraTiC:Blot:112, Midasium Bolt
ExtraTiC:Blot:113, Sanguinite Bolt
ExtraTiC:Blot:114, Shadow Iron Bolt
ExtraTiC:Blot:115, Shadow Steel Bolt
ExtraTiC:Blot:116, Vulcanite Bolt
ExtraTiC:Blot:117, Vyroxeres Bolt
ExtraTiC:Blot:118, Adamantine Bolt
ExtraTiC:Blot:119, Astral Silver Bolt
ExtraTiC:Blot:120, Atlarus Bolt
ExtraTiC:Blot:121, Black Steel Bolt
ExtraTiC:Blot:122, Carmot Bolt
ExtraTiC:Blot:123, Celenegil Bolt
ExtraTiC:Blot:124, Deep Iron Bolt
ExtraTiC:Blot:125, Haderoth Bolt
ExtraTiC:Blot:126, Mithril Bolt
ExtraTiC:Blot:127, Orichalcum Bolt
ExtraTiC:extra.bucket:17, Molten Blutonium Bucket
ExtraTiC:extra.bucket:5, Molten RedAurum Bucket
ExtraTiC:extra.bucket:10, Molten Zinc Bucket
ExtraTiC:extra.bucket:4, Molten Pokefennium Bucket
ExtraTiC:extra.bucket:9, Molten Dark Steel Bucket
ExtraTiC:extra.bucket:15, Molten Elementium Bucket
ExtraTiC:extra.bucket:3, Molten Osmium Bucket
ExtraTiC:extra.bucket:14, Molten Terrasteel Bucket
ExtraTiC:extra.bucket:19, Molten Bedrockium Bucket
ExtraTiC:extra.bucket:2, Molten Refined Glowstone Bucket
ExtraTiC:extra.bucket:13, Molten Manasteel Bucket
ExtraTiC:extra.bucket:18, Molten Ludicrite Bucket
ExtraTiC:extra.bucket:1, Molten Fairy Bucket
ExtraTiC:extra.bucket:12, Molten Adamantine Bucket
ExtraTiC:extra.bucket:11, Molten Brass Bucket
extremefoodmod:seedTomato, Tomato Seed
extremefoodmod:ingredientSlicedBread, Sliced Bread
extremefoodmod:ingredientCheese, Cheese
extremefoodmod:ingredientHamRaw, Raw Ham
extremefoodmod:ingredientHamCooked, Cooked Ham
extremefoodmod:ingredientCheeseCut, Sliced Cheese
extremefoodmod:ingredientTomato, Tomato
extremefoodmod:ingredientTomatoCut, Sliced Tomato
extremefoodmod:ingredientBBQSauce, BBQ Sauce
extremefoodmod:ingredientSalt, Salt
extremefoodmod:ingredientChip, Chip
extremefoodmod:ingredientDough, Dough
extremefoodmod:ingredientRolledDough, Rolled Dough
extremefoodmod:ingredientTomatoSauce, Tomato Sauce
extremefoodmod:ingredientPepperoni, Pepperoni
extremefoodmod:sandwichHamCheeseTomato, Ham Cheese & Tomato Sandwich
extremefoodmod:sandwichCheeseTomato, Cheese & Tomato Sandwich
extremefoodmod:sandwichHamTomato, Ham & Tomato Sandwich
extremefoodmod:sandwichHamCheese, Ham & Cheese Sandwich
extremefoodmod:sandwichHam, Ham Sandwich
extremefoodmod:sandwichCheese, Cheese Sandwich
extremefoodmod:sandwichTomato, Tomato Sandwich
extremefoodmod:chipBagPlain, Plain Bag of Chips
extremefoodmod:chipBagBBQ, Bag of BBQ Flavored Chip
extremefoodmod:chipBagSalt, Bag of Salt Flavored Chips
extremefoodmod:pizzaSliceCheese, Slice of Cheese Pizza
extremefoodmod:pizzaSliceCheesePepperoni, Slice of Pepperoni & Cheese Pizza
extremefoodmod:itemKnife, Knife
extremefoodmod:itemPlastic, Plastic
extremefoodmod:itemGlassBowl, GlassBowl
extremefoodmod:itemChipBag, Empty Chip Bag
extremefoodmod:itemRoller, Dough Roller
fabricator:fabricatorCore, Fabricator Core
farlanders:Endumium Crystal, Endumium Crystal
farlanders:Spawn Farlander, Spawn Farlander
farlanders:Spawn Ender Golem, Spawn Ender Golem
farlanders:Spawn Elder Farlander, Spawn Elder Farlander
farlanders:Spawn Classic Enderman, Spawn Classic Enderman
farlanders:Nightfall Sword, Nightfall Sword
farlanders:Ender Golem Horn, Ender Golem Horn
farlanders:Spawn Wanderer, Spawn Wanderer
farlanders:Spawn Mystic Enderman, Spawn Mystic Enderman
farlanders:Spawn Rebel Farlander, Spawn Rebel Farlander
farlanders:Mystic Wand1, Mystic Wand
farlanders:Mystic Wand2, Mystic Wand
farlanders:Mystic Wand3, Mystic Wand
farlanders:Mystic Wand4, Mystic Wand
farlanders:Spawn Looter, Spawn Looter
farlanders:Spawn Enderminion, Spawn Enderminion
farlanders:Spawn Fanmade Enderman, Spawn Fanmade Enderman
farlanders:Spawn Mystic Enderminion, Spawn Mystic Enderminion
farlanders:Mystic Wand5, Mystic Wand
farlanders:Mystic Wand6, Mystic Wand
farlanders:Spawn Titan, Spawn Titan
farlanders:Titan Hide, Titan Hide
farlanders:Spawn Ender Guardian, Spawn Ender Guardian
farlanders:Nightfall Helmet, Nightfall Helmet
farlanders:Nightfall Chestplate, Nightfall Chestplate
farlanders:Nightfall Leggings, Nightfall Leggings
farlanders:Nightfall Boots, Nightfall Boots
farlanders:Rebel Farlander Helmet, Rebel Farlander Helmet
FCTweaks:poptop, Pop Top
FCTweaks:blankitem:0, Blank Item 0
FCTweaks:blankitem:1, Blank Item 1
FCTweaks:blankitem:2, Blank Item 2
FCTweaks:blankitem:3, item.fctweaks:blank_item_3.name
FCTweaks:blankitem:4, item.fctweaks:blank_item_4.name
FCTweaks:blankitem:5, item.fctweaks:blank_item_5.name
FCTweaks:blankitem:6, item.fctweaks:blank_item_6.name
FCTweaks:blankitem:7, item.fctweaks:blank_item_7.name
FCTweaks:blankitem:8, item.fctweaks:blank_item_8.name
FCTweaks:blankitem:9, item.fctweaks:blank_item_9.name
FCTweaks:blankitem:10, item.fctweaks:blank_item_10.name
FCTweaks:blankitem:11, item.fctweaks:blank_item_11.name
fbfp:ItemFireBall, FireBall
fbfp:ItemShadowBall, ShadowBall
fbfp:ItemDoomBall, DoomBall
fbfp:ItemMagicBall, MagicBall
FlatSigns:item.sponge.wipe, Sponge Wipe
ftfloocraft:floopowder1, Floo Powder
ftfloocraft:floopowder2, Floo Powder
ftfloocraft:floopowder4, Floo Powder
ftfloocraft:floopowder8, Floo Powder
ftfloocraft:floopowder9, Floo Powder
ftfloocraft:itemfloosign, Floo Sign
fluxedtrinkets:Circuit, Circuit
fluxedtrinkets:Circuit_Earth, Terrestrial Circuit
fluxedtrinkets:Circuit_Air, Atmospheric Circuit
fluxedtrinkets:Circuit_Fire, Scorching Circuit
fluxedtrinkets:Circuit_Water, Streaming Circuit
fluxedtrinkets:Circuit_Advanced, Advanced Circuit
fluxedtrinkets:Circuit_Advanced_Ice, Chilling Circuit
fluxedtrinkets:Circuit_Advanced_Lava, Blazing Circuit
fluxedtrinkets:Circuit_Advanced_Life, Mending Circuit
fluxedtrinkets:Circuit_Advanced_Lightning, Thundering Circuit
fluxedtrinkets:Soldering_Iron, Soldering Iron
fluxedtrinkets:Battery_Basic, Mundane Battery
fluxedtrinkets:Lead_Wire, Lead Wire
fluxedtrinkets:Electricians_Manual, Electricians Manual
fluxedtrinkets:Amulet_Empty, Modular Amulet
fluxedtrinkets:Belt_Empty, Modular Belt
fluxedtrinkets:Ring_Blank, Modular Ring
FoodExpansion:ItemJelly, Green Jelly
FoodExpansion:ItemBacon, Bacon
FoodExpansion:ItemCookedBacon, Crispy Bacon
FoodExpansion:ItemFriedEgg, Fried Egg
FoodExpansion:ItemBaconAndEgg, Bacon and Egg
FoodExpansion:ItemCarrotSeedSoup, Carrot Soup
FoodExpansion:ItemMutton, Raw Mutton
FoodExpansion:ItemCookedMutton, Cooked Mutton
FoodExpansion:ItemSquid, Raw Squid
FoodExpansion:ItemCookedSquid, Cooked Squid
FoodExpansion:ItemCompressedFlesh, Dried Flesh
FoodExpansion:ItemChocolateBar, Chocolate Bar
FoodExpansion:ItemSpiderSoup, Spider Eye Stew
FoodExpansion:ItemNetherWartSoup, Nether Wart Stew
FoodExpansion:ItemCactusFruit, Cactus Fruit
FoodExpansion:ItemHorseMeat, Horse Meat
FoodExpansion:ItemCookedHorseMeat, Cooked Horse Meat
FoodExpansion:ItemForbiddenFruit, §eForbidden Fruit
FoodExpansion:ItemCookedMushroom, Cooked Mushroom
FoodExpansion:ItemCarrotPie, Carrot Pie
FoodExpansion:ItemBatWing, Bat Wing
FoodExpansion:ItemCookedBatWing, Cooked Bat Wing
FoodExpansion:ItemBlazeCream, Blaze Cream Soup
FoodExpansion:ItemMelonSalad, Melon Salad
FoodExpansion:ItemRoastedSeed, Roasted Seed
FoodExpansion:ItemDough, Dough
kitsumedievalcraft:cannonBreach, CannonBreach
kitsumedievalcraft:cannonBarrel, CannonBarrel
kitsumedievalcraft:woodPulp, Wood Pulp
kitsumedievalcraft:halfSplitBoard, Half Split Board
kitsumedievalcraft:splitBoard, Split Board
kitsumedievalcraft:finishedLeather, Finished Leather
kitsumedievalcraft:cutLeather, Cut Leather
kitsumedievalcraft:tannedLeather, Tanned Leather
kitsumedievalcraft:scuddedLeather, Scudded Leather
kitsumedievalcraft:slackedLeather, Slacked Leather
kitsumedievalcraft:soakedLeather, Soaked Leather
kitsumedievalcraft:strippedSapling,  Stripped Sapling
kitsumedievalcraft:saplingRing, Sapling Hoop
kitsumedievalcraft:quartzDust, Quartz Dust
kitsumedievalcraft:salt, Salt
kitsumedievalcraft:limestoneDust, Limestone Dust
kitsumedievalcraft:charcoalLeafPellet, Charcoal Leaf Ball
kitsumedievalcraft:unstrungLongbow, Unstrung Longbow
kitsumedievalcraft:leatherString, item.leatherString.name
kitsumedievalcraft:leatherStrap, Leather Strap
kitsumedievalcraft:wovenLeather, Woven Leather
kitsumedievalcraft:ironChunk, Iron Chunk
kitsumedievalcraft:hotironChunk, Hot Iron Chunk
kitsumedievalcraft:ironRing, Iron Ring
kitsumedievalcraft:linkedRings, Linked Rings
kitsumedievalcraft:ironRingMesh, Ring Mesh
kitsumedievalcraft:ironweaponHandle, Iron Handle
kitsumedievalcraft:woodenPlate, Wooden Plate
kitsumedievalcraft:woodentoolHandle, Wooden Handle
kitsumedievalcraft:flintKnapped, Knapped Flint
kitsumedievalcraft:pickaxeClayForm, Soft Pickaxe Clay Form
kitsumedievalcraft:spadeHeadClayForm, Soft Shovel Clay Form
kitsumedievalcraft:hoeHeadClayForm, Soft Hoe Clay Form
kitsumedievalcraft:axeHeadClayForm, Soft Lumber Axe Clay Form
kitsumedievalcraft:longswordClayForm, Soft Long Sword Clay Form
kitsumedievalcraft:shortswordClayForm, Soft Gladius Clay Form
kitsumedievalcraft:daggerClayForm, Soft Knife Clay Form
kitsumedievalcraft:speartipClayForm, Soft Spear Tip Clay Form
kitsumedievalcraft:maceheadClayForm, Soft Mace Head Clay Form
kitsumedievalcraft:sharptipClayForm, Soft Sharp Tip Clay Form
kitsumedievalcraft:battleaxeClayForm, Soft Battle Axe Clay Form
kitsumedievalcraft:ringClayForm, Soft Ring Clay Form
kitsumedievalcraft:sawbladeClayForm, Soft Saw Blade Clay Form
kitsumedievalcraft:cookedpickaxeClayForm, Pickaxe Clay Form
kitsumedievalcraft:cookedspadeHeadClayForm, Shovel Clay Form
kitsumedievalcraft:cookedhoeHeadClayForm, Hoe Clay Form
kitsumedievalcraft:cookedaxeHeadClayForm, Lumber Axe Clay Form
kitsumedievalcraft:cookedlongswordClayForm, Long Sword Clay Form
kitsumedievalcraft:cookedshortswordClayForm, Gladius Clay Form
kitsumedievalcraft:cookeddaggerClayForm, Knife Clay Form
kitsumedievalcraft:cookedspeartipClayForm, Spear Tip Clay Form
kitsumedievalcraft:cookedmaceheadClayForm, Mace Head Clay Form
kitsumedievalcraft:cookedsharptipClayForm, Sharp Tip Clay Form
kitsumedievalcraft:cookedbattleaxeClayForm, Battle Axe Clay Form
kitsumedievalcraft:cookedringClayForm, Ring Clay Form
kitsumedievalcraft:cookedsawbladeClayForm, Saw Blade Clay Form
kitsumedievalcraft:ironpickaxeHead, Iron Pickaxe Head
kitsumedievalcraft:ironspadeHead, Iron Shovel Head
kitsumedievalcraft:ironhoeHead, Iron Hoe Head
kitsumedievalcraft:ironaxeHead, Iron Lumber Axe Head
kitsumedievalcraft:ironlongswordBlade, Iron Longsword Blade
kitsumedievalcraft:ironshortswordBlade, Iron Gladius Blade
kitsumedievalcraft:irondaggerBlade, Iron Knife Blade
kitsumedievalcraft:ironspearTip, Iron Spear Tip
kitsumedievalcraft:ironsharpTip, Iron Sharp Tip
kitsumedievalcraft:ironmaceHead, Iron Mace Head
kitsumedievalcraft:ironbattleaxeHead, Iron Battle Axe Head
kitsumedievalcraft:ironsquarePlate, Iron Square Plate
kitsumedievalcraft:ironsawBlade, Iron Saw Blade
kitsumedievalcraft:fortuneWoodRod, Lapis Inlayed Wood Handle
kitsumedievalcraft:unbreakingWoodRod, Diamond Inlayed Wood Handle
kitsumedievalcraft:fortuneIronRod, Lapis Inlayed Iron Handle
kitsumedievalcraft:efficIronRod, Redstone Inlayed Iron Handle
kitsumedievalcraft:silkTouchIronHead, Emerald Tipped Pickaxe Head
kitsumedievalcraft:unbreakingOneHead, Diamond Tip Pickaxe Head
kitsumedievalcraft:unbreakingTwoHead, Diamond Tipped Pickaxe Head
kitsumedievalcraft:efficOneHead, Redstone Tip Pickaxe Head
kitsumedievalcraft:efficTwoHead, Redstone Tipped Pickaxe Head
kitsumedievalcraft:fortuneOneHead, Lapis Tip Pickaxe Head
kitsumedievalcraft:fortuneTwoHead, Lapis Tipped Pickaxe Head
kitsumedievalcraft:unbreakingOneEfficOneHead, Diamond & Redstone Tipped Pickaxe Head
kitsumedievalcraft:unbreakingOneFortuneOneHead, Diamond & Lapis Tipped Pickaxe Head
kitsumedievalcraft:efficOneFortuneOneHead, Redstone & Lapis Tipped Pickaxe Head
kitsumedievalcraft:silkTouchIronSpade, Emerald Tipped Spade
kitsumedievalcraft:unbreakingOneSpade, Diamond Tip Spade
kitsumedievalcraft:unbreakingTwoSpade, Diamond Tipped Spade
kitsumedievalcraft:efficOneSpade, Redstone Tip Spade
kitsumedievalcraft:efficTwoSpade, Redstone Tipped Spade
kitsumedievalcraft:fortuneOneSpade, Lapis Tip Spade
kitsumedievalcraft:fortuneTwoSpade, Lapis Tipped Spade
kitsumedievalcraft:unbreakingOneEfficOneSpade, Diamond & Redstone Tipped Spade
kitsumedievalcraft:unbreakingOneFortuneOneSpade, Diamond & Lapis Tipped Spade
kitsumedievalcraft:efficOneFortuneOneSpade, Redstone & Lapis Tipped Spade
kitsumedievalcraft:silkTouchIronLumberAxe, Emerald Tipped Lumber Axe
kitsumedievalcraft:unbreakingOneLumberAxe, Diamond Tip Lumber Axe
kitsumedievalcraft:unbreakingTwoLumberAxe, Diamond Tipped Lumber Axe
kitsumedievalcraft:efficOneLumberAxe, Redstone Tip Lumber Axe
kitsumedievalcraft:efficTwoLumberAxe, Redstone Tipped Lumber Axe
kitsumedievalcraft:fortuneOneLumberAxe, Lapis Tip Lumber Axe
kitsumedievalcraft:fortuneTwoLumberAxe, Lapis Tipped Lumber Axe
kitsumedievalcraft:unbreakingOneEfficOneLumberAxe, Diamond & Redstone Tipped Lumber Axe
kitsumedievalcraft:unbreakingOneFortuneOneLumberAxe, Diamond & Lapis Tipped Lumber Axe
kitsumedievalcraft:efficOneFortuneOneLumberAxe, Redstone & Lapis Tipped Lumber Axe
kitsumedievalcraft:filteredBucket, Filtered Water Bucket
kitsumedievalcraft:tanninBucket, Tannin Bucket
kitsumedievalcraft:slackBucket, Slacked Lime Bucket
kitsumedievalcraft:itemShit, Shit
kitsumedievalcraft:itemTester, Tester
kitsumedievalcraft:itemModelArrow, Longbow Arrow
kitsumedievalcraft:itemIronTippedModelArrow, Iron Tipped Longbow Arrow
kitsumedievalcraft:itemITSpear, Iron Tipped Spear
kitsumedievalcraft:itemBark, Bark
kitsumedievalcraft:itemSmallBarrelLid, Small Barrel Lid
kitsumedievalcraft:forgeHammer, Forge Hammer
kitsumedievalcraft:inlayHammer, Inlay Hammer
kitsumedievalcraft:workBlade, Crafting Blade
kitsumedievalcraft:slottedTongs, Stone Tongs
kitsumedievalcraft:longbow, Longbow
kitsumedievalcraft:coarseFilter, Coarse Filter
kitsumedievalcraft:mediumFilter, Medium Filter
kitsumedievalcraft:fineFilter, Fine Filter
kitsumedievalcraft:charcoalFilter, Charcoal Filter
kitsumedievalcraft:rawCuredLeather, Raw Cured Leather
kitsumedievalcraft:fireBow, Fire Bow
kitsumedievalcraft:leatherShears, Leather Shears
kitsumedievalcraft:ironSaw, Iron Saw
kitsumedievalcraft:flintSaw, Flint Saw
kitsumedievalcraft:ironAxeForm, Iron Lumber Axe Form
kitsumedievalcraft:ironBattleAxeForm, Iron Battle Axe Form
kitsumedievalcraft:ironDaggerForm, Iron Knife Form
kitsumedievalcraft:ironHandleForm, Iron Handle Form
kitsumedievalcraft:ironHoeForm, Iron Hoe Form
kitsumedievalcraft:ironLongswordForm, Iron Long Sword Form
kitsumedievalcraft:ironMaceHeadForm, Iron Mace Head Form
kitsumedievalcraft:ironPickaxeForm, Iron Pickaxe Form
kitsumedievalcraft:ironRingForm, Iron Ring Form
kitsumedievalcraft:ironSawBladeForm, Iron Saw Blade Form
kitsumedievalcraft:ironSharpTipForm, Iron Sharp Tip Form
kitsumedievalcraft:ironShortSwordForm, Iron Gladius Form
kitsumedievalcraft:ironSpadeForm, Iron Shovel Form
kitsumedievalcraft:ironSpearTipForm, Iron Spear Tip Form
kitsumedievalcraft:gladius, Gladius
kitsumedievalcraft:longSword, Longsword
kitsumedievalcraft:woodenShield, Wooden Shield
kitsumedievalcraft:ironShield, Iron Shield
kitsumedievalcraft:heavyMace, Heavy Mace
kitsumedievalcraft:battleAxe, Battle Axe
kitsumedievalcraft:customIronPick1, Forged Pickaxe
kitsumedievalcraft:customIronPick2, Forged Pickaxe
kitsumedievalcraft:customIronPick3, Forged Pickaxe
kitsumedievalcraft:customIronPick4, Forged Pickaxe
kitsumedievalcraft:customIronPickCase0, Forged Pickaxe
kitsumedievalcraft:customHandleIronPickCase0, Forged Pickaxe
kitsumedievalcraft:customIronPickCase1, Forged Pickaxe
kitsumedievalcraft:customIronPickCase2, Forged Pickaxe
kitsumedievalcraft:customIronPickCase3, Forged Pickaxe
kitsumedievalcraft:customIronPickCase4, Forged Pickaxe
kitsumedievalcraft:customIronPickCase5, Forged Pickaxe
kitsumedievalcraft:customIronPickCase6, Forged Pickaxe
kitsumedievalcraft:customIronPickCase7, Forged Pickaxe
kitsumedievalcraft:customIronPickCase8, Forged Pickaxe
kitsumedievalcraft:customIronPickCase9, Forged Pickaxe
kitsumedievalcraft:customIronPickCase10, Forged Pickaxe
kitsumedievalcraft:customIronPickCase11, Forged Pickaxe
kitsumedievalcraft:customIronPickCase12, Forged Pickaxe
kitsumedievalcraft:customIronPickCase13, Forged Pickaxe
kitsumedievalcraft:customIronPickCase14, Forged Pickaxe
kitsumedievalcraft:customIronPickCase15, Forged Pickaxe
kitsumedievalcraft:customIronPickCase16, Forged Pickaxe
kitsumedievalcraft:customIronPickCase17, Forged Pickaxe
kitsumedievalcraft:customIronPickCase18, Forged Pickaxe
kitsumedievalcraft:customIronPickCase19, Forged Pickaxe
kitsumedievalcraft:customIronPickCase20, Forged Pickaxe
kitsumedievalcraft:customIronPickCase21, Forged Pickaxe
kitsumedievalcraft:customIronPickCase22, Forged Pickaxe
kitsumedievalcraft:customIronPickCase23, Forged Pickaxe
kitsumedievalcraft:customIronPickCase24, Forged Pickaxe
kitsumedievalcraft:customIronPickCase25, Forged Pickaxe
kitsumedievalcraft:customIronPickCase26, Forged Pickaxe
kitsumedievalcraft:customIronPickCase27, Forged Pickaxe
kitsumedievalcraft:customIronPickCase28, Forged Pickaxe
kitsumedievalcraft:customIronPickCase29, Forged Pickaxe
kitsumedievalcraft:customIronPickCase30, Forged Pickaxe
kitsumedievalcraft:customIronPickCase31, Forged Pickaxe
kitsumedievalcraft:customIronPickCase32, Forged Pickaxe
kitsumedievalcraft:customIronPickCase33, Forged Pickaxe
kitsumedievalcraft:customIronPickCase34, Forged Pickaxe
kitsumedievalcraft:customIronPickCase35, Forged Pickaxe
kitsumedievalcraft:customIronPickCase36, Forged Pickaxe
kitsumedievalcraft:customIronPickCase37, Forged Pickaxe
kitsumedievalcraft:customIronPickCase38, Forged Pickaxe
kitsumedievalcraft:customIronPickCase39, Forged Pickaxe
kitsumedievalcraft:customIronPickCase40, Forged Pickaxe
kitsumedievalcraft:customIronPickCase41, Forged Pickaxe
kitsumedievalcraft:customIronPickCase42, Forged Pickaxe
kitsumedievalcraft:customIronPickCase43, Forged Pickaxe
kitsumedievalcraft:customIronPickCase44, Forged Pickaxe
kitsumedievalcraft:customIronPickCase45, Forged Pickaxe
kitsumedievalcraft:customIronPickCase46, Forged Pickaxe
kitsumedievalcraft:customIronPickCase47, Forged Pickaxe
kitsumedievalcraft:customIronPickCase48, Forged Pickaxe
kitsumedievalcraft:customIronPickCase49, Forged Pickaxe
kitsumedievalcraft:customIronPickCase50, Forged Pickaxe
kitsumedievalcraft:customIronPickCase51, Forged Pickaxe
kitsumedievalcraft:customIronPickCase52, Forged Pickaxe
kitsumedievalcraft:customIronPick, Forged Pickaxe
kitsumedievalcraft:customStrongIronPick, Forged Pickaxe
kitsumedievalcraft:customWeakIronPick, Forged Pickaxe
kitsumedievalcraft:customHandleIronPick, Forged Pickaxe
kitsumedievalcraft:customHandleStrongIronPick, Forged Pickaxe
kitsumedievalcraft:customIronShovel0, Forged Shovel
kitsumedievalcraft:customIronShovel1, Forged Shovel
kitsumedievalcraft:customIronShovel2, Forged Shovel
kitsumedievalcraft:customIronShovel3, Forged Shovel
kitsumedievalcraft:customIronShovelCase0, Forged Shovel
kitsumedievalcraft:customIronShovelCase00, Forged Shovel
kitsumedievalcraft:customIronShovelCase1, Forged Shovel
kitsumedievalcraft:customIronShovelCase2, Forged Shovel
kitsumedievalcraft:customIronShovelCase3, Forged Shovel
kitsumedievalcraft:customIronShovelCase4, Forged Shovel
kitsumedievalcraft:customIronShovelCase5, Forged Shovel
kitsumedievalcraft:customIronShovelCase6, Forged Shovel
kitsumedievalcraft:customIronShovelCase7, Forged Shovel
kitsumedievalcraft:customIronShovelCase8, Forged Shovel
kitsumedievalcraft:customIronShovelCase9, Forged Shovel
kitsumedievalcraft:customIronShovelCase10, Forged Shovel
kitsumedievalcraft:customIronShovelCase11, Forged Shovel
kitsumedievalcraft:customIronShovelCase12, Forged Shovel
kitsumedievalcraft:customIronShovelCase13, Forged Shovel
kitsumedievalcraft:customIronShovelCase14, Forged Shovel
kitsumedievalcraft:customIronShovelCase15, Forged Shovel
kitsumedievalcraft:customIronShovelCase16, Forged Shovel
kitsumedievalcraft:customIronShovelCase17, Forged Shovel
kitsumedievalcraft:customIronShovelCase18, Forged Shovel
kitsumedievalcraft:customIronShovelCase19, Forged Shovel
kitsumedievalcraft:customIronShovelCase20, Forged Shovel
kitsumedievalcraft:customIronShovelCase21, Forged Shovel
kitsumedievalcraft:customIronShovelCase22, Forged Shovel
kitsumedievalcraft:customIronShovelCase23, Forged Shovel
kitsumedievalcraft:customIronShovelCase24, Forged Shovel
kitsumedievalcraft:customIronShovelCase25, Forged Shovel
kitsumedievalcraft:customIronShovelCase26, Forged Shovel
kitsumedievalcraft:customIronShovelCase27, Forged Shovel
kitsumedievalcraft:customIronShovelCase28, Forged Shovel
kitsumedievalcraft:customIronShovelCase29, Forged Shovel
kitsumedievalcraft:customIronShovelCase30, Forged Shovel
kitsumedievalcraft:customIronShovelCase31, Forged Shovel
kitsumedievalcraft:customIronShovelCase32, Forged Shovel
kitsumedievalcraft:customIronShovelCase33, Forged Shovel
kitsumedievalcraft:customIronShovelCase34, Forged Shovel
kitsumedievalcraft:customIronShovelCase35, Forged Shovel
kitsumedievalcraft:customIronShovelCase36, Forged Shovel
kitsumedievalcraft:customIronShovelCase37, Forged Shovel
kitsumedievalcraft:customIronShovelCase38, Forged Shovel
kitsumedievalcraft:customIronShovelCase39, Forged Shovel
kitsumedievalcraft:customIronShovelCase40, Forged Shovel
kitsumedievalcraft:customIronShovelCase41, Forged Shovel
kitsumedievalcraft:customIronShovelCase42, Forged Shovel
kitsumedievalcraft:customIronShovelCase43, Forged Shovel
kitsumedievalcraft:customIronShovelCase44, Forged Shovel
kitsumedievalcraft:customIronShovelCase45, Forged Shovel
kitsumedievalcraft:customIronShovelCase46, Forged Shovel
kitsumedievalcraft:customIronShovelCase47, Forged Shovel
kitsumedievalcraft:customIronShovelCase48, Forged Shovel
kitsumedievalcraft:customIronShovelCase49, Forged Shovel
kitsumedievalcraft:customIronShovelCase50, Forged Shovel
kitsumedievalcraft:customIronShovelCase51, Forged Shovel
kitsumedievalcraft:customIronShovelCase52, Forged Shovel
kitsumedievalcraft:customIronShovel, Forged Shovel
kitsumedievalcraft:customStrongIronShovel, Forged Shovel
kitsumedievalcraft:customWeakIronShovel, Forged Shovel
kitsumedievalcraft:customHandleIronShovel, Forged Shovel
kitsumedievalcraft:customHandleStrongIronShovel, Forged Shovel
kitsumedievalcraft:customIronLumberAxe0, Forged Lumber Axe
kitsumedievalcraft:customIronLumberAxe1, Forged Lumber Axe
kitsumedievalcraft:customIronLumberAxe2, Forged Lumber Axe
kitsumedievalcraft:customIronLumberAxe3, Forged Lumber Axe
kitsumedievalcraft:customIronLumberAxe, Forged Lumber Axe
kitsumedievalcraft:customStrongIronLumberAxe, Forged Lumber Axe
kitsumedievalcraft:customWeakIronLumberAxe, Forged Lumber Axe
kitsumedievalcraft:customHandleIronLumberAxe, Forged Lumber Axe
kitsumedievalcraft:customHandleStrongIronLumberAxe, Forged Lumber Axe
kitsumedievalcraft:customIronHoe, Forged Hoe
foundry:foundryComponent:0, Stone Gear
foundry:foundryComponent:1, Heating Coil
foundry:foundryComponent:2, Refractory Clay
foundry:foundryComponent:3, Refractory Brick
foundry:foundryComponent:4, Blank Soft Mold
foundry:foundryComponent:5, Gun Barrel
foundry:foundryComponent:6, Revolver Drum
foundry:foundryComponent:7, Revolver Frame
foundry:foundryComponent:8, Bullet Casing
foundry:foundryComponent:9, Bullet
foundry:foundryComponent:10, Hollow Point Bullet
foundry:foundryComponent:11, Jacketed Bullet
foundry:foundryComponent:12, Small Pile of Gunpowder
foundry:foundryComponent:13, Small Pile of Blaze Powder
foundry:foundryComponent:14, Pellet
foundry:foundryComponent:15, Shell Casing
foundry:foundryComponent:16, Shotgun Pump
foundry:foundryComponent:17, Shotgun Frame
foundry:foundryComponent:18, Zinc Dust
foundry:foundryComponent:19, Brass Dust
foundry:foundryComponent:20, Cupronickel Dust
foundry:foundryComponent:21, Energy Shard
foundry:foundryComponent:22, Life Shard
foundry:foundryComponent:23, Void Shard
foundry:foundryComponent:24, Steel Bullet
foundry:foundryComponent:25, Steel Pellet
foundry:foundryMold:0, Ingot Mold
foundry:foundryMold:1, Soft Ingot Mold
foundry:foundryMold:2, Chestplate Mold
foundry:foundryMold:3, Soft Chestplate Mold
foundry:foundryMold:4, Pickaxe Mold
foundry:foundryMold:5, Soft Pickaxe Mold
foundry:foundryMold:6, Block Mold
foundry:foundryMold:7, Soft Block Mold
foundry:foundryMold:8, Axe Mold
foundry:foundryMold:9, Soft Axe Mold
foundry:foundryMold:10, Sword Mold
foundry:foundryMold:11, Soft Sword Mold
foundry:foundryMold:12, Shovel Mold
foundry:foundryMold:13, Soft Shovel Mold
foundry:foundryMold:14, Hoe Mold
foundry:foundryMold:15, Soft Hoe Mold
foundry:foundryMold:16, Leggings Mold
foundry:foundryMold:17, Soft Leggings Mold
foundry:foundryMold:18, Helmet Mold
foundry:foundryMold:19, Soft Helmet Mold
foundry:foundryMold:20, Boots Mold
foundry:foundryMold:21, Soft Boots Mold
foundry:foundryMold:22, Gear Mold
foundry:foundryMold:23, Soft Gear Mold
foundry:foundryMold:24, Cable Mold
foundry:foundryMold:25, Soft Cable Mold
foundry:foundryMold:26, Casing Mold
foundry:foundryMold:27, Soft Casing Mold
foundry:foundryMold:28, Slab Mold
foundry:foundryMold:29, Soft Slab Mold
foundry:foundryMold:30, Stairs Mold
foundry:foundryMold:31, Soft Stairs Mold
foundry:foundryMold:32, Plate Mold
foundry:foundryMold:33, Soft Plate Mold
foundry:foundryMold:34, Wand Cap Mold
foundry:foundryMold:35, Soft Wand Cap Mold
foundry:foundryMold:36, Insulated Cable Mold
foundry:foundryMold:37, Soft Insulated Cable Mold
foundry:foundryMold:38, Sickle Mold
foundry:foundryMold:39, Soft Sickle Mold
foundry:foundryMold:40, Bow Mold
foundry:foundryMold:41, Soft Bow Mold
foundry:foundryMold:42, Flux Plate Mold
foundry:foundryMold:43, Soft Flux Plate Mold
foundry:foundryMold:44, Bullet Mold
foundry:foundryMold:45, Soft Bullet Mold
foundry:foundryMold:46, Hollow Point Bullet Mold
foundry:foundryMold:47, Soft Hollow Point Bullet Mold
foundry:foundryMold:48, Bullet Casing Mold
foundry:foundryMold:49, Soft Bullet Casing Mold
foundry:foundryMold:50, Gun Barrel Mold
foundry:foundryMold:51, Soft Gun Barrel Mold
foundry:foundryMold:52, Revolver Drum Mold
foundry:foundryMold:53, Soft Revolver Drum Mold
foundry:foundryMold:54, Revolver Frame Mold
foundry:foundryMold:55, Soft Revolver Frame Mold
foundry:foundryMold:56, Wire Mold
foundry:foundryMold:57, Soft Wire Mold
foundry:foundryMold:58, Pellet Mold
foundry:foundryMold:59, Soft Pellet Mold
foundry:foundryMold:60, Shell Casing Mold
foundry:foundryMold:61, Soft Shell Casing Mold
foundry:foundryMold:62, Shotgun Pump Mold
foundry:foundryMold:63, Soft Shotgun Pump Mold
foundry:foundryMold:64, Shotgun Frame Mold
foundry:foundryMold:65, Soft Shotgun Frame Mold
foundry:foundryMold:66, Shard Mold
foundry:foundryMold:67, Soft Shard Mold
foundry:foundryIngot:0, Copper Ingot
foundry:foundryIngot:1, Tin Ingot
foundry:foundryIngot:2, Bronze Ingot
foundry:foundryIngot:3, Electrum Ingot
foundry:foundryIngot:4, Invar Ingot
foundry:foundryIngot:5, Nickel Ingot
foundry:foundryIngot:6, Zinc Ingot
foundry:foundryIngot:7, Brass Ingot
foundry:foundryIngot:8, Silver Ingot
foundry:foundryIngot:9, Steel Ingot
foundry:foundryIngot:10, Lead Ingot
foundry:foundryIngot:11, Aluminum Ingot
foundry:foundryIngot:12, Chromium Ingot
foundry:foundryIngot:13, Platinum Ingot
foundry:foundryIngot:14, Manganese Ingot
foundry:foundryIngot:15, Titanium Ingot
foundry:foundryIngot:16, Cupronickel Ingot
foundry:foundryRevolver, Revolver
foundry:foundryShotgun, Shotgun
foundry:foundryRound, Standard Round
foundry:foundryRoundJacketed, Jacketed Round
foundry:foundryRoundHollow, Hollow Point Round
foundry:foundryRoundFire, Incendiary Round
foundry:foundryRoundPoison, Poison Round
foundry:foundryShell, Standard Shell
foundry:foundryRoundAP, Armor Piercing Round
foundry:foundryShellAP, Armor Piercing Shell
foundry:foundryContainer:0, Refractory Fluid Container
foundry:foundryContainer:0, Refractory Fluid Container
foundry:foundryContainer:0, Refractory Fluid Container
foundry:foundryContainer:0, Refractory Fluid Container
foundry:foundryContainer:0, Refractory Fluid Container
foundry:foundryContainer:0, Refractory Fluid Container
foundry:foundryContainer:0, Refractory Fluid Container
foundry:foundryContainer:0, Refractory Fluid Container
foundry:foundryContainer:0, Refractory Fluid Container
foundry:foundryContainer:0, Refractory Fluid Container
foundry:foundryContainer:0, Refractory Fluid Container
foundry:foundryContainer:0, Refractory Fluid Container
foundry:foundryContainer:0, Refractory Fluid Container
foundry:foundryContainer:0, Refractory Fluid Container
foundry:foundryContainer:0, Refractory Fluid Container
foundry:foundryContainer:0, Refractory Fluid Container
foundry:foundryContainer:0, Refractory Fluid Container
foundry:foundryContainer:0, Refractory Fluid Container
foundry:foundryContainer:0, Refractory Fluid Container
foundry:foundryContainer:0, Refractory Fluid Container
foundry:foundryContainer:0, Refractory Fluid Container
foundry:foundryContainer:0, Refractory Fluid Container
foundry:foundryContainer:0, Refractory Fluid Container
foundry:foundryContainer:0, Refractory Fluid Container
foundry:foundryContainer:0, Refractory Fluid Container
foundry:foundryContainer:0, Refractory Fluid Container
foundry:foundryContainer:0, Refractory Fluid Container
foundry:foundryContainer:0, Refractory Fluid Container
foundry:foundryContainer:0, Refractory Fluid Container
foundry:foundryContainer:0, Refractory Fluid Container
foundry:foundryContainer:0, Refractory Fluid Container
foundry:foundryContainer:0, Refractory Fluid Container
foundry:foundryContainer:0, Refractory Fluid Container
foundry:foundryContainer:0, Refractory Fluid Container
foundry:foundryContainer:0, Refractory Fluid Container
foundry:foundryContainer:0, Refractory Fluid Container
foundry:foundryContainer:0, Refractory Fluid Container
foundry:foundryContainer:0, Refractory Fluid Container
foundry:foundryContainer:0, Refractory Fluid Container
foundry:foundryContainer:0, Refractory Fluid Container
foundry:foundryContainer:0, Refractory Fluid Container
foundry:foundryContainer:0, Refractory Fluid Container
foundry:foundryContainer:0, Refractory Fluid Container
foundry:foundryContainer:0, Refractory Fluid Container
foundry:foundryContainer:0, Refractory Fluid Container
foundry:foundryContainer:0, Refractory Fluid Container
foundry:foundryContainer:0, Refractory Fluid Container
foundry:foundryContainer:0, Refractory Fluid Container
foundry:foundryContainer:0, Refractory Fluid Container
foundry:foundryContainer:0, Refractory Fluid Container
foundry:foundryContainer:0, Refractory Fluid Container
foundry:foundryContainer:0, Refractory Fluid Container
foundry:foundryContainer:0, Refractory Fluid Container
foundry:foundryContainer:0, Refractory Fluid Container
foundry:foundryContainer:0, Refractory Fluid Container
foundry:foundryContainer:0, Refractory Fluid Container
foundry:foundryContainer:0, Refractory Fluid Container
foundry:foundryContainer:0, Refractory Fluid Container
foundry:foundryContainer:0, Refractory Fluid Container
foundry:foundryContainer:0, Refractory Fluid Container
foundry:foundryContainer:0, Refractory Fluid Container
foundry:foundryContainer:0, Refractory Fluid Container
foundry:foundryContainer:0, Refractory Fluid Container
foundry:foundryContainer:0, Refractory Fluid Container
foundry:foundryContainer:0, Refractory Fluid Container
foundry:foundryContainer:0, Refractory Fluid Container
foundry:foundryContainer:0, Refractory Fluid Container
foundry:foundryContainer:0, Refractory Fluid Container
foundry:foundryContainer:0, Refractory Fluid Container
foundry:foundryContainer:0, Refractory Fluid Container
foundry:foundryContainer:0, Refractory Fluid Container
foundry:foundryContainer:0, Refractory Fluid Container
foundry:foundryContainer:0, Refractory Fluid Container
foundry:foundryContainer:0, Refractory Fluid Container
foundry:foundryContainer:0, Refractory Fluid Container
foundry:foundryContainer:0, Refractory Fluid Container
foundry:foundryContainer:0, Refractory Fluid Container
foundry:foundryContainer:0, Refractory Fluid Container
foundry:foundryContainer:0, Refractory Fluid Container
foundry:foundryContainer:0, Refractory Fluid Container
foundry:foundryContainer:0, Refractory Fluid Container
foundry:foundryContainer:0, Refractory Fluid Container
foundry:foundryContainer:0, Refractory Fluid Container
foundry:foundryContainer:0, Refractory Fluid Container
foundry:foundryContainer:0, Refractory Fluid Container
foundry:foundryContainer:0, Refractory Fluid Container
foundry:foundryContainer:0, Refractory Fluid Container
foundry:foundryContainer:0, Refractory Fluid Container
foundry:foundryContainer:0, Refractory Fluid Container
foundry:foundryContainer:0, Refractory Fluid Container
foundry:foundryContainer:0, Refractory Fluid Container
foundry:foundryContainer:0, Refractory Fluid Container
foundry:foundryContainer:0, Refractory Fluid Container
foundry:foundryContainer:0, Refractory Fluid Container
foundry:foundryContainer:0, Refractory Fluid Container
foundry:foundryContainer:0, Refractory Fluid Container
foundry:foundryContainer:0, Refractory Fluid Container
foundry:foundryContainer:0, Refractory Fluid Container
foundry:foundryContainer:0, Refractory Fluid Container
foundry:foundryContainer:0, Refractory Fluid Container
foundry:foundryContainer:0, Refractory Fluid Container
foundry:foundryContainer:0, Refractory Fluid Container
foundry:foundryContainer:0, Refractory Fluid Container
foundry:foundryContainer:0, Refractory Fluid Container
foundry:foundryContainer:0, Refractory Fluid Container
foundry:foundryContainer:0, Refractory Fluid Container
foundry:foundryContainer:0, Refractory Fluid Container
foundry:foundryContainer:0, Refractory Fluid Container
foundry:foundryContainer:0, Refractory Fluid Container
foundry:foundryContainer:0, Refractory Fluid Container
foundry:foundryContainer:0, Refractory Fluid Container
foundry:foundryContainer:0, Refractory Fluid Container
foundry:foundryContainer:0, Refractory Fluid Container
foundry:foundryContainer:0, Refractory Fluid Container
foundry:foundryContainer:0, Refractory Fluid Container
foundry:foundryContainer:0, Refractory Fluid Container
foundry:foundryContainer:0, Refractory Fluid Container
foundry:foundryContainer:0, Refractory Fluid Container
foundry:foundryContainer:0, Refractory Fluid Container
foundry:foundryContainer:0, Refractory Fluid Container
foundry:foundryContainer:0, Refractory Fluid Container
foundry:foundryContainer:0, Refractory Fluid Container
foundry:foundryContainer:0, Refractory Fluid Container
foundry:foundryContainer:0, Refractory Fluid Container
foundry:foundryContainer:0, Refractory Fluid Container
foundry:foundryContainer:0, Refractory Fluid Container
foundry:foundryContainer:0, Refractory Fluid Container
foundry:foundryContainer:0, Refractory Fluid Container
foundry:foundryContainer:0, Refractory Fluid Container
foundry:foundryContainer:0, Refractory Fluid Container
foundry:foundryContainer:0, Refractory Fluid Container
foundry:foundryContainer:0, Refractory Fluid Container
foundry:foundryContainer:0, Refractory Fluid Container
foundry:foundryContainer:0, Refractory Fluid Container
foundry:foundryContainer:0, Refractory Fluid Container
foundry:foundryContainer:0, Refractory Fluid Container
foundry:foundryContainer:0, Refractory Fluid Container
foundry:foundryContainer:0, Refractory Fluid Container
foundry:foundryContainer:0, Refractory Fluid Container
foundry:foundryContainer:0, Refractory Fluid Container
foundry:foundryContainer:0, Refractory Fluid Container
foundry:foundryContainer:0, Refractory Fluid Container
foundry:foundryContainer:0, Refractory Fluid Container
foundry:foundryContainer:0, Refractory Fluid Container
foundry:foundryContainer:0, Refractory Fluid Container
foundry:foundryContainer:0, Refractory Fluid Container
foundry:foundryContainer:0, Refractory Fluid Container
foundry:foundryContainer:0, Refractory Fluid Container
foundry:foundryContainer:0, Refractory Fluid Container
foundry:foundryContainer:0, Refractory Fluid Container
foundry:foundryContainer:0, Refractory Fluid Container
foundry:foundryContainer:0, Refractory Fluid Container
foundry:foundryContainer:0, Refractory Fluid Container
foundry:foundryContainer:0, Refractory Fluid Container
foundry:foundryContainer:0, Refractory Fluid Container
foundry:foundryContainer:0, Refractory Fluid Container
foundry:foundryContainer:0, Refractory Fluid Container
foundry:foundryContainer:0, Refractory Fluid Container
foundry:foundryContainer:0, Refractory Fluid Container
foundry:foundryContainer:0, Refractory Fluid Container
foundry:foundryContainer:0, Refractory Fluid Container
foundry:foundryContainer:0, Refractory Fluid Container
foundry:foundryContainer:0, Refractory Fluid Container
foundry:foundryContainer:0, Refractory Fluid Container
foundry:foundryContainer:0, Refractory Fluid Container
foundry:foundryContainer:0, Refractory Fluid Container
foundry:foundryContainer:0, Refractory Fluid Container
foundry:foundryContainer:0, Refractory Fluid Container
foundry:foundryContainer:0, Refractory Fluid Container
foundry:foundryContainer:0, Refractory Fluid Container
foundry:foundryContainer:0, Refractory Fluid Container
foundry:foundryContainer:0, Refractory Fluid Container
foundry:foundryContainer:0, Refractory Fluid Container
foundry:foundryContainer:0, Refractory Fluid Container
foundry:foundryContainer:0, Refractory Fluid Container
foundry:foundryContainer:0, Refractory Fluid Container
foundry:foundryContainer:0, Refractory Fluid Container
foundry:foundryContainer:0, Refractory Fluid Container
foundry:foundryContainer:0, Refractory Fluid Container
foundry:foundryContainer:0, Refractory Fluid Container
foundry:foundryContainer:0, Refractory Fluid Container
foundry:foundryContainer:0, Refractory Fluid Container
foundry:foundryContainer:0, Refractory Fluid Container
foundry:foundryContainer:0, Refractory Fluid Container
foundry:foundryContainer:0, Refractory Fluid Container
foundry:foundryContainer:0, Refractory Fluid Container
foundry:foundryContainer:0, Refractory Fluid Container
foundry:foundryContainer:0, Refractory Fluid Container
foundry:foundryContainer:0, Refractory Fluid Container
foundry:foundryContainer:0, Refractory Fluid Container
foundry:foundryContainer:0, Refractory Fluid Container
foundry:foundryContainer:0, Refractory Fluid Container
foundry:foundryContainer:0, Refractory Fluid Container
foundry:foundryContainer:0, Refractory Fluid Container
foundry:foundryContainer:0, Refractory Fluid Container
foundry:foundryContainer:0, Refractory Fluid Container
foundry:foundryContainer:0, Refractory Fluid Container
foundry:foundryContainer:0, Refractory Fluid Container
foundry:foundryContainer:0, Refractory Fluid Container
foundry:foundryContainer:0, Refractory Fluid Container
foundry:foundryContainer:0, Refractory Fluid Container
foundry:foundryContainer:0, Refractory Fluid Container
foundry:foundryContainer:0, Refractory Fluid Container
foundry:foundryContainer:0, Refractory Fluid Container
foundry:foundryContainer:0, Refractory Fluid Container
foundry:foundryContainer:0, Refractory Fluid Container
foundry:foundryContainer:0, Refractory Fluid Container
foundry:foundryContainer:0, Refractory Fluid Container
foundry:foundryContainer:0, Refractory Fluid Container
foundry:foundryContainer:0, Refractory Fluid Container
foundry:foundryContainer:0, Refractory Fluid Container
foundry:foundryContainer:0, Refractory Fluid Container
foundry:foundryContainer:0, Refractory Fluid Container
foundry:foundryContainer:0, Refractory Fluid Container
foundry:foundryContainer:0, Refractory Fluid Container
foundry:foundryContainer:0, Refractory Fluid Container
foundry:foundryContainer:0, Refractory Fluid Container
foundry:foundryContainer:0, Refractory Fluid Container
foundry:foundryContainer:0, Refractory Fluid Container
foundry:foundryContainer:0, Refractory Fluid Container
foundry:foundryContainer:0, Refractory Fluid Container
foundry:foundryContainer:0, Refractory Fluid Container
foundry:foundryContainer:0, Refractory Fluid Container
foundry:foundryContainer:0, Refractory Fluid Container
foundry:foundryContainer:0, Refractory Fluid Container
foundry:foundryContainer:0, Refractory Fluid Container
foundry:foundryContainer:0, Refractory Fluid Container
foundry:foundryContainer:0, Refractory Fluid Container
foundry:foundryContainer:0, Refractory Fluid Container
foundry:foundryContainer:0, Refractory Fluid Container
foundry:foundryContainer:0, Refractory Fluid Container
foundry:foundryContainer:0, Refractory Fluid Container
foundry:foundryContainer:0, Refractory Fluid Container
foundry:foundryContainer:0, Refractory Fluid Container
foundry:foundryContainer:0, Refractory Fluid Container
foundry:foundryContainer:0, Refractory Fluid Container
foundry:foundryContainer:0, Refractory Fluid Container
foundry:foundryContainer:0, Refractory Fluid Container
foundry:foundryContainer:0, Refractory Fluid Container
foundry:foundryContainer:0, Refractory Fluid Container
foundry:foundryContainer:0, Refractory Fluid Container
foundry:foundryContainer:0, Refractory Fluid Container
foundry:foundryContainer:0, Refractory Fluid Container
foundry:foundryContainer:0, Refractory Fluid Container
foundry:foundryContainer:0, Refractory Fluid Container
foundry:foundryContainer:0, Refractory Fluid Container
foundry:foundryContainer:0, Refractory Fluid Container
foundry:foundryContainer:0, Refractory Fluid Container
foundry:foundryContainer:0, Refractory Fluid Container
foundry:foundryContainer:0, Refractory Fluid Container
foundry:foundryContainer:0, Refractory Fluid Container
foundry:foundryContainer:0, Refractory Fluid Container
foundry:foundryContainer:0, Refractory Fluid Container
foundry:foundryContainer:0, Refractory Fluid Container
foundry:foundryContainer:0, Refractory Fluid Container
foundry:foundryContainer:0, Refractory Fluid Container
foundry:foundryContainer:0, Refractory Fluid Container
foundry:foundryContainer:0, Refractory Fluid Container
foundry:foundryContainer:0, Refractory Fluid Container
foundry:foundryContainer:0, Refractory Fluid Container
foundry:foundryContainer:0, Refractory Fluid Container
foundry:foundryContainer:0, Refractory Fluid Container
foundry:foundryContainer:0, Refractory Fluid Container
foundry:foundryContainer:0, Refractory Fluid Container
foundry:foundryContainer:0, Refractory Fluid Container
foundry:foundryContainer:0, Refractory Fluid Container
foundry:foundryContainer:0, Refractory Fluid Container
foundry:foundryContainer:0, Refractory Fluid Container
foundry:foundryContainer:0, Refractory Fluid Container
foundry:foundryContainer:0, Refractory Fluid Container
foundry:foundryContainer:0, Refractory Fluid Container
foundry:foundryContainer:0, Refractory Fluid Container
foundry:foundryContainer:0, Refractory Fluid Container
foundry:foundryContainer:0, Refractory Fluid Container
foundry:foundryContainer:0, Refractory Fluid Container
foundry:foundryContainer:0, Refractory Fluid Container
foundry:foundryContainer:0, Refractory Fluid Container
Steamcraft:book, Esteemed Innovation
Steamcraft:spyglass, Spyglass
Steamcraft:astrolabe, Astrolabe
Steamcraft:canister, Item Canister
Steamcraft:survivalist, Survivalist's Toolkit
Steamcraft:steamcellEmpty, Empty Steam Cell
Steamcraft:steamcellFull, Full Steam Cell
Steamcraft:steamcellFiller, Steam Cell Filler
Steamcraft:wrench, Pipe Wrench
Steamcraft:smashedOre:0, Smashed Iron Ore
Steamcraft:smashedOre:1, Smashed Gold Ore
Steamcraft:smashedOre:2, Smashed Copper Ore
Steamcraft:smashedOre:3, Smashed Zinc Ore
Steamcraft:smashedOre:4, Smashed Tin Ore
Steamcraft:smashedOre:5, Smashed Nickel Ore
Steamcraft:smashedOre:6, Smashed Silver Ore
Steamcraft:smashedOre:7, Smashed Lead Ore
Steamcraft:smashedOre:8, Smashed Aluminum Ore
Steamcraft:smashedOre:9, Smashed Osmium Ore
Steamcraft:smashedOre:10, Smashed Cobalt Ore
Steamcraft:smashedOre:11, Smashed Ardite Ore
Steamcraft:smashedOre:12, Smashed Cinnabar Ore
Steamcraft:steamcraftCrafting:0, Brass Piston
Steamcraft:steamcraftCrafting:1, Wooden Stock
Steamcraft:steamcraftCrafting:2, Iron Barrel
Steamcraft:steamcraftCrafting:3, Blunderbuss Barrel
Steamcraft:steamcraftCrafting:4, Flintlock
Steamcraft:steamcraftCrafting:5, Brass Turbine
Steamcraft:musketCartridge, Musket Cartridge
Steamcraft:musket, Flintlock Musket
Steamcraft:pistol, Flintlock Pistol
Steamcraft:blunderbuss, Flintlock Blunderbuss
Steamcraft:enhancementRevolver, Revolver Chamber
Steamcraft:enhancementAblaze, Blaze Barrel
Steamcraft:enhancementSpeedloader, Bolt Action
Steamcraft:enhancementSilencer, Makeshift Suppressor
Steamcraft:enhancementRecoil, Recoil Pad
Steamcraft:enhancementSpeedy, Breech
Steamcraft:rocketLauncher, Rocket Launcher
Steamcraft:enhancementFastRockets, Streamlined Barrel
Steamcraft:enhancementAirStrike, Air Strike Conversion Kit
Steamcraft:enhancementAmmo, Extended Magazine
Steamcraft:rocket, Rocket
Steamcraft:rocketConcussive, Concussive Rocket
Steamcraft:rocketMiner, Mining Charge
Steamcraft:exoArmorHead, Steam Exosuit Headpiece
Steamcraft:exoArmorBody, Steam Exosuit Chestpiece
Steamcraft:exoArmorLegs, Steam Exosuit Legpiece
Steamcraft:exoArmorFeet, Steam Exosuit Footpiece
Steamcraft:jetpack, Steam Jetpack
Steamcraft:wings, Steam Wings
Steamcraft:powerFist, Power Fist
Steamcraft:extendoFist, Extendo Fist
Steamcraft:thrusters, Thrusters
Steamcraft:fallAssist, Fall Assist
Steamcraft:jumpAssist, Leap Actuator
Steamcraft:runAssist, Modular Accelerator
Steamcraft:doubleJump, Pulse Nozzle
Steamcraft:canner, Canner
Steamcraft:pitonDeployer, Piton Deployer
Steamcraft:stealthUpgrade, Acoustic Dampener
Steamcraft:enderShroud, Ender Shroud
Steamcraft:reinforcedTank, Reinforced Exosuit Tank
Steamcraft:uberReinforcedTank, Heavily Reinforced Exosuit Tank
Steamcraft:rebreather, Rebreather
Steamcraft:coatingsHydrophobic, Hydrophobic Coatings
Steamcraft:coatingsPyrophobic, Pyrophobic Coatings
Steamcraft:anchorHeels, Anchor Heels
Steamcraft:pistonPush, Piston Push
Steamcraft:reloadingHolsters, Reloading Holsters
Steamcraft:frequencyShifter, Frequency Shifter
Steamcraft:dragonRoar, Dragon Roar
Steamcraft:steamDrill, Steam Drill
Steamcraft:steamAxe, Steam Saw
Steamcraft:steamShovel, Steam Shovel
Steamcraft:theVoid, The Void
Steamcraft:autosmelting, Exothermic Projector
Steamcraft:overclocker, Overclocker
Steamcraft:bigDrill, Big Drill
Steamcraft:battleDrill, Battle Drill
Steamcraft:stoneGrinder, Stone Grinder
Steamcraft:preciseCuttingHead, Precise Cutting Head
Steamcraft:thermalDrill, Thermal Drill
Steamcraft:drillFortune, Multiplicative Resonator
Steamcraft:chargePlacer, Calamity Injector
Steamcraft:drillHead, Steam Drill Head
Steamcraft:internalProcessor, Internal Processing Unit
Steamcraft:leafBlower, Leaf Blower
Steamcraft:feller, Timber Chain
Steamcraft:chainsaw, Chainsaw
Steamcraft:forestFire, Forest Fire
Steamcraft:cultivator, Cultivator
Steamcraft:rotaryBlades, Rotary Blades
Steamcraft:sifter, Sifter
Steamcraft:backhoe, Backhoe
Steamcraft:ingotMold, Ingot Mold
Steamcraft:nuggetMold, Nugget Mold
Steamcraft:plateMold, Plate Mold
Steamcraft:blankMold, Blank Mold
Steamcraft:steamedFish, Steamed Fish
Steamcraft:steamedSalmon, Steamed Salmon
Steamcraft:steamedChicken, Steamed Chicken
Steamcraft:steamedBeef, Steamed Beef
Steamcraft:steamedPorkchop, Steamed Porkchop
Steamcraft:steamcraftIngot:0, Copper Ingot
Steamcraft:steamcraftIngot:1, Zinc Ingot
Steamcraft:steamcraftIngot:2, Brass Ingot
Steamcraft:steamcraftIngot:3, Gilded Iron Ingot
Steamcraft:monacle, Tinkerer's Monocle
Steamcraft:goggles, Tinkerer's Goggles
Steamcraft:tophatNoEmerald, Top Hat
Steamcraft:tophat, Entrepreneur's Top Hat
Steamcraft:steamcraftNugget:0, Copper Nugget
Steamcraft:steamcraftNugget:1, Zinc Nugget
Steamcraft:steamcraftNugget:2, Iron Nugget
Steamcraft:steamcraftNugget:3, Brass Nugget
Steamcraft:steamcraftPlate:0, Copper Plate
Steamcraft:steamcraftPlate:1, Zinc Plate
Steamcraft:steamcraftPlate:2, Iron Plate
Steamcraft:steamcraftPlate:3, Gold Plate
Steamcraft:steamcraftPlate:4, Brass Plate
Steamcraft:steamcraftPlate:6, Terrasteel Plate
Steamcraft:steamcraftPlate:7, Elementium Plate
Steamcraft:steamcraftPlate:9, Lead Plate
Steamcraft:steamcraftPlate:10, Vibrant Plate
Steamcraft:steamcraftPlate:11, Enderium Plate
Steamcraft:steamcraftPlate:12, Gilded Iron Plate
Steamcraft:exosuitPlate:0, Copper Exosuit Plate
Steamcraft:exosuitPlate:1, Zinc Exosuit Plate
Steamcraft:exosuitPlate:2, Iron Exosuit Plate
Steamcraft:exosuitPlate:3, Gold Exosuit Plate
Steamcraft:exosuitPlate:4, Brass Exosuit Plate
Steamcraft:exosuitPlate:14, Gilded Iron Exosuit Plate
Steamcraft:exosuitPlate:6, Terrasteel Exosuit Plate
Steamcraft:exosuitPlate:7, Elementium Exosuit Plate
Steamcraft:exosuitPlate:10, Sadistic Exosuit Plate
Steamcraft:exosuitPlate:11, Lead Exosuit Plate
Steamcraft:exosuitPlate:12, Vibrant Exosuit Plate
Steamcraft:exosuitPlate:13, Enderium Exosuit Plate
Steamcraft:pickBrass, Brass Pickaxe
Steamcraft:axeBrass, Brass Axe
Steamcraft:shovelBrass, Brass Shovel
Steamcraft:hoeBrass, Brass Hoe
Steamcraft:swordBrass, Brass Sword
Steamcraft:helmBrass, Brass Helmet
Steamcraft:chestBrass, Brass Chestplate
Steamcraft:legsBrass, Brass Leggings
Steamcraft:feetBrass, Brass Boots
Steamcraft:pickGildedGold, Gilded Iron Pickaxe
Steamcraft:axeGildedGold, Gilded Iron Axe
Steamcraft:shovelGildedGold, Gilded Iron Shovel
Steamcraft:hoeGildedGold, Gilded Iron Hoe
Steamcraft:swordGildedGold, Gilded Iron Sword
Steamcraft:helmGildedGold, Gilded Iron Helmet
Steamcraft:chestGildedGold, Gilded Iron Chestplate
Steamcraft:legsGildedGold, Gilded Iron Leggings
Steamcraft:feetGildedGold, Gilded Iron Boots
Futucytakun:Energycleaver, EnergyCleaver
Futucytakun:PortableEnergyContainer, PortableEnergyContainer
Futucytakun:Energycell, EnergyCell
Futucytakun:Energycontainer, EnergyContainer
advgenerators:IronFrame, Iron Frame
advgenerators:PowerIO, Power IO Module
advgenerators:IronTubing, Iron Tubing
advgenerators:IronWiring, Redstone-Iron Wiring
advgenerators:Controller, Control Circuit
advgenerators:PressureValve, Pressure Valve
advgenerators:AdvancedPressureValve, Advanced Pressure Valve
advgenerators:UpgradeKit, Upgrade Kit
amulet:amulet:0, Wood Amulet
amulet:amulet:1, Stone Amulet
amulet:amulet:2, Iron Amulet
amulet:amulet:3, Gold Amulet
amulet:amulet:4, Diamond Amulet
amulet:amulet:5, Quartz Amulet
amulet:amulet:6, Emerald Amulet
amulet:amulet:7, Lapis Amulet
minst:t1flute, Flute
minst:t1bagpipe, Bagpipe
minst:t1drum, Drum
minst:t1ocarina, Ocarina
minst:t1ukulele, Ukulele
minst:t1oboe, Oboe
minst:t1horn, Horn
minst:t2flute, Nether Flute
minst:t2bagpipe, Nether Bagpipe
minst:t2drum, Nether Drum
minst:t2ocarina, Nether Ocarina
minst:t2ukulele, Nether Ukulele
minst:t2oboe, Nether Oboe
minst:t2horn, Nether Horn
minst:t3flute, Ender Flute
minst:t3bagpipe, Ender Bagpipe
minst:t3drum, Ender Drum
minst:t3ocarina, Ender Ocarina
minst:t3ukulele, Ender Ukulele
minst:t3oboe, Ender Oboe
minst:t3horn, Ender Horn
minst:goldennote, Golden Note
minst:nethernote, Nether Note
minst:endernote, Ender Note
minst:noteofthelegion, Note Of The Legion
minst:orcishdrum, Raijin's Drum
minst:orcishoboe, Clarry
minst:zelda, Ocarina of Time
minst:orcishhorn, Gjallarhorn
minst:orcishbagpipe, Vígríðr Fierce
minst:orcishukulele, Väinämöinen's Lute
minst:orcishflute, Syrinx
MagicBees:comb:0, Mundane Comb
MagicBees:comb:1, Molten Comb
MagicBees:comb:2, Occult Comb
MagicBees:comb:3, Otherworldy Comb
MagicBees:comb:4, Transmuting Comb
MagicBees:comb:5, Papery Comb
MagicBees:comb:6, Soul Comb
MagicBees:wax:0, Magic Wax
MagicBees:wax:1, Soulful Wax
MagicBees:wax:2, Amnesic Wax
MagicBees:propolis:0, Unstable Propolis
MagicBees:propolis:1, Breezey Propolis
MagicBees:propolis:2, Burning Propolis
MagicBees:propolis:3, Flowing Propolis
MagicBees:propolis:4, Stony Propolis
MagicBees:propolis:5, Ordered Propolis
MagicBees:propolis:6, Chaotic Propolis
MagicBees:drop:0, Enchanting Drop
MagicBees:drop:1, Intellect Drop
MagicBees:drop:2, Destabilized Drop
MagicBees:drop:3, Carbon Drop
MagicBees:drop:4, Lux Drop
MagicBees:drop:5, Endearing Drop
MagicBees:miscResources:1, Aromatic Lump
MagicBees:miscResources:2, Concentrated Compound
MagicBees:miscResources:3, Wither Skeleton Bone Chip
MagicBees:miscResources:4, Wither Skeleton Skull Fragment
MagicBees:miscResources:5, Draconic Dust
MagicBees:miscResources:6, Draconic Chunk
MagicBees:miscResources:7, Essence of False Life
MagicBees:miscResources:8, Essence of a Shallow Grave
MagicBees:miscResources:9, Essence of Lost Time
MagicBees:miscResources:10, Essence of Everlasting Durability
MagicBees:miscResources:11, Essence of Scornful Oblivion
MagicBees:miscResources:12, Essence of Fickle Permanence
MagicBees:miscResources:17, Dimensional Singularity
MagicBees:pollen:0, Unusual Pollen
MagicBees:pollen:1, Phased Pollen
MagicBees:moonDial, Jade Moon Dial
MagicBees:jellyBabies, Handful of Jelly Babies
MagicBees:beeNugget:0, Iron Nugget
MagicBees:beeNugget:1, Copper Nugget
MagicBees:beeNugget:2, Tin Nugget
MagicBees:beeNugget:3, Silver Nugget
MagicBees:beeNugget:4, Lead Nugget
MagicBees:magnet:0, Mysterious Magnet
MagicBees:magnet:2, Mysterious Magnet
MagicBees:magnet:4, Mysterious Magnet
MagicBees:magnet:6, Mysterious Magnet
MagicBees:magnet:8, Mysterious Magnet
MagicBees:magnet:10, Mysterious Magnet
MagicBees:magnet:12, Mysterious Magnet
MagicBees:magnet:14, Mysterious Magnet
MagicBees:magnet:16, Mysterious Magnet
MagicBees:frameMagic, Magic Frame
MagicBees:frameResilient, Resilient Frame
MagicBees:frameGentle, Gentle Frame
MagicBees:frameMetabolic, Metabolic Frame
MagicBees:frameNecrotic, Necrotic Frame
MagicBees:frameTemporal, Temporal Frame
MagicBees:frameOblivion, Oblivion Frame
MagicBees:item.manasteelScoop, Manasteel Scoop
MagicBees:item.manasteelGrafter, Manasteel Grafter
MagicYarn:magic_yarn, Magic Yarn
magnanimoustools:MagnanimousSword, Magnanimous Sword
magnanimoustools:MagSwordBlade, Magnanimous Sword Blade
magnanimoustools:MagnanimousPick, Magnanimous Pickaxe
magnanimoustools:MagPickHead, Magnanimous Pickaxe Head
magnanimoustools:MagnanimousHammer, Magnanimous Hammer
magnanimoustools:MagHammerHead, Magnanimous Hammer Head
magnanimoustools:MagnanimousEarthMover, Magnanimous Earth Mover
magnanimoustools:MagEarthMoverHead, Magnanimous Earth Mover Head
magnanimoustools:HardenedHandle, Hardened Handle
magnanimoustools:MagnanimousGem, Magnanimous Gem
magnanimoustools:MagStick, Magnanimous Stick
majora:item.MaskMold, Mask Mold
majora:item.BottledFairy, Bottled Fairy
majora:item.MajorasMask, Majora's Mask
majora:item.MaskOfTruth, Mask of Truth
majora:item.FierceDeitySword, Double Helix Sword
majora:item.BlastMask, Blast Mask
majora:item.BremenMask, Bremen Mask
majora:item.CouplesMask, Couple's Mask
majora:item.DekuMask, Deku Mask
majora:item.DonGeroMask, Don Gero Mask
majora:item.GaroMask, Garo Mask
majora:item.GiantsMask, Giant's Mask
majora:item.GibdoMask, Gibdo Mask
majora:item.GormanMask, Gorman Mask
majora:item.GreatFairyMask, Great Fairy Mask
majora:item.AllNightMask, All Night Mask
majora:item.BunnyHood, Bunny Hood
majora:item.KeatonMask, Keaton Mask
majora:item.MaskOfScents, Mask of Scents
majora:item.PostmansMask, Postman's Hat
majora:item.StoneMask, Stone Mask
majora:item.ZoraMask, Zora Mask
majora:item.KafeiMask, Kafei Mask
majora:item.KamarosMask, Kamaro's Mask
majora:item.RomaniMask, Romani Mask
majora:item.FierceDeityMask, Fierce Deity Mask
majora:item.GoronMask, Goron Mask
majora:item.CaptainsMask, Captain's Hat
majora:item.MoonTear, Moon Tear
majora:item.OdolwasRemains, Odolwa's Remains
majora:item.GohtsRemains, Goht's Remains
majora:item.GyorgsRemains, Gyorg's Remains
majora:item.TwinmoldsRemains, Twinmold's Remains
MalCore:itemguidebook, Guidebook
mapleitems:item.balrogLeather, Balrog Leather
mapleitems:item.bandageDirty, Dirty Bandage
mapleitems:item.batWing, Bat Wing
mapleitems:item.boarToothFire, Fire Boar Tooth
mapleitems:item.boarToothWild, Wild Boar Tooth
mapleitems:item.bonePelvic, Pelvic Bone
mapleitems:item.boneRib, Rib Bone
mapleitems:item.boneSkeledog, Skeledog Bone
mapleitems:item.boogieHornJr, Jr Boogie Horn
mapleitems:item.bubbleFoodCherry, Cherry Bubble
mapleitems:item.bubbleFoodMango, Mango Bubble
mapleitems:item.bubbleFoodMelon, Melon Bubble
mapleitems:item.bubbleJellyfishClear, Jelly Fish Bubble
mapleitems:item.bubbleJellyfishPurple, Purple Jelly Fish Bubble
mapleitems:item.cdColor, Color CD
mapleitems:item.cdGrey, Grey CD
mapleitems:item.charmUndead, Undead Charm
mapleitems:item.clamGreen, Emerald Clam
mapleitems:item.clamPurple, Bewitched Clam
mapleitems:item.coconut, Coconut
mapleitems:item.collarBell, Bag on a string
mapleitems:item.crabClawGrey, Grey Crab Claw
mapleitems:item.crabClawRed, Red Crab Claw
mapleitems:item.crocSkin, Crocodile Skin
mapleitems:item.crystalBlue, Blue Crystalite Bottle
mapleitems:item.crystalPink, Pink Crystalite Bottle
mapleitems:item.crystalYellow, Yellow Crystalite Bottle
mapleitems:item.cursedDoll, Cursed Doll
mapleitems:item.demonTail, Demon Tail
mapleitems:item.demonTailFire, Flaming Demon Tail
mapleitems:item.drakeHorn, Drake Horn
mapleitems:item.drakeIce, Drake Ice
mapleitems:item.drakeSkin, Drake Skin
mapleitems:item.drakeSkull, Drake Skull
mapleitems:item.eyeColdTail, Cold Eye Tail
mapleitems:item.eyeCurseTail, Curse Eye Tail
mapleitems:item.eyeEvilTail, Evil Eye Tail
mapleitems:item.eyeSurgeonTail, Surgeon Eye Tail
mapleitems:item.fairyAntenna, Fairy Antenna
mapleitems:item.fairyWing, Fairy Wing
mapleitems:item.firewood, Firewood
mapleitems:item.firewoodAxe, Axed Firewood
mapleitems:item.fishFlying, Flying Fish
mapleitems:item.gatorSkin, Aligator Skin
mapleitems:item.golemRubbleDark, Dark Golem Rubble
mapleitems:item.golemRubbleFire, Fire Golem Rubble
mapleitems:item.golemRubbleIce, Ice Golem Rubble
mapleitems:item.golemRubbleMix, Mixed Golem Rubble
mapleitems:item.golemRubbleStone, Stone Golem Rubble
mapleitems:item.hatBunny, Bunny Ears
mapleitems:item.hatFedora, Fedora
mapleitems:item.hatRandom, Random Hat
mapleitems:item.hatWig, Wig
mapleitems:item.helmetDestoryed, Destroyed Helmet
mapleitems:item.inkSackBlue, Blue Ink Sack
mapleitems:item.inkSackOrange, Orange Ink Sack
mapleitems:item.ironHogMetalArmor, Iron Boar Metal Armor
mapleitems:item.ironHogMetalHoof, Iron Boar Metal Hoof
mapleitems:item.kargoJewel, Kargo Jewel
mapleitems:item.keychainPenguin, Penguin Keychain
mapleitems:item.keychainYeti, Yeti Keychain
mapleitems:item.leaf, Leaf
mapleitems:item.lupinBanana, Lupin's Banana
mapleitems:item.lupinDoll, Lupin Doll
mapleitems:item.medicineStrange, Strange Medicine
mapleitems:item.mushroomCapBlue, Blue Mushroom Cap
mapleitems:item.mushroomCapGreen, Green Mushroom Cap
mapleitems:item.mushroomCapHorny, Horny Mushroom Cap
mapleitems:item.mushroomCapOrange, Orange Mushroom Cap
mapleitems:item.mushroomCapPoison, Poison Mushroom Cap
mapleitems:item.mushroomDollOrange, Orange Mushroom Doll
mapleitems:item.mushroomPoison, Poison Mushroom
mapleitems:item.mushroomSpore, Mushroom Spore
mapleitems:item.mushroomSporeGiant, Giant Mushroom Spore
mapleitems:item.mushroomSporeMutated, Mutated Mushroom Spore
mapleitems:item.mushroomSporePoison, Poison Mushroom Spore
mapleitems:item.octopusLeg, Octopus Leg
mapleitems:item.octopusTentacle, Octopus Tentacle
mapleitems:item.pigHead, Pig Head
mapleitems:item.pigRibbonBlue, Blue Ribbon
mapleitems:item.pigRibbonRed, Red Ribbon
mapleitems:item.pigTailToxic, Toxic Pig Tail
mapleitems:item.pooltubeBlue, Blue PoolTube
mapleitems:item.pooltubeRed, Red PoolTube
mapleitems:item.potionMaladysExperiment, Malady's Experimental Potion
mapleitems:item.seedling, Seedling
mapleitems:item.shrimp, Cooked Shrimp with Sauce
mapleitems:item.skullHorse, Horse Skull
mapleitems:item.slimeBubble, Slime Bubble
mapleitems:item.slimeBubbleBubbling, Bubbling Bubble
mapleitems:item.slimeLiquid, Slime Liquid
mapleitems:item.snakeSkin, Snake Skin
mapleitems:item.spearBroken, Broken Spear
mapleitems:item.starfishRedLeg, Red Starfish Leg
mapleitems:item.starfishYellowLeg, Yellow Starfish Leg
mapleitems:item.stoneSlate, Slate
mapleitems:item.tablecloth, Tablecloth
mapleitems:item.tauromacisHorn, Tauromacis Horn
mapleitems:item.taurospearHorn, Taurospear Horn
mapleitems:item.treeBranch, Branch
mapleitems:item.treePalm, Palm Tree
mapleitems:item.trophyMushroom, Mushroom Trophy
mapleitems:item.turtleShell, Tortise Shell
mapleitems:item.woodenBoard, Plank
mapleitems:item.yetiHornGold, Gold Yeti Horn
mapleitems:item.yetiHornGrey, Grey Yeti Horn
mapleitems:item.yetiHornWhite, White Yeti Horn
mapleitems:item.bookOfRituals, Book of Rituals
mapleitems:item.coatHanger, Coat Hanger
mapleitems:item.crystalShard, Crystal Shard
mapleitems:item.darkMatter, Dark Matter
mapleitems:item.diferiumFuelCell, Diferium Fuel Cell
mapleitems:item.ductTape, Duct Tape
mapleitems:item.iceBlock, Ice Block
mapleitems:item.iceBlockCoke, Coke Ice Block
mapleitems:item.iceShell, Ice Shell
mapleitems:item.jumperCable, Jumper Cable
mapleitems:item.jungleLily, Jungle Lily
mapleitems:item.leather, Leather
mapleitems:item.leFayJewel, Le Fay Jewel
mapleitems:item.materiaOrb, Materia Orb
mapleitems:item.murukunsFurball, Murukun's Furball
mapleitems:item.murumurusFurball, Murumuru's Furball
mapleitems:item.murupasFurball, Murupa's Furball
mapleitems:item.murupiasFurball, Murupia's Furball
mapleitems:item.murusFurball, Muru's Furball
mapleitems:item.mysticAstrolabe, Mystic Astrolabe
mapleitems:item.naricainJewel, Naricain Jewel
mapleitems:item.pharoahsWrappings, Pharoah's Wrappings
mapleitems:item.softFeather, Soft Feather
mapleitems:item.spaceFood, Space Food
mapleitems:item.sparkPlug, Spark Plug
mapleitems:item.stiffFeather, Stiff Feather
mapleitems:item.stoneDenari, Denari
mapleitems:item.stoneTigerHead, Stone Tiger Head
mapleitems:item.stretchyMaterial, Stretchy Material
mapleitems:item.subaniAnkh, Subani Ankh
mapleitems:item.t1SocketAdapter, T1 Socket Adapter
mapleitems:item.taoOfHarmony, Tao of Harmony
mapleitems:item.taoOfShadows, Tao of Shadows
mapleitems:item.taoOfSight, Tao of Sight
mapleitems:item.taruSpiritFeather, Taru Spirit Feather
mapleitems:item.taruTotem, Taru Totem
mapleitems:item.tigurusFeather, Tiguru's Feather
mapleitems:item.timusFeather, Timu's Feather
mapleitems:item.tinosFeather, Tino's Feather
mapleitems:item.tirusFeather, Tiru's Feather
mapleitems:item.tivsFeather, Tiv's Feather
mapleitems:item.typhonCrest, Typhon Crest
mapleitems:item.undinesCloth, Undines Cloth
mapleitems:item.vorticularGyro, Vorticular Gyro
mapleitems:item.wadOfGum, Wad of Gum
mapleitems:item.whiteVersalMateria, White Versal Materia
mapleitems:item.zakumDiamond, Zakum Diamond
mapleitems:item.zetaResidue, Zeta Residue
mapleitems:item.afterlordChainedTire, Afterlord Caterpillar
mapleitems:item.aufHavenWing, Aufheben Wing
mapleitems:item.bigBossFlashlight, Big Boss Flashlight
mapleitems:item.bodyguardAsTiePin, Bodyguard A's Tie Pin
mapleitems:item.bodyguardBsBulletShell, Bodyguard B's Bullet Shell
mapleitems:item.bosssPomade, Boss's Pomade
mapleitems:item.brokenTatemono, Kacchuu Musha Fragment
mapleitems:item.calculatingDomino, Calculating Domino
mapleitems:item.castellansStolenArmrest, Castellan's Stolen Armrest
mapleitems:item.chuninPoisonDart, Chunin Poison Dart
mapleitems:item.cloudFoxtail, Cloud Foxtail
mapleitems:item.cloudFoxtailDark, Dark Cloud Foxtail
mapleitems:item.coreBlazeTip, Core Blaze Tip
mapleitems:item.crowFeather, Crow Feather
mapleitems:item.cucumber, Cucumber
mapleitems:item.geninDoll, Genin Doll
mapleitems:item.gigatoadCoinPurse,  Gigatoad Coin Purse
mapleitems:item.imperialGuardVacuumTube, Bergamot Oil Tank
mapleitems:item.iruvataLaserSword, Ilúvatar Laser Gun
mapleitems:item.joninShuriken, Jonin Shuriken
mapleitems:item.kimonoPiece, Kimono Piece
mapleitems:item.kunoichi, Kunoichi
mapleitems:item.ladyBosssComb, Lady Boss's Comb
mapleitems:item.leaderAsShades, Leader A's Shades
mapleitems:item.leaderBsCharm, Leader B's Charm
mapleitems:item.littlemanAsBadge, Littleman A's Badge
mapleitems:item.littlemanBsNamePlate, Littleman B's Name Plate
mapleitems:item.littlemanCsNecklace, Littleman C's Necklace
mapleitems:item.macromoleculeActualater, Macromolecule Actualater
mapleitems:item.magicMonsterClaw, Magic Monster Claw
mapleitems:item.magicMonsterHorn, Magic Monster Horn
mapleitems:item.maverickBalancer, Maverick Balancer
mapleitems:item.maverickTypeAComponent, Royal Guard Medal
mapleitems:item.maverickTypeDBooster, Maverick Booster
mapleitems:item.maverickTypeSLaserGun, Portable Laser Guidance
mapleitems:item.nibergenReactor, Nibelung Reactor
mapleitems:item.operationalUnit, Operational Unit
mapleitems:item.overloadLens, Overlord Lens
mapleitems:item.prototypeLordPropulsionSystem, Prototype Lord Spoiler
mapleitems:item.raccoonFirewood, Raccoon Firewood
mapleitems:item.robbysElectronicInductionDevice, Conductive Polymer Gain
mapleitems:item.royalGuardArmor, Imperial Guard Shield
mapleitems:item.sabots, Sabots
mapleitems:item.shadowNinjaScroll, Ninto Scroll
mapleitems:item.strawSandals, Straw Sandals
mapleitems:item.toadOil, Toad Oil
mapleitems:item.triangularBandanaOfTheNightghost, Triangular Bandana of the Nightghost
mapleitems:item.twistedRadar, Twisted Radar
mapleitems:item.wornPaperLantern, Worn Paper Lantern
mapleitems:item.blackFur, Black Sheep Fur
mapleitems:item.blackHorn, Black Horn
mapleitems:item.chickenFeet, Chicken Feet
mapleitems:item.duckEgg, Duck Egg
mapleitems:item.noseRing, Nose Ring
mapleitems:item.plow, Plow
mapleitems:item.sheepFur, Sheep Fur
mapleitems:item.whiteHorn, White Horn
mapleitems:item.frogLeg, Frog Leg
mapleitems:item.lizardTail, Lizard Tail
mapleitems:item.lizardTongue, Lizard Tongue
mapleitems:item.monkeyBike, Monkey Bike
mapleitems:item.motorcycleHelmet, Motorcycle Helmet
mapleitems:item.rawChicken, Chicken
mapleitems:item.snakeScale, Snake Scales
mapleitems:item.snakeSkin2, Snake Skin
mapleitems:item.toadPoison, Toad Poison
mapleitems:item.whiteEgg, White Egg
mapleitems:item.wildDogDentures, Wild Dog Dentures
mapleitems:item.wildDogShades, Wild Dog Shades
mapleitems:item.wildDogTail, Wild Dog Tail
mapleitems:item.battery, Battery
mapleitems:item.bigPoop, Big Poop
mapleitems:item.brokenWing, Broken Wing
mapleitems:item.essenceBlack, Black Essence
mapleitems:item.essenceBlue, Blue Essence
mapleitems:item.essenceGreen, Green Essence
mapleitems:item.essencePink, Pink Essence
mapleitems:item.essenceRed, Red Essence
mapleitems:item.fireExtinguisher, Fire Extinguisher
mapleitems:item.headlight, Headlight
mapleitems:item.ink, Ink
mapleitems:item.metalPole, Metal Pole
mapleitems:item.mossRock, Mossy Rock
mapleitems:item.oilCanister, Oil Canister
mapleitems:item.rafflesia, Rafflesia
mapleitems:item.recycledWaterBottle, Recycled Water Bottle
mapleitems:item.slygieTail, Slygie Tail
mapleitems:item.smallPoop, Small Poop
mapleitems:item.soulLantern, Soul Lantern
mapleitems:item.speedLimitSign, Speed Limit Sign
mapleitems:item.stopSign, Stop Sign
mapleitems:item.sweatBead, Sweat Bead
mapleitems:item.unionKey, Union Key
mapleitems:item.veetronHorn, Veetron Horn
mapleitems:item.wastePaper, Waste Paper
mapleitems:item.wornTire, Worn Tire
mapleitems:item.charmersFlute, Charmer's Flute
mapleitems:item.coconutHusk, Coconut Husk
mapleitems:item.dentedBarrel, Dented Barrel
mapleitems:item.luckyBusTicket, Lucky Bus Ticket
mapleitems:item.luckyHat, Lucky Hat
mapleitems:item.rebab, Rebab
mapleitems:item.rodeoRider, Rodeo Rider
mapleitems:item.scarf, Scarf
mapleitems:item.scarlionBosssFoot, Scarlion Boss's Foot
mapleitems:item.stolenTire, Stolen Tire
mapleitems:item.tallHat, Tall Hat
mapleitems:item.targasFoot, Targa's Foot
mapleitems:item.toyPlane, Toy Plane
mapleitems:item.vikingHelmet, Viking Helmet
mapleitems:item.woodenPonyTail, Wooden Pony Tail
mapleitems:item.yellowWig, Yellow Wig
mapleitems:item.jewelAmethyst, Refined Amethyst
mapleitems:item.jewelAquaMarine, Refined AquaMarine
mapleitems:item.jewelBlackCrystal, Refined BlackCrystal
mapleitems:item.jewelDiamond, Refined Diamond
mapleitems:item.jewelEmerald, Refined Emerald
mapleitems:item.jewelGarnet, Refined Garnet
mapleitems:item.jewelOpal, Refined Opal
mapleitems:item.jewelSapphire, Refined Sapphire
mapleitems:item.jewelStarRock, Refined StarRock
mapleitems:item.jewelTopaz, Refined Topaz
mapleitems:item.lidium, Lidium
mapleitems:item.oreAdamantium, Raw Adamantium
mapleitems:item.oreAmethyst, Raw Amethyst
mapleitems:item.oreAquaMarine, Raw AquaMarine
mapleitems:item.oreBlackCrystal, Raw BlackCrystal
mapleitems:item.oreBronze, Raw Bronze
mapleitems:item.oreDiamond, Raw Diamond
mapleitems:item.oreEmerald, Raw Emerald
mapleitems:item.oreGarnet, Raw Garnet
mapleitems:item.oreGold, Raw Gold
mapleitems:item.oreLidium, Raw Lidium
mapleitems:item.oreMithril, Raw Mithril
mapleitems:item.oreOpal, Raw Opal
mapleitems:item.oreOrihalcon, Raw Orihalcon
mapleitems:item.oreSapphire, Raw Sapphire
mapleitems:item.oreSilver, Raw Silver
mapleitems:item.oreSteel, Raw Steel
mapleitems:item.oreTopaz, Raw Topaz
mapleitems:item.pieceOfTime, Piece of Time
mapleitems:item.plateAdamantium, Adamantium Plate
mapleitems:item.plateBronze, Bronze Plate
mapleitems:item.plateGold, Gold Plate
mapleitems:item.plateMithril, Mithril Plate
mapleitems:item.plateOrihalcon, Orihalcon Plate
mapleitems:item.plateSilver, Silver Plate
mapleitems:item.plateSteel, Steel Plate
mapleitems:item.rockMoon, Rock of Moon
mapleitems:item.rockOfTime, Piece of Dimension
mapleitems:item.bubbleFishsThoughts, Fish's Thought Bubble
mapleitems:item.butterToastedSquid, Butter Toasted Squid
mapleitems:item.flamboyantScaleSkin, Flamboyant Scale Skin
mapleitems:item.frozenSharksFin, Frozen Shark's Fin
mapleitems:item.hardNeedle, Hard Needle
mapleitems:item.inkBottle, Ink Bottle
mapleitems:item.jrPepesFish, Jr Pepe's Fish
mapleitems:item.kappasPoisonPouch, Kappa's Poison Pouch
mapleitems:item.limePowderBottle, Lime Powder Bottle
mapleitems:item.miniaturePianus, Miniature Pianus
mapleitems:item.neckiSwimmingCap, Necki Swimming Cap
mapleitems:item.needle, Needle
mapleitems:item.packOfGoby, Pack of Goby
mapleitems:item.papulatusCertificate, Papulatus Certificate
mapleitems:item.poisonPoopasPoisonousSpikes, Poison Poopa's Poisonous Spike
mapleitems:item.poopaEgg, Poopa Egg
mapleitems:item.seaHorseHorn, Sea Horse Horn
mapleitems:item.seaHorseTail, Sea Horse Tail
mapleitems:item.sealMeat, Seal Meat
mapleitems:item.sealSkin, Seal Skin
mapleitems:item.sealTooth, Seal Tooth
mapleitems:item.sharkDenture, Shark Denture
mapleitems:item.shrimpMeat, Shrimp Meat
mapleitems:item.snorkle, Snorkle
mapleitems:item.toyBabySeal, Toy Baby Seal
mapleitems:item.broom, Broom
mapleitems:item.cactusFlower, Cactus Flower
mapleitems:item.cactusStem, Cactus Stem
mapleitems:item.cactusThorn, Cactus Thorn
mapleitems:item.desertCarrot, Desert Carrot
mapleitems:item.desertClover, Desert Clover
mapleitems:item.earmuff, Earmuff
mapleitems:item.emptySack, Empty Sack
mapleitems:item.entryPass, Entry Pass
mapleitems:item.flamingDesertGem, Flaming Desert Gem
mapleitems:item.hardWalnut, Hard Walnut
mapleitems:item.kiyosBeak, Kiyo's Beak
mapleitems:item.neckiFlower, Necki Flower
mapleitems:item.needlePouch, Needle Pouch
mapleitems:item.peachSeed, Peach Seed
mapleitems:item.pounder, Pounder
mapleitems:item.redBelt, Red Belt
mapleitems:item.sandPile, Sand Pile
mapleitems:item.scorpionSting, Scorpion Stinger
mapleitems:item.sealedBottle, Sealed Bottle
mapleitems:item.smallEgg, Small Egg
mapleitems:item.snakeRattle, Snake Rattle
mapleitems:item.strawDoll, Straw Doll
mapleitems:item.sunflowerSeed, Sunflower Seed
mapleitems:item.telescope, Telescope
mapleitems:item.thimble, Thimble
mapleitems:item.threeTailedFoxtail, Three Tailed Foxtail
mapleitems:item.tigerSkin, Tiger Skin
mapleitems:item.tigerStamp, Tiger Stamp
mapleitems:item.traditionalScholarHat, Traditional Scholar Hat
mapleitems:item.woodenDoll, Wooden Doll
mapleitems:item.woodenHammer, Wooden Hammer
mapleitems:item.yellowBelt, Yellow Belt
mapleitems:item.babyMonkeysBottle, Baby Monkey's Bottle
mapleitems:item.bananaPeel, Banana Peel
mapleitems:item.blueGoblinCrown, Blue Goblin Crown
mapleitems:item.cellionTail, Cellion Tail
mapleitems:item.darkNependeathSeed, Dark Nependeath Seed
mapleitems:item.ferretsSpear, Ferrets Spear
mapleitems:item.fireSentinelShellpiece, Fire Sentinel Shellpiece
mapleitems:item.ganapatisPoleaxe, Ganapatis Polearm
mapleitems:item.giganticVikingHat, Gigantic Viking Hat
mapleitems:item.goldenFerretsShield, Golden Ferret's Shield
mapleitems:item.goldenMammothsTusk, Golden Mammoth's Tusk
mapleitems:item.goldenRabbitsCape, Golden Rabbit's Cape
mapleitems:item.goldenScorpiesHelmet, Golen Scorpie's Helmet
mapleitems:item.grupinTail, Grupin Tail
mapleitems:item.iceSentinelShellpiece, Ice Sentinel Shellpiece
mapleitems:item.jrSentinelShellpiece, Jr Sentinel Shellpiece
mapleitems:item.lionerTail, Lioner Tail
mapleitems:item.lucidaTail, Lucida Tail
mapleitems:item.lunarPixiesMoonpiece, Lunar Pixie's Moonpiece
mapleitems:item.lusterPixiesSunpiece, Lunar Pixie's Sunpiece
mapleitems:item.mammothsTail, Mammoth's Tail
mapleitems:item.nependeathSeed, Nependeath Seed
mapleitems:item.oldPaper, Old Paper
mapleitems:item.rabbitsFang, Rabbit's Fang
mapleitems:item.redGoblinAxe, Red Goblin Axe
mapleitems:item.scorpiesHelmet, Scorpie's Helmet
mapleitems:item.sentinelShellpiece, Sentinel Shellpiece
mapleitems:item.solidHorn, Solid Horn
mapleitems:item.starPixiesStarpiece, Star Pixie's Starpiece
mapleitems:item.stoneGoblinsRedUnderwear, Stone Goblin's Red Underwear
mapleitems:item.strongStoneGoblinCrown, Strong Stone Goblin Crown
mapleitems:item.whiteBabyMonkeyTail, White Baby Monkey Tail
mapleitems:item.whiteMamaMonkeyFur, White Mama Monkey Fur
mapleitems:item.acorn, Acorn
mapleitems:item.ancientFairysWings, Ancient Fairy's Wings
mapleitems:item.bambooNameplate, Bamboo Nameplate
mapleitems:item.bearFoot, Bear Foot
mapleitems:item.bellflower, Bellflower
mapleitems:item.blackMushroomSpore, Black Mushroom Spore
mapleitems:item.brokenDeerHorn, Broken Deer Horn
mapleitems:item.brokenPieceofPot, Broken Piece of Pot
mapleitems:item.chaosTusk, Chaos Tusk
mapleitems:item.contaminatedMoss, Contaminated Moss
mapleitems:item.darkFloraPetal, Dark Flora Petal
mapleitems:item.decayingBranch, Decaying Branch
mapleitems:item.deepBuffoonsRockPiece, Deep Buffoons Rock Piece
mapleitems:item.floraPetal, Flora Petal
mapleitems:item.gatekeeperArmband, Gatekeeper Armband
mapleitems:item.generalHornetStinger, General Hornet Stinger
mapleitems:item.ginsengBoiledWater, Ginseng Boiled Water
mapleitems:item.hornetStinger, Hornet Stinger
mapleitems:item.mantisWing, Mantis Wing
mapleitems:item.mossSnailShell, Moss Snail Shell
mapleitems:item.mrAllisLeather, Mr. Alli's Leather
mapleitems:item.poisonedRake, Poisoned Rake
mapleitems:item.poisonHornetStinger, Poison Hornet Stinger
mapleitems:item.proofofTraining, Proof of Training
mapleitems:item.reallyRedHorn, Really Red Horn
mapleitems:item.rottingBranch, Rotting Branch
mapleitems:item.rubble, Rubble
mapleitems:item.shakyPebble, Shaky Pebble
mapleitems:item.shiningFairysWings, Shining Fairy's Wings
mapleitems:item.snakeLeather, Snake Leather
mapleitems:item.spiderweb, Spider Web
mapleitems:item.stickySpiderweb, Sticky Spider Web
mapleitems:item.tanathosStrap, Tanathos Strap
mapleitems:item.treeTrunk, Tree Trunk
mapleitems:item.yearOldBellflower100, 100 Year Old Bellflower
mapleitems:item.bainsSpikyCollar, Bain's Spiky Collar
mapleitems:item.balrogsClaw, Balrog's Claw
mapleitems:item.bearwolfsMorningStar, Bearwolf's Morning Star
mapleitems:item.bibleOfTheCorrupt, Bible of the Corrupt
mapleitems:item.castleGolemBrick, Castle Golem Brick
mapleitems:item.cerebesTooth, Cerebe's Tooth
mapleitems:item.crockysHelmet, Crocky's Helmet
mapleitems:item.darkJrYetiSkin, Dark Jr. Yeti Skin
mapleitems:item.darkLeattyFurball, Dark Leatty Furball
mapleitems:item.darkPepeBeak, Dark Pepe Beak
mapleitems:item.darkYetiHorn, Dark Yeti Horn
mapleitems:item.firebombFlame, Firebomb Flame
mapleitems:item.flyEyeWing, Fly Eye Wing
mapleitems:item.hectorTail, Hector Tail
mapleitems:item.iceTear, Ice Tear
mapleitems:item.jrCerebesTooth, Jr. Cerebe's Tooth
mapleitems:item.jrYetiSkin, Jr. Yeti Skin
mapleitems:item.leattyFurball, Leatty Furball
mapleitems:item.lycanthropeToenail, Lycanthrope Toenail
mapleitems:item.pepeBeak, Pepe Beak
mapleitems:item.pianusCertificate, Pianus Certificate
mapleitems:item.purificationTotem, Purification Totem
mapleitems:item.redContractOrb, Red Contract Orb
mapleitems:item.reindeersSpear, Reindeer's Spear
mapleitems:item.vulturesShoulderAccessory, Vultures Shoulder Accessory
mapleitems:item.werewolfToenail, Werewolf Toenail
mapleitems:item.whiteFangTail, White Fang Tail
mapleitems:item.yetiHorn, Yeti Horn
mapleitems:item.zakumCertificate, Zakum Certificate
mapleitems:item.zombiesLostGoldTooth, Zombie's Lost Gold Tooth
mapleitems:item.zombiesLostTooth, Zombie's Lost Tooth
mapleitems:item.bigfootsToe, Big Foot's Toe
mapleitems:item.blueGuardHelm, Blue Guard Helm
mapleitems:item.boomerCore, Boomer Core
mapleitems:item.crimsonHeart, Crimson Heart
mapleitems:item.crimsonWood, Crimson Wood
mapleitems:item.elderAshes, Elder Ashes
mapleitems:item.elderwraithBone, Elder Wraith Bone
mapleitems:item.firebrandBadge, Firebrand Badge
mapleitems:item.goldSquishyLiquid, Gold Squishy Liquid
mapleitems:item.huntersMask, Hunters Mask
mapleitems:item.jackOLantern, Jack O' Lantern
mapleitems:item.loadedSpring, Loaded Spring
mapleitems:item.lockofDollsHair, Lock of Doll's Hair
mapleitems:item.luckyCharm, Lucky Charm
mapleitems:item.maskedMansInvitation, Masked Man's Invitation
mapleitems:item.masterRedNirgHelm, Master Red Nirg Helm
mapleitems:item.nightshadowBadge, Nightshadow Badge
mapleitems:item.overlordARadarDevice, Overlord A Radar Device
mapleitems:item.overlordBRadarDevice, Overlord B Radar Device
mapleitems:item.phantomSeed, Phantom Seed
mapleitems:item.predatorHelm, Predator Helm
mapleitems:item.rainbowDrop, Rainbow Drop
mapleitems:item.redGuardHelm, Red Guard Helm
mapleitems:item.redSquishyLiquid, Red Squishy Liquid
mapleitems:item.silverSquishyLiquid, Silver Squishy Liquid
mapleitems:item.soiledRags, Soiled Rags
mapleitems:item.stormbreakerBadge, Stormbreaker Badge
mapleitems:item.thunderSpear, Thunder Spear
mapleitems:item.typhonFeather, Typhon Feather
mapleitems:item.windraiderBadge, Windraider Badge
mapleitems:item.beaker, Beaker
mapleitems:item.bindingBridle, Binding Bridle
mapleitems:item.blacklist, Blacklist
mapleitems:item.brokenMechanicalHeart, Broken Mechanical Heart
mapleitems:item.chiefGraysSign, Chief Gray Sign
mapleitems:item.flask, Flask
mapleitems:item.gelatin, Gelatin
mapleitems:item.hardenedPieceofMithril, Hardened Piece of Mithril
mapleitems:item.hardenedPieceofSteel, Hardened Piece of Steel
mapleitems:item.homunculussSand, Homunculus's Sand
mapleitems:item.icePiece, Ice Piece
mapleitems:item.lazyBuffyMarble, Lazy Buffy Marble
mapleitems:item.mateonsTentacle, Mateon's Tentacle
mapleitems:item.mayMist, May Mist
mapleitems:item.mecateonsLaserGun, Mecateon's Laser Gun
mapleitems:item.mT09sFuel, MT09's Fuel
mapleitems:item.pieceofMithril, Piece of Mithril
mapleitems:item.pieceofSteel, Piece of Steel
mapleitems:item.plateonsHelmet, Plateon's Helmet
mapleitems:item.plug, Plug
mapleitems:item.purpleLiquid, Purple Liquid
mapleitems:item.raggedScarf, Ragged Scarf
mapleitems:item.receivingApparatus, Receiving Apparatus
mapleitems:item.smallSpaceship, Small Spaceship
mapleitems:item.theBookGhostsSheetofPaper, The Book of Ghost's Sheet of Paper
mapleitems:item.uselessMechanicalHeart, Useless Mechanical Heart
mapleitems:item.wires, Wires
mapleitems:item.bloctopusKeyChain, Bloctopus Key Chain
mapleitems:item.blueToyBlock, Blue Toy Blck
mapleitems:item.buffoonsGrandpaClock, Buffoon's Grandpa Clock
mapleitems:item.buffyHat, Buffy Hat
mapleitems:item.captainsHat, Captain's Hat
mapleitems:item.catDoll, Cat Doll
mapleitems:item.centedBarrel, Cented Barrel
mapleitems:item.cheapBattery, Cheap Battery
mapleitems:item.clockSpring, Clock Spring
mapleitems:item.cog, Cog
mapleitems:item.dualPiratesPropeller, Dual Pirates Propeller
mapleitems:item.evilSpirit, Evil Spirit
mapleitems:item.freeSpirit, Free Spirit
mapleitems:item.ghostPirateKey, Ghost Pirate Key
mapleitems:item.markofthePirate, Mark of the Pirate
mapleitems:item.mechanicalHeart, Mechanical Heart
mapleitems:item.motor, Motor
mapleitems:item.pandaDoll, Panda Doll
mapleitems:item.planeController, Plane Controller
mapleitems:item.plasticCrown, Plastic Crown
mapleitems:item.propeller, Propeller
mapleitems:item.ratTrap, Rat Trap
mapleitems:item.rombotsMemoryCard, Rombot's Memory Card
mapleitems:item.sealedTeddyBear, Sealed Teady Bear
mapleitems:item.sealedupGrandpaClock, Sealed Grandpa Clock
mapleitems:item.tableClock, Table Clock
mapleitems:item.teddysCotton, Teddy's Cotton
mapleitems:item.teddysYellowRibbon, Teddy's Yellow Ribbon
mapleitems:item.toyDrum, Toy Drum
mapleitems:item.toyDuckling, Toy Duckling
mapleitems:item.toyTrojanSword, Toy Trojan Sword
mapleitems:item.vikingSail, Viking Sail
mapleitems:item.wornOutGoggle, Worn Out Goggle
mapleitems:item.zombieTeddyBear, Zombie Teddy Bear
mapleitems:item.anestheticPowder, Anesthetic Powder
mapleitems:item.beetlesHorn, Beetles Horn
mapleitems:item.birksChewedGrass, Birks Chewed Grass
mapleitems:item.blackArmorFragment, Black Armor Fragment
mapleitems:item.bloodHarpsCrown, Blood Harps Crown
mapleitems:item.blueCloth, Blue Cloth
mapleitems:item.blueConeHat, Blue Cone Hat
mapleitems:item.blueHeart, Blue Heart
mapleitems:item.blueHelmet, Blue Helmet
mapleitems:item.brokenHorn, Broken Horn
mapleitems:item.crackedHourglass, Cracked Hourglass
mapleitems:item.crackedShell, Cracked Shell
mapleitems:item.cursePowder, Curse Powder
mapleitems:item.darkRashsFurball, Dark Rash's Furball
mapleitems:item.destroyedNest, Destroyed Nest
mapleitems:item.dragonScale, Dragon Scale
mapleitems:item.dragonSpirit, Dragon Spirit
mapleitems:item.dualBeetlesHorn, Dual Beetle's Horn
mapleitems:item.dualBirksTinyTail, Dual Birk's Tiny Tail
mapleitems:item.eggShell, Egg Shell
mapleitems:item.frownyMask, Frowny Mask
mapleitems:item.greenCloth, Green Cloth
mapleitems:item.greenConeHat, Green Cone Hat
mapleitems:item.greenHeart, Green Heart
mapleitems:item.greenHelmet, Green Helmet
mapleitems:item.griffeyHorn, Griffey Horn
mapleitems:item.guardiansHorn, Guardian's Horn
mapleitems:item.hankiesPanFlute, Hankies Pan Flute
mapleitems:item.harpsTailFeather, Harps Tail Feather
mapleitems:item.hovsShorts, Hov's Shorts
mapleitems:item.kentaurussFlame, Kentauruss Flame
mapleitems:item.kentaurussMarrow, Kentauruss Marrow
mapleitems:item.kentaurussSkull, Kentauruss Skull
mapleitems:item.knightsMask, Knight's Mask
mapleitems:item.manonsTail, Manon's Tail
mapleitems:item.neutralMask, Neutral Mask
mapleitems:item.oldNeckBone, Old Neck Bone
mapleitems:item.phylliasWarpPowder, Phyllia's Warp Powder
mapleitems:item.pinHovsCharm, Pin Hov's Charm
mapleitems:item.rashsFurball, Rash's Furball
mapleitems:item.redCloth, Red Cloth
mapleitems:item.redConeHat, Red Cone hat
mapleitems:item.redHeart, Red Heart
mapleitems:item.redHelmet, Red Helmet
mapleitems:item.redShell, Red Shell
mapleitems:item.rextonLeather, Rexton Leather
mapleitems:item.skullShoulderPad, Shull Shoulder Pad
mapleitems:item.smallFlamingFeather, Small Flaming Feather
mapleitems:item.smileyMask, Smiley Mask
mapleitems:item.strangeEgg, Strange Egg
mapleitems:item.treeFruit, Tree Fruit
mapleitems:item.whalesHelmet, Whale's Helmet
mapleitems:item.woodenShoulderPad, Wooden Shoulder Pad
mapleitems:item.wyvernGill, Wyvern Gill
mapleitems:item.wyvernToenail, Wyvern Toenail
mapleitems:item.wyvernWing, Wyvern Wing
mapleitems:item.ancientRubble, Ancient Rubble
mapleitems:item.blazePendant, Blaze Pendant
mapleitems:item.blazeStone, Blaze Stone
mapleitems:item.cursedPlank, Cursed Plank
mapleitems:item.cursedPlate, Cursed Plate
mapleitems:item.cursedSlate, Cursed Slate
mapleitems:item.cygnusCirclet, Cygnus Circlet
mapleitems:item.darkAncientRubble, Dark Ancient Rubble
mapleitems:item.dawnPendant, Dawn Pendant
mapleitems:item.dawnStone, Dawn Stone
mapleitems:item.flamingMane, Flaming Mane
mapleitems:item.giantFirewood, Giant Firewood
mapleitems:item.giantLeaf, Giant Leaf
mapleitems:item.giantTreeBranch, Giant Tree Branch
mapleitems:item.heavyArmorFragment, Heavy Armor Fragment
mapleitems:item.knightGloves, Knight Gloves
mapleitems:item.knightMask, Knight Mask
mapleitems:item.knightPauldron, Knight Pauldron
mapleitems:item.knightRobe, Knight Robe
mapleitems:item.mutantMushroomCap, Mutant Mushroom Cap
mapleitems:item.mutantPork, Mutant Pork
mapleitems:item.mutantSlimeBubble, Mutant Slime Bubble
mapleitems:item.mutantSnailShell, Mutant Snail Shell
mapleitems:item.mutantTiguruFeather, Mutant Tiguru Feather
mapleitems:item.mutantTinoFeather, Mutant Tino Feather
mapleitems:item.mutantTiruFeather, Mutant Tiru Feather
mapleitems:item.mutatedTooth, Mutated Tooth
mapleitems:item.nightPendant, Night Pendant
mapleitems:item.nightStone, Night Stone
mapleitems:item.thunderPendant, Thunder Pendant
mapleitems:item.windPendant, Wind Pendant
mapleitems:item.windStone, Wind Stone
maplepets:item.shroomPet, Shroom Pet
maplepets:item.snailGreenPet, Green Snail Pet
maplepets:item.snailBluePet, Blue Snail Pet
maplepets:item.snailRedPet, Red Snail Pet
maplepets:item.slimePet, Slime Pet
maplepets:item.slimeYellowPet, Yellow Slime Pet
maplepets:item.slimeRedPet, Red Slime Pet
maplepets:item.bubblingPet, Bubbling Pet
maplepets:item.pigPet, Pig Pet
maplepets:item.pigRibbonRedPet, Red Ribbon Pig Pet
maplepets:item.pigRibbonBluePet, Blue Ribbon Pig Pet
maplepets:item.mushroomOrangePet, Orange Mushroom Pet
maplepets:item.mushroomBluePet, Blue Mushroom Pet
maplepets:item.mushroomPurplePet, Purple Mushroom Pet
maplepets:item.mushroomGreenPet, Green Mushroom Pet
maplepets:item.mushroomHornyPet, Horny Mushroom Pet
maplepets:item.spiritFirePet, Fire Spirit Pet
maplepets:item.spiritWaterPet, Water Spirit Pet
maplepets:item.snailLegendPet, Legendary Snail Pet
maplepets:item.shadePet, Shade Pet
maplepets:item.mahaLegendPet, Legendary Maha Pet
maplepets:item.balrogLegendPet, Legendary Balrog Pet
maplepets:item.cocoLegendPet, Legendary Coco Pet
maplepets:item.lucidaPet, Lucida Pet
maplepets:item.lucidaJrPet, Jr Lucida Pet
maplepets:item.lucidaLegendPet, Legendary Lucida Pet
maplepets:item.kittyPet, Kitty Pet
maplepets:item.deathPet, Grim Pet
maplepets:item.lykaLegendPet, Legendary Lyka Pet
maplepets:item.spiritBlazePet, Blaze Spirit
maplepets:item.spiritNightPet, Night Spirit
maplepets:item.spiritDawnPet, Dawn Spirit
maplepets:item.spiritWindPet, Wind Spirit
maplepets:item.spiritThunderPet, Thunder Spirit
maplepets:item.zombiePet, Zombie Pet
maplepets:item.cygnusCorruptedPet, Legendary Cygnus The Corrupted Queen Pet
maplepets:item.golemCastlePet, Legendary Castle Golem Pet
maplepets:item.grupinJrPet, Grupin Jr Pet
maplepets:item.grupinPet, Grupin Pet
maplepets:item.jaguarBluePet, Blue Jaguar Pet
maplepets:item.jaguarBrownPet, Brown Jaguar Pet
maplepets:item.jaguarPurplePet, Purple Jaguar Pet
maplepets:item.jaguarRedPet, Red Jaguar Pet
maplepets:item.jaguarBlackPet, Black Jaguar Pet
maplepets:item.jaguarLegendPet, Legendary Jaguar Pet
maplepets:item.pianusLegendPet, Legendary Pianus Pet
MaterialsPlus:Reinforced Leather Helmet, Reinforced Leather Cap
MaterialsPlus:Reinforced Leather Chestplate, Reinforced Leather Tunic
MaterialsPlus:Reinforced Leather Leggings, Reinforced Leather Pants
MaterialsPlus:Reinforced Leather Boots, Reinforced Leather Boots
MaterialsPlus:Charm Mix, Charm Mix
MaterialsPlus:Charm Alloy, Charm Alloy
MaterialsPlus:Charm Sword, Charm Sword
MaterialsPlus:Charm Pickaxe, Charm Pickaxe
MaterialsPlus:Charm Axe, Charm Axe
MaterialsPlus:Charm Shovel, Charm Shovel
MaterialsPlus:Charm Hoe, Charm Hoe
MaterialsPlus:Charm Helmet, Charm Helmet
MaterialsPlus:Charm Chestplate, Charm Chestplate
MaterialsPlus:Charm Leggings, Charm Leggings
MaterialsPlus:Charm Boots, Charm Boots
MaterialsPlus:Nether Mix, Nether Mix
MaterialsPlus:Nether Alloy, Nether Alloy
MaterialsPlus:Nether Sword, Nether Sword
MaterialsPlus:Nether Pickaxe, Nether Pickaxe
MaterialsPlus:Nether Axe, Nether Axe
MaterialsPlus:Nether Shovel, Nether Shovel
MaterialsPlus:Nether Hoe, Nether Hoe
MaterialsPlus:Nether Helmet, Nether Helmet
MaterialsPlus:Nether Chestplate, Nether Chestplate
MaterialsPlus:Nether Leggings, Nether Leggings
MaterialsPlus:Nether Boots, Nether Boots
MaterialsPlus:Ender Mix, Ender Mix
MaterialsPlus:Ender Alloy, Ender Alloy
MaterialsPlus:Ender Sword, Ender Sword
MaterialsPlus:Ender Pickaxe, Ender Pickaxe
MaterialsPlus:Ender Axe, Ender Axe
MaterialsPlus:Ender Shovel, Ender Shovel
MaterialsPlus:Ender Hoe, Ender Hoe
MaterialsPlus:Ender Helmet, Ender Helmet
MaterialsPlus:Ender Chestplate, Ender Chestplate
MaterialsPlus:Ender Leggings, Ender Leggings
MaterialsPlus:Ender Boots, Ender Boots
MaterialsPlus:Ancient Mix, Ancient Mix
MaterialsPlus:Ancient Alloy, Ancient Alloy
MaterialsPlus:Ancient Sword, Ancient Sword
MaterialsPlus:Ancient Pickaxe, Ancient Pickaxe
MaterialsPlus:Ancient Axe, Ancient Axe
MaterialsPlus:Ancient Shovel, Ancient Shovel
MaterialsPlus:Ancient Hoe, Ancient Hoe
MaterialsPlus:Ancient Helmet, Ancient Helmet
MaterialsPlus:Ancient Chestplate, Ancient Chestplate
MaterialsPlus:Ancient Leggings, Ancient Leggings
MaterialsPlus:Ancient Boots, Ancient Boots
mazemod:Transporter, Maze Transporter
mazemod:Locationeer, Maze Locationeer
mazemod:ItemMobSpawner:0, Spawn MiniEnderDragon
mazemod:ItemMobSpawner:1, item.ItemMobSpawner.SpawnerError_1.name
mazemod:Regenerator, item.Regenerator.name
MCJammer:mcjammer.instrument:0, Mandolin
MCJammer:mcjammer.instrument:1, Guitar
MCJammer:mcjammer.instrument:2, Flute
MCJammer:mcjammer.instrument:3, Bass
MCJammer:mcjammer.instrument:4, Tenor Saxophone
MCJammer:mcjammer.instrument:5, Clarinet
MCJammer:mcjammer.music.sheetmusic, Sheet Music
mm:BluestoneDust, Mega Bluestone Dust
mm:BluestoneIngot, Mega Bluestone Ingot
mm:BluestoneSword, Mega Bluestone Sword
mm:BluestonePickaxe, Mega Bluestone Pickaxe
mm:BluestoneSpade, Mega Bluestone Spade
mm:BluestoneAxe, Mega Bluestone Axe
mm:BluestoneRod, Mega Bluestone Rod
MekanismGenerators:SolarPanel, Solar Panel
MekanismGenerators:Hohlraum, Hohlraum
MekanismGenerators:TurbineBlade, Turbine Blade
MekanismTools:WoodPaxel, Wood Paxel
MekanismTools:StonePaxel, Stone Paxel
MekanismTools:IronPaxel, Iron Paxel
MekanismTools:DiamondPaxel, Diamond Paxel
MekanismTools:GoldPaxel, Gold Paxel
MekanismTools:ObsidianHelmet, Obsidian Helmet
MekanismTools:ObsidianChestplate, Obsidian Chestplate
MekanismTools:ObsidianLeggings, Obsidian Leggings
MekanismTools:ObsidianBoots, Obsidian Boots
MekanismTools:ObsidianPaxel, Obsidian Paxel
MekanismTools:ObsidianPickaxe, Obsidian Pickaxe
MekanismTools:ObsidianAxe, Obsidian Axe
MekanismTools:ObsidianShovel, Obsidian Shovel
MekanismTools:ObsidianHoe, Obsidian Hoe
MekanismTools:ObsidianSword, Obsidian Sword
MekanismTools:LapisLazuliHelmet, Lapis Lazuli Helmet
MekanismTools:LapisLazuliChestplate, Lapis Lazuli Chestplate
MekanismTools:LapisLazuliLeggings, Lapis Lazuli Leggings
MekanismTools:LapisLazuliBoots, Lapis Lazuli Boots
MekanismTools:LapisLazuliPaxel, Lapis Lazuli Paxel
MekanismTools:LapisLazuliPickaxe, Lapis Lazuli Pickaxe
MekanismTools:LapisLazuliAxe, Lapis Lazuli Axe
MekanismTools:LapisLazuliShovel, Lapis Lazuli Shovel
MekanismTools:LapisLazuliHoe, Lapis Lazuli Hoe
MekanismTools:LapisLazuliSword, Lapis Lazuli Sword
MekanismTools:OsmiumHelmet, Osmium Helmet
MekanismTools:OsmiumChestplate, Osmium Chestplate
MekanismTools:OsmiumLeggings, Osmium Leggings
MekanismTools:OsmiumBoots, Osmium Boots
MekanismTools:OsmiumPaxel, Osmium Paxel
MekanismTools:OsmiumPickaxe, Osmium Pickaxe
MekanismTools:OsmiumAxe, Osmium Axe
MekanismTools:OsmiumShovel, Osmium Shovel
MekanismTools:OsmiumHoe, Osmium Hoe
MekanismTools:OsmiumSword, Osmium Sword
MekanismTools:BronzeHelmet, Bronze Helmet
MekanismTools:BronzeChestplate, Bronze Chestplate
MekanismTools:BronzeLeggings, Bronze Leggings
MekanismTools:BronzeBoots, Bronze Boots
MekanismTools:BronzePaxel, Bronze Paxel
MekanismTools:BronzePickaxe, Bronze Pickaxe
MekanismTools:BronzeAxe, Bronze Axe
MekanismTools:BronzeShovel, Bronze Shovel
MekanismTools:BronzeHoe, Bronze Hoe
MekanismTools:BronzeSword, Bronze Sword
MekanismTools:GlowstonePaxel, Glowstone Paxel
MekanismTools:GlowstonePickaxe, Glowstone Pickaxe
MekanismTools:GlowstoneAxe, Glowstone Axe
MekanismTools:GlowstoneShovel, Glowstone Shovel
MekanismTools:GlowstoneHoe, Glowstone Hoe
MekanismTools:GlowstoneSword, Glowstone Sword
MekanismTools:GlowstoneHelmet, Glowstone Helmet
MekanismTools:GlowstoneChestplate, Glowstone Chestplate
MekanismTools:GlowstoneLeggings, Glowstone Leggings
MekanismTools:GlowstoneBoots, Glowstone Boots
MekanismTools:SteelPaxel, Steel Paxel
MekanismTools:SteelPickaxe, Steel Pickaxe
MekanismTools:SteelAxe, Steel Axe
MekanismTools:SteelShovel, Steel Shovel
MekanismTools:SteelHoe, Steel Hoe
MekanismTools:SteelSword, Steel Sword
MekanismTools:SteelHelmet, Steel Helmet
MekanismTools:SteelChestplate, Steel Chestplate
MekanismTools:SteelLeggings, Steel Leggings
MekanismTools:SteelBoots, Steel Boots
crystalic_void:crystallium, Crystallium
crystalic_void:crystallium_eye, Crystallium Eye
crystalic_void:hellfire_gem, Hellfire Gem
crystalic_void:hellfire_eye, Hellfire Eye
crystalic_void:chain_mail, Chain Mail
crystalic_void:ironbow, Iron Bow
crystalic_void:crystallium_sword, Crystallium Sword
crystalic_void:crystallium_pickaxe, Crystallium Pickaxe
crystalic_void:crystallium_axe, Crystallium Axe
crystalic_void:crystallium_shovel, Crystallium Shovel
crystalic_void:crystallium_hoe, Crystallium Hoe
crystalic_void:hellfire_sword, Hellfire Sword
crystalic_void:hellfire_pickaxe, Hellfire Pickaxe
crystalic_void:hellfire_axe, Hellfire Axe
crystalic_void:hellfire_shovel, Hellfire Shovel
crystalic_void:hellfire_hoe, Hellfire Hoe
crystalic_void:emerald_sword, Emerald Sword
crystalic_void:emerald_pickaxe, Emerald Pickaxe
crystalic_void:emerald_axe, Emerald Axe
crystalic_void:emerald_shovel, Emerald Shovel
crystalic_void:emerald_hoe, Emerald Hoe
crystalic_void:crystallium_helmet, Crystallium Helmet
crystalic_void:crystallium_chestplate, Crystallium Chestplate
crystalic_void:crystallium_leggings, Crystallium Leggings
crystalic_void:crystallium_boots, Crystallium Boots
crystalic_void:hellfire_helmet, Hellfire Helmet
crystalic_void:hellfire_chestplate, Hellfire Chestplate
crystalic_void:hellfire_leggings, Hellfire Leggings
crystalic_void:hellfire_boots, Hellfire Boots
crystalic_void:emerald_helmet, Emerald Helmet
crystalic_void:emerald_chestplate, Emerald Chestplate
crystalic_void:emerald_leggings, Emerald Leggings
crystalic_void:emerald_boots, Emerald Boots
metallurgychisel:tabitem, item.metallurgychisel.tab.item.name
QVBACalculator:Calculator, Calculator
mineralogy:gypsum_dust, Powdered Gypsum
mineralogy:sulfur_dust, Powdered Sulfur
mineralogy:phosphorous_dust, Powdered Phosphorous
mineralogy:nitrate_dust, Powdered Saltpeter
mineralogy:mineral_fertilizer, Ferilizer
minestones:minestoneItem:0, §rVoid Stone
minestones:minestoneItem:0, §rInTheLittleWood
minestones:minestoneItem:0, §rdan200
minestones:minestoneItem:0, §rdeadmau5
minestones:minestoneItem:0, §rProfMobius
minestones:minestoneItem:0, §rC418
minestones:minestoneItem:0, §rSimon Honeydew
minestones:minestoneItem:0, §rCovertJaguar
minestones:minestoneItem:0, §rSlyfox
minestones:minestoneItem:0, §rSteve
minestones:minestoneItem:0, §rMarc IRL
minestones:minestoneItem:0, §rOMGchad
minestones:minestoneItem:0, §rOcelot
minestones:minestoneItem:0, §rCave Spider
minestones:minestoneItem:0, §rSips
minestones:minestoneItem:0, §rTuxedo Cat
minestones:minestoneItem:0, §rBlockling
minestones:minestoneItem:0, §rBertie
minestones:minestoneItem:0, §rTwilight Naga
minestones:minestoneItem:0, §rLewis
minestones:minestoneItem:0, §rBinnie
minestones:minestoneItem:0, §rSpider
minestones:minestoneItem:0, §rMozeIntel
minestones:minestoneItem:0, §rSinKillerJ
minestones:minestoneItem:0, §rCharged Creeper
minestones:minestoneItem:0, §rPet Wolf
minestones:minestoneItem:0, §rDerpy Snow Golem
minestones:minestoneItem:0, §rVaygrim
minestones:minestoneItem:0, §rSp00nerism
minestones:minestoneItem:0, §rCavemanFilms
minestones:minestoneItem:0, §rAntVenom
minestones:minestoneItem:0, §rAlex
minestones:minestoneItem:0, §rZombie Pigman
minestones:minestoneItem:0, §rMinion
minestones:minestoneItem:0, §rBrent Copeland
minestones:minestoneItem:0, §rIron Golem
minestones:minestoneItem:0, §rVazkii
minestones:minestoneItem:0, §rPig
minestones:minestoneItem:0, §rx3n0ph0b3
minestones:minestoneItem:0, §rVillager
minestones:minestoneItem:0, §rNoxite
minestones:minestoneItem:0, §rXCompWiz
minestones:minestoneItem:0, §rZombie
minestones:minestoneItem:0, §rSnow Golem
minestones:minestoneItem:0, §rSjin
minestones:minestoneItem:0, §rSheep
minestones:minestoneItem:0, §rSoaryn
minestones:minestoneItem:0, §rSiamese Cat
minestones:minestoneItem:0, §rBlaze
minestones:minestoneItem:0, §rSmiffy
minestones:minestoneItem:0, §rCaptainSparklez
minestones:minestoneItem:0, §rSoTotallyToby
minestones:minestoneItem:0, §rSlime
minestones:minestoneItem:0, §rGreenphlem
minestones:minestoneItem:0, §rBat
minestones:minestoneItem:0, §rEric Fullerton
minestones:minestoneItem:0, §rGhast
minestones:minestoneItem:0, §rThaumium Golem
minestones:minestoneItem:0, §rBashur
minestones:minestoneItem:0, §rDinnerbone
minestones:minestoneItem:0, §rLogdotzip
minestones:minestoneItem:0, §rEnderman
minestones:minestoneItem:0, §rWither
minestones:minestoneItem:0, §rSquid
minestones:minestoneItem:0, §rWither Skeleton
minestones:minestoneItem:0, §rRubberRoss
minestones:minestoneItem:0, §rLolliman
minestones:minestoneItem:0, §rNotch
minestones:minestoneItem:0, §rMattaBase
minestones:minestoneItem:0, §rWes Wilson
minestones:minestoneItem:0, §rRoss
minestones:minestoneItem:0, §rWitch
minestones:minestoneItem:0, §rNova
minestones:minestoneItem:0, §rGrumm
minestones:minestoneItem:0, §rSkeleton
minestones:minestoneItem:0, §rGameChap
minestones:minestoneItem:0, §rChicken
minestones:minestoneItem:0, §rMagma Cube
minestones:minestoneItem:0, §rTrott
minestones:minestoneItem:0, §rTabby Cat
minestones:minestoneItem:0, §rCreeper
minestones:minestoneItem:0, §rRorax
minestones:minestoneItem:0, §rTheDarkPreacher
minestones:minestoneItem:0, §rIA7XShadowsI
minestones:minestoneItem:0, §rKoa Tribesman
miniwheats:wheat_shredded, Shredded Mini-Wheat
miniwheats:wheat_shredded_double, Double Shredded Mini-Wheat
miniwheats:wheat_shredded_triple, Triple Shredded Mini-Wheat
miniwheats:wheat_shredded_quadruple, QUADRUPLE Shredded Mini-Wheat
miniwheats:wheat_frosted, Frosted Mini-Wheat
miniwheats:wheat_frosted_double, Double Frosted Mini-Wheat
miniwheats:wheat_frosted_triple, Triple Frosted Mini-Wheat
miniwheats:wheat_frosted_quadruple, QUADRUPLE Frosted Mini-Wheat
miniwheats:cereal_bowl_miniwheat, Bowl of Shredded Mini-Wheats
miniwheats:cereal_bowl_miniwheat_frosted, Bowl of Frosted Shredded Mini-Wheats
moarswords:FlamingSword, Flaming Sword       
moarswords:PoisonSword, Poison Sword          
moarswords:KnockbackSword, Knockback Sword
moarswords:BlindnessSword, Blindness Sword
moarswords:SpeedSword, Speed Sword
moarswords:SharpnessSword, Sharpness Sword
moarswords:RegenSword, Regeneration Sword
moarswords:WitherSword, Wither Sword
moarswords:SwordOfLeaping, Sword Of Leaping
moarswords:HarmingSword, Harming Sword
moarswords:NauseousSword, Nausea Sword
moarswords:NightVisionSword, Night Vision Sword
moarswords:LootingSword, Looting Sword
moarswords:SmiteSword, Smite Sword
moarswords:SwordOfArthropodBane, Sword Of Arthropod Bane
moarswords:SwordOfHaste, Sword Of Haste
moarswords:StrengthSword, Strength Sword
moarswords:HungerSword, Hunger Sword
moarswords:InvisibleSword, Sword of Invisibility
moarswords:SwordOfResistance, Sword Of Resistance
moarswords:LightningSword, Lightning Sword
moarswords:SwordOfWeakness, Sword Of Weakness
moarswords:RespiratorySword, Sword Of Water Breathing
moarswords:SlownessSword, Slowness Sword
moarswords:UnbreakingSword, Unbreaking Sword
moarswords:HealingSword, Healing Sword
moarswords:SwordOfMiningFatigue, Sword Of Mining Fatigue
moarswords:SwordOfHealthBoost, Sword Of Health Boost
moarswords:AbsorptionSword, Absorption Sword
moarswords:SaturationSword, Saturation Sword
moarswords:FlamingIngot, Flaming Ingot
moarswords:PoisonIngot, Poison Ingot
moarswords:DarkIngot, Dark Ingot
moarswords:FeatherIngot, Lightweight Ingot
moarswords:GAppleIngot, Golden Apple Ingot
moarswords:WitherIngot, Wither Ingot
moarswords:SlimeIngot, Slime Ingot
moarswords:HarmingIngot, Netherrack Ingot
moarswords:NauseousIngot, Nauseous Ingot
moarswords:SpiderEyeIngot, Spider Eye Ingot
moarswords:RottenIngot, Rotten Ingot
moarswords:ArthropodIngot, Arthropod Ingot
moarswords:HasteIngot, Glowstone Ingot
moarswords:StrengthIngot, Nether Brick Ingot
moarswords:HungerIngot, Raw Meat Ingot
moarswords:InvisibleIngot, Glass Ingot
moarswords:ResistantIngot, Resistant Ingot
moarswords:LightningBolt, Lightning Bolt
moarswords:WeakIngot, Weak Ingot
moarswords:RespiratoryIngot, Respiratory Ingot
moarswords:SlownessIngot, Heavy Ingot
moarswords:DarkEndstoneIngot, Dark Endstone Ingot
moarswords:GlisteringIngot, Glistering Ingot
moarswords:SteelIngot, Steel Ingot
moarswords:GoldenMelonIngot, Golden Melon Ingot
moarswords:StrengthenedGappleIngot, Strengthened Golden Apple Ingot
moarswords:CookedMeatIngot, Cooked Meat Ingot
moarswords:FlamingToolRod, Flaming Tool Rod
moarswords:PoisonToolRod, Poison Tool Rod
moarswords:GunpowderToolRod, Gunpowder Tool Rod
moarswords:DarkToolRod, Dark Tool Rod
moarswords:FeatherToolRod, Lightweight Tool Rod
moarswords:QuartzToolRod, Quartz Tool Rod
moarswords:HeavyQuartzToolRod, Heavy Quartz Tool Rod
moarswords:GoldenToolRod, Golden Tool Rod
moarswords:WitherToolRod, Wither Tool Rod
moarswords:SlimeToolRod, Slime Tool Rod
moarswords:HarmingToolRod, Netherrack Tool Rod
moarswords:NauseousToolRod, Nauseous Tool Rod
moarswords:SpiderEyeToolRod, Spider Eye Tool Rod
moarswords:HeavyWoodenToolRod, Heavy Wooden Tool Rod
moarswords:BoneToolRod, Bone Tool Rod
moarswords:ArthropodToolRod, Arthropod Tool Rod
moarswords:HasteToolRod, Glowstone Tool Rod
moarswords:StrengthToolRod, Nether Brick Tool Rod
moarswords:HungerToolRod, Raw Meat Tool Rod
moarswords:InvisibleToolRod, Glass Tool Rod
moarswords:ResistantToolRod, Resistant Tool Rod
moarswords:LightningToolRod, Lightning Tool Rod
moarswords:WeakToolRod, Weak Tool Rod
moarswords:RespiratoryToolRod, Respiratory Tool Rod
moarswords:SlownessToolRod, Heavy Tool Rod
moarswords:DarkEndstoneToolRod, Dark Endstone Tool Rod
moarswords:SteelToolRod, Steel Tool Rod
moarswords:HeavySteelToolRod, Heavy Steel Tool Rod
moarswords:GoldenMelonToolRod, Golden Melon Tool Rod
moarswords:StrengthenedGappleToolRod, Strengthened Golden Apple Tool Rod
moarswords:CookedMeatToolRod, Cooked Meat Tool Rod
moarswords:SpiderEyeSlime, Spider Eye Slime
moarswords:PoisonousSlime, Poisonous Slime
moarswords:InfusedGapple, Tear Infused Golden Apple
moarswords:GoldenMelon, Golden Melon
moarswords:StrengthenedGapple, Strengthened Golden Apple
moarswords:ElectricShard, Electric Shard
moarswords:Dynamite, Dynamite
mobbattle:mob_stick, Mob Enrager
mobbattle:mob_kill, Mob Killer
mobbattle:mob_heal, Mob Healer
mobbattle:mob_effect, Effect Remover
mobbattle:mob_group, Mob Enrager (Multi)
mobcages:crowbar, Cage Opener
mobcages:cageitem, Cage
mobstacker.farming:Scroller, Stack Operator
mrplankmfm:itemChewableLeave, Leaf Bits
mrplankmfm:itemEdibleRedstone:0, Cooked Redstone
mrplankmfm:itemMush, Mush
mrplankmfm:itemMushStew, Mush Stew
mrplankmfm:itemSalmonBerries, Salmon Berries
mrplankmfm:itemSalmonSeed, Salmon Seeds
mrplankmfm:itemDonut, Donuts!
mrplankmfm:itemPotatoChips, Potato Chips
mrplankmfm:itemBarbecueSauce, Barbecue Sauce
mrplankmfm:itemSmokedSteak, Barbecue Steak
mrplankmfm:itemIronKnife, Butter Knife
mrplankmfm:itemRawRibs, Raw Ribs
mrplankmfm:itemIronShard, Iron Shards
mrplankmfm:itemCookedRibs, Cooked Ribs
mrplankmfm:itemSmokedRibs, Barbecue Ribs
mrplankmfm:itemSlicedBread, Sliced Bread
mrplankmfm:itemToast, Toast
mrplankmfm:itemButter, Butter
mrplankmfm:itemBreakfastToast, Buttered Toast
mrplankmfm:itemPounder, Iron Pounder
mrplankmfm:itemFlour, Flour
mrplankmfm:itemMixingBowl, Mixing Bowl
mrplankmfm:itemPan, Kitchen Pan
mrplankmfm:itemPancake, Pancakes!
mrplankmfm:itemBakingSalt, Salt
mrplankmfm:itemBakingPowder, Baking Powder
mrplankmfm:itemMeltedButter, Melted Butter
mrplankmfm:itemHeatedPan, Heated Kitchen Pan
mrplankmfm:itemPestle, Stone Pestle
mrplankmfm:itemBakingSoda, Baking Soda
mrplankmfm:itemSpile, Spile
mrplankmfm:itemSkinner, Iron Skinner
mrplankmfm:itemSyrup, Syrup
mrplankmfm:itemYummyBacon, Yummy Bacon
mrplankmfm:itemCookedYummyBacon, Cooked Yummy Bacon
mrplankmfm:itemBreakfastPancake, Pancakes with syrup
mrplankmfm:itemPancakeMix50, Pancake Mix
mrplankmfm:itemPancakeMix100, Pancake Mix
mrplankmfm:itemFullCup, 1 Cup
mrplankmfm:itemHalfCup, 1/2 Cup
mrplankmfm:itemFullCupFlour, 1 Cup of Flour
mrplankmfm:itemHalfCupFlour, 1/2 Cup of Flour
mrplankmfm:itemFullTablespoon, 1 Tbsp
mrplankmfm:itemHalfTablespoon, 1/2 Tbsp
mrplankmfm:itemFullTablespoonSugar, 1 Tbsp of Sugar
mrplankmfm:itemHalfTablespoonSugar, 1/2 Tbsp of Sugar
mrplankmfm:itemFullTeaspoon, 1 Tsp
mrplankmfm:itemHalfTeaspoon, 1/2 Tsp
mrplankmfm:itemFullTeaspoonBakePowder, 1 Tsp of Baking Powder
mrplankmfm:itemHalfTeaspoonBakePowder, 1/2 Tsp of Baking Powder
mrplankmfm:itemFullTeaspoonSalt, 1 Tsp of Salt
mrplankmfm:itemHalfTeaspoonSalt, 1/2 Tsp of Salt
mrplankmfm:itemFullTeaspoonBakingSoda, 1 Tsp of Baking Soda
mrplankmfm:itemHalfTeaspoonBakingSoda, 1/2 Tsp of Baking Soda
com.MineDrow.MoreRealGlass:Glass Cutter, Glass Cutter
com.MineDrow.MoreRealGlass:Glass Pile, Glass Dust
com.MineDrow.MoreRealGlass:Big Glass Pile, Big Glass Pile 
moreShearables:clipper, Shaver
moreShearables:pigSkin, Pig Skin
moreShearables:pigHelmet, Pig Skin Helmet
moreShearables:pigChest, Pig Skin Chestplate
moreShearables:pigLegs, Pig Skin Leggings
moreShearables:pigBoots, Pig Skin Boots
cfm:ItemTableWood, Wooden Table
cfm:ItemTableStone, Stone Table
cfm:ItemChairWood, Wooden Chair
cfm:ItemChairStone, Stone Chair
cfm:ItemCabinet, Cabinet
cfm:ItemBesideCabinet, Bedside Cabinet
cfm:ItemCoffeeTableWood, Wooden Coffee Table
cfm:ItemCoffeeTableStone, Stone Coffee Table
cfm:ItemFridge, Fridge
cfm:ItemCoolPack, Cooling Pack
cfm:ItemCouch, Couch
cfm:ItemBlinds, Blind
cfm:ItemCurtains, Curtain
cfm:ItemOven, Oven
cfm:ItemOvenRangehood, Oven Overhead
cfm:ItemFlesh, Flesh
cfm:ItemCookedFlesh, Cooked Flesh
cfm:ItemHedgeBasic, Oak Hedge
cfm:ItemHedgeSpruce, Spurce Hedge
cfm:ItemHedgeBirch, Birch Hedge
cfm:ItemHedgeJungle, Jungle Hedge
cfm:ItemBirdBath, Bird Bath
cfm:ItemStonePath, Stone Path
cfm:ItemWhiteFence, White Fence
cfm:ItemTap, Tap
cfm:ItemMailBox, Mail Box
cfm:ItemHammer, Hammer
cfm:ItemEnvelope, Envelope
cfm:ItemEnvelopeSigned, item.itemenvelopesigned.name
cfm:ItemPackage, Package
cfm:ItemPackageSigned, item.itempackagesigned.name
cfm:ItemTV, TV
cfm:ItemComputer, Computer
cfm:ItemPrinter, Printer
cfm:ItemInkCartridge, Ink Cartridge
cfm:ItemStereo, Stereo
cfm:ItemElectricFence, Electric Fence
cfm:ItemCeilingLight, Ceiling Light
cfm:ItemDoorBell, Door Bell
cfm:ItemFireAlarm, Fire Alarm
cfm:ItemLamp, Lamp
cfm:ItemToilet, Toilet
cfm:ItemBasin, Basin
cfm:ItemWallCabinet, Wall Cabinet
cfm:ItemBath, Bath
cfm:ItemShower, Shower
cfm:ItemShowerHead, Shower Head
cfm:ItemBin, Bin
cfm:ItemPresentRed, Empty Present
cfm:ItemPresentGreen, Empty Present
cfm:itemTree, Christmas Tree
cfm:ItemToaster, Toaster
cfm:ItemMicrowave, Microwave
cfm:ItemWashingMachine, Washing Machine
cfm:ItemCookieJar, Cookie Jar
cfm:ItemBlender, Blender
cfm:ItemPlate, Plate
cfm:ItemCounterDoored, Kitchen Counter
cfm:ItemCounterSink, Kitchen Counter (Sink)
cfm:ItemDishWasher, Dishwasher
cfm:ItemKitchenCabinet, Kitchen Cabinet
cfm:ItemChoppingBoard, Chopping Board
cfm:ItemBarStall, Bar Stool
cfm:ItemBreadSlice, Bread Slice
cfm:ItemToast, Toast
cfm:ItemKnife, Knife
cfm:ItemCup, Cup
cfm:ItemDrink, item.itemdrink.name
cfm:ItemSoap, Soap
cfm:ItemSoapyWater, Soapy Water
cfm:ItemSuperSoapyWater, Super Soapy Water
cfm:ItemRecipeBook, Recipe Book
cfm:ItemCrayfish, item.itemcrayfish.name
cfm:ItemDollar, item.itemmoney.name
mstm:RIIMK1, Reinforced Iron Ingot MK1
mstm:RIIMK2, Reinforced Iron Ingot MK2
mstm:RIIMK3, Reinforced Iron Ingot MK3
mstm:RGIMK1, Reinforced Gold Ingot MK1
mstm:RGIMK2, Reinforced Gold Ingot MK2
mstm:RGIMK3, Reinforced Gold Ingot MK3
mstm:RDMK1, Reinforced Diamond MK1
mstm:RDMK2, Reinforced Diamond MK2
mstm:RDMK3, Reinforced Diamond MK3
mstm:RWPMK1Sword, Reinforced Wooden Sword MK1
mstm:RWPMK1Axe, Reinforced Wooden Axe MK1
mstm:RWPMK1Pickaxe, Reinforced Wooden Pickaxe MK1
mstm:RWPMK1Shovel, Reinforced Wooden Shovel MK1
mstm:RWPMK1Hoe, Reinforced Wooden Hoe MK1
mstm:RWPMK2Sword, Reinforced Wooden Sword MK2
mstm:RWPMK2Axe, Reinforced Wooden Axe MK2
mstm:RWPMK2Pickaxe, Reinforced Wooden Pickaxe MK2
mstm:RWPMK2Shovel, Reinforced Wooden Shovel MK2
mstm:RWPMK2Hoe, Reinforced Wooden Hoe MK2
mstm:RWPMK3Sword, Reinforced Wooden Sword MK3
mstm:RWPMK3Axe, Reinforced Wooden Axe MK3
mstm:RWPMK3Pickaxe, Reinforced Wooden Pickaxe MK3
mstm:RWPMK3Shovel, Reinforced Wooden Shovel MK3
mstm:RWPMK3Hoe, Reinforced Wooden Hoe MK3
mstm:RCSMK1Sword, Reinforced Stone Sword MK1
mstm:RCSMK1Axe, Reinforced Stone Axe MK1
mstm:RCSMK1Pickaxe, Reinforced Stone Pickaxe MK1
mstm:RCSMK1Shovel, Reinforced Stone Shovel MK1
mstm:RCSMK1Hoe, Reinforced Stone Hoe MK1
mstm:RCSMK2Sword, Reinforced Stone Sword MK2
mstm:RCSMK2Axe, Reinforced Stone Axe MK2
mstm:RCSMK2Pickaxe, Reinforced Stone Pickaxe MK2
mstm:RCSMK2Shovel, Reinforced Stone Shovel MK2
mstm:RCSMK2Hoe, Reinforced Stone Hoe MK2
mstm:RCSMK3Sword, Reinforced Stone Sword MK3
mstm:RCSMK3Axe, Reinforced Stone Axe MK3
mstm:RCSMK3Pickaxe, Reinforced Stone Pickaxe MK3
mstm:RCSMK3Shovel, Reinforced Stone Shovel MK3
mstm:RCSMK3Hoe, Reinforced Stone Hoe MK3
mstm:RIIMK1Sword, Reinforced Iron Sword MK1
mstm:RIIMK1Axe, Reinforced Iron Axe MK1
mstm:RIIMK1Pickaxe, Reinforced Iron Pickaxe MK1
mstm:RIIMK1Shovel, Reinforced Iron Shovel MK1
mstm:RIIMK1Hoe, Reinforced Iron Hoe MK1
mstm:RIIMK1Helmet, Reinforced Iron Helmet MK1
mstm:RIIMK1Chestplate, Reinforced Iron Chestplate MK1
mstm:RIIMK1Leggings, Reinforced Iron Leggings MK1
mstm:RIIMK1Boots, Reinforced Iron Boots MK1
mstm:RIIMK2Sword, Reinforced Iron Sword MK2
mstm:RIIMK2Axe, Reinforced Iron Axe MK2
mstm:RIIMK2Pickaxe, Reinforced Iron Pickaxe MK2
mstm:RIIMK2Shovel, Reinforced Iron Shovel MK2
mstm:RIIMK2Hoe, Reinforced Iron Hoe MK2
mstm:RIIMK2Helmet, Reinforced Iron Helmet MK2
mstm:RIIMK2Chestplate, Reinforced Iron Chestplate MK2
mstm:RIIMK2Leggings, Reinforced Iron Leggings MK2
mstm:RIIMK2Boots, Reinforced Iron Boots MK2
mstm:RIIMK3Sword, Reinforced Iron Sword MK3
mstm:RIIMK3Axe, Reinforced Iron Axe MK3
mstm:RIIMK3Pickaxe, Reinforced Iron Pickaxe MK3
mstm:RIIMK3Shovel, Reinforced Iron Shovel MK3
mstm:RIIMK3Hoe, Reinforced Iron Hoe MK3
mstm:RIIMK3Helmet, Reinforced Iron Helmet MK3
mstm:RIIMK3Chestplate, Reinforced Iron Chestplate MK3
mstm:RIIMK3Leggings, Reinforced Iron Leggings MK3
mstm:RIIMK3Boots, Reinforced Iron Boots MK3
mstm:RGIMK1Sword, Reinforced Gold Sword MK1
mstm:RGIMK1Axe, Reinforced Gold Axe MK1
mstm:RGIMK1Pickaxe, Reinforced Gold Pickaxe MK1
mstm:RGIMK1Shovel, Reinforced Gold Shovel MK1
mstm:RGIMK1Hoe, Reinforced Gold Hoe MK1
mstm:RGIMK1Helmet, Reinforced Gold Helmet MK1
mstm:RGIMK1Chestplate, Reinforced Gold Chestplate MK1
mstm:RGIMK1Leggings, Reinforced Gold Leggings MK1
mstm:RGIMK1Boots, Reinforced Gold Boots MK1
mstm:RGIMK2Sword, Reinforced Gold Sword MK2
mstm:RGIMK2Axe, Reinforced Gold Axe MK2
mstm:RGIMK2Pickaxe, Reinforced Gold Pickaxe MK2
mstm:RGIMK2Shovel, Reinforced Gold Shovel MK2
mstm:RGIMK2Hoe, Reinforced Gold Hoe MK2
mstm:RGIMK2Helmet, Reinforced Gold Helmet MK2
mstm:RGIMK2Chestplate, Reinforced Gold Chestplate MK2
mstm:RGIMK2Leggings, Reinforced Gold Leggings MK2
mstm:RGIMK2Boots, Reinforced Gold Boots MK2
mstm:RGIMK3Sword, Reinforced Gold Sword MK3
mstm:RGIMK3Axe, Reinforced Gold Axe MK3
mstm:RGIMK3Pickaxe, Reinforced Gold Pickaxe MK3
mstm:RGIMK3Shovel, Reinforced Gold Shovel MK3
mstm:RGIMK3Hoe, Reinforced Gold Hoe MK3
mstm:RGIMK3Helmet, Reinforced Gold Helmet MK3
mstm:RGIMK3Chestplate, Reinforced Gold Chestplate MK3
mstm:RGIMK3Leggings, Reinforced Gold Leggings MK3
mstm:RGIMK3Boots, Reinforced Gold Boots MK3
mstm:RDMK1Sword, Reinforced Diamond Sword MK1
mstm:RDMK1Axe, Reinforced Diamond Axe MK1
mstm:RDMK1Pickaxe, Reinforced Diamond Pickaxe MK1
mstm:RDMK1Shovel, Reinforced Diamond Shovel MK1
mstm:RDMK1Hoe, Reinforced Diamond Hoe MK1
mstm:RDMK1Helmet, Reinforced Diamond Helmet MK1
mstm:RDMK1Chestplate, Reinforced Diamond Chestplate MK1
mstm:RDMK1Leggings, Reinforced Diamond Leggings MK1
mstm:RDMK1Boots, Reinforced Diamond Boots MK1
mstm:RDMK2Sword, Reinforced Diamond Sword MK2
mstm:RDMK2Axe, Reinforced Diamond Axe MK2
mstm:RDMK2Pickaxe, Reinforced Diamond Pickaxe MK2
mstm:RDMK2Shovel, Reinforced Diamond Shovel MK2
mstm:RDMK2Hoe, Reinforced Diamond Hoe MK2
mstm:RDMK2Helmet, Reinforced Diamond Helmet MK2
mstm:RDMK2Chestplate, Reinforced Diamond Chestplate MK2
mstm:RDMK2Leggings, Reinforced Diamond Leggings MK2
mstm:RDMK2Boots, Reinforced Diamond Boots MK2
mstm:RDMK3Sword, Reinforced Diamond Sword MK3
mstm:RDMK3Axe, Reinforced Diamond Axe MK3
mstm:RDMK3Pickaxe, Reinforced Diamond Pickaxe MK3
mstm:RDMK3Shovel, Reinforced Diamond Shovel MK3
mstm:RDMK3Hoe, Reinforced Diamond Hoe MK3
mstm:RDMK3Helmet, Reinforced Diamond Helmet MK3
mstm:RDMK3Chestplate, Reinforced Diamond Chestplate MK3
mstm:RDMK3Leggings, Reinforced Diamond Leggings MK3
mstm:RDMK3Boots, Reinforced Diamond Boots MK3
mukastructuremod:tile:0, White Tile
mukastructuremod:tile:1, Orange Tile
mukastructuremod:tile:2, Yellow Tile
mukastructuremod:tile:3, Gray Tile
mukastructuremod:tile:4, Silver Tile
mukastructuremod:tile:5, Cyan Tile
mukastructuremod:tile:6, Blue Tile
mukastructuremod:tile:7, Brown Tile
mukastructuremod:tile:8, Green Tile
mukastructuremod:tile:9, Red Tile
mukastructuremod:tile:10, Black Tile
mukastructuremod:tile:11, Light Color Mix Tile
mukastructuremod:tile:12, Dark Color Mix Tile
mukastructuremod:tile:13, Red Mix Tile
mukastructuremod:tile:14, Green Mix Tile
mukastructuremod:tile:15, Blue Mix Tile
mukastructuremod:panel_plate:0, White Panel
mukastructuremod:panel_plate:1, Orange Panel
mukastructuremod:panel_plate:2, Magenta Panel
mukastructuremod:panel_plate:3, item.panel_plate.light_blue.name
mukastructuremod:panel_plate:4, Yellow Panel
mukastructuremod:panel_plate:5, Lime Panel
mukastructuremod:panel_plate:6, Pink Panel
mukastructuremod:panel_plate:7, Gray Panel
mukastructuremod:panel_plate:8, Silver Panel
mukastructuremod:panel_plate:9, Cyan Panel
mukastructuremod:panel_plate:10, Purple Panel
mukastructuremod:panel_plate:11, Blue Panel
mukastructuremod:panel_plate:12, Brown Panel
mukastructuremod:panel_plate:13, Green Panel
mukastructuremod:panel_plate:14, Red Panel
mukastructuremod:panel_plate:15, Black Panel
MutantCreatures:item.creeperShard, Creeper Shard
MutantCreatures:item.creeperStats, Creeper Stats
MutantCreatures:item.hulkHammer, Hulk Hammer
MutantCreatures:item.chemicalX, Chemical X
MutantCreatures:item.endersoulHand, Endersoul Hand
MutantCreatures:item.skeletonPart:0, Skeleton Limb
MutantCreatures:item.skeletonPart:1, Skeleton Rib
MutantCreatures:item.skeletonPart:2, Skeleton Pelvis
MutantCreatures:item.skeletonPart:3, Skeleton Shoulder Pad
MutantCreatures:item.skeletonPart:4, Skeleton Arms
MutantCreatures:item.skeletonPart:5, Skeleton Ribcage
MutantCreatures:item.skeleArmorHead, Mutant Skeleton Helmet
MutantCreatures:item.skeleArmorChest, Mutant Skeleton Chestplate
MutantCreatures:item.skeleArmorLegs, Mutant Skeleton Leggings
MutantCreatures:item.skeleArmorBoots, Mutant Skeleton Boots
ae2wct:infinityBoosterCard, Infinity Booster Card
ae2wct:infinityBoosterIcon, item.null.name
ae2wct:wirelessCraftingTerminal, Wireless Crafting Terminal
ae2wct:magnetCard, Magnet Card
ae2wct:boosterBG, item.boosterBG.name
OpenBlocks:hangglider, Hang Glider
OpenBlocks:generic:0, Glider Wing
OpenBlocks:generic:1, Beam
OpenBlocks:generic:2, Crane Engine
OpenBlocks:generic:3, Crane Magnet
OpenBlocks:generic:5, Line
OpenBlocks:generic:6, Map Controller Module
OpenBlocks:generic:7, Map Memory Module
OpenBlocks:generic:9, Assistant's base
OpenBlocks:generic:10, Unprepared Stencil
OpenBlocks:generic:11, Sketching Pencil
OpenBlocks:luggage, Luggage
OpenBlocks:sonicglasses, Sonic Glasses
OpenBlocks:pencilGlasses:0, Pencil Glasses
OpenBlocks:crayonGlasses:0, Crayon Glasses
OpenBlocks:crayonGlasses:0, Crayon Glasses
OpenBlocks:crayonGlasses:0, Crayon Glasses
OpenBlocks:crayonGlasses:0, Crayon Glasses
OpenBlocks:crayonGlasses:0, Crayon Glasses
OpenBlocks:crayonGlasses:0, Crayon Glasses
OpenBlocks:crayonGlasses:0, Crayon Glasses
OpenBlocks:crayonGlasses:0, Crayon Glasses
OpenBlocks:crayonGlasses:0, Crayon Glasses
OpenBlocks:crayonGlasses:0, Crayon Glasses
OpenBlocks:crayonGlasses:0, Crayon Glasses
OpenBlocks:crayonGlasses:0, Crayon Glasses
OpenBlocks:crayonGlasses:0, Crayon Glasses
OpenBlocks:crayonGlasses:0, Crayon Glasses
OpenBlocks:crayonGlasses:0, Crayon Glasses
OpenBlocks:crayonGlasses:0, Crayon Glasses
OpenBlocks:technicolorGlasses:0, Amazing Technicolor Glasses
OpenBlocks:seriousGlasses:0, Badass Glasses
OpenBlocks:craneControl, Crane Control
OpenBlocks:craneBackpack, Crane Backpack
OpenBlocks:slimalyzer, Slimalyzer
OpenBlocks:filledbucket:0, XP Bucket
OpenBlocks:sleepingBag, Sleeping Bag
OpenBlocks:paintBrush, Paint Brush
OpenBlocks:stencil:0, Stencil
OpenBlocks:stencil:1, Stencil
OpenBlocks:stencil:2, Stencil
OpenBlocks:stencil:3, Stencil
OpenBlocks:stencil:4, Stencil
OpenBlocks:stencil:5, Stencil
OpenBlocks:stencil:6, Stencil
OpenBlocks:stencil:7, Stencil
OpenBlocks:stencil:8, Stencil
OpenBlocks:stencil:9, Stencil
OpenBlocks:stencil:10, Stencil
OpenBlocks:stencil:11, Stencil
OpenBlocks:stencil:12, Stencil
OpenBlocks:stencil:13, Stencil
OpenBlocks:stencil:14, Stencil
OpenBlocks:squeegee:0, Squeegee
OpenBlocks:emptyMap, Empty Map
OpenBlocks:cartographer:0, Cartographer
OpenBlocks:tastyClay, Tasty Clay
OpenBlocks:goldenEye, Golden eye
OpenBlocks:genericUnstackable:0, Pointer
OpenBlocks:cursor, Cursor
OpenBlocks:infoBook, World Domination with OpenBlocks
OpenBlocks:devnull, /dev/null
OpenBlocks:spongeonastick, Sponge
OpenBlocks:pedometer, Pedometer
OpenBlocks:epicEraser, Epic Eraser
OpenBlocks:wrench, Big Metal Bar
structurelib:item.structurelib.frontRotationTool, Front Rotation Tool (Standalone)
structurelib:item.structurelib.constructableTrigger, Multiblock Structure Hologram Projector
thefleshmod:TestItem:0, item.TestItem.name
thefleshmod:TestItem:1, item.TestItem.name
thefleshmod:cookedFlesh, Cooked Flesh
thefleshmod:ItemFleshPickaxe, Rotten Flesh Pickaxe
thefleshmod:ItemFleshAxe, Rotten Flesh Axe
thefleshmod:ItemFleshShovel, Rotten Flesh Shovel
thefleshmod:ItemFleshSword, Rotten Flesh Sword
thefleshmod:ItemFleshHoe, Rotten Flesh Hoe
thefleshmod:ItemFleshHelmet, Rotten Flesh Helmet
thefleshmod:ItemFleshChestplate, Rotten Flesh Chestplate
thefleshmod:ItemFleshLeggings, Rotten Flesh Leggings
thefleshmod:ItemFleshBoots, Rotten Flesh Boots
tidepod:podempty, Empty Pod
tidepod:tidepod, Tide Pod
tidepod:tidepodexp, Experience Pod
tidepod:tidepodwither, Tide Pod of Death
thorfusion:Terralization, Terralization
thorfusion:blu_axe, Bluaxe
thorfusion:blu_shovel, Bluspade
thorfusion:item.blurod, Blurod
thorfusion:item.TerralizationCreative, Terralization Creative Logo
thorfusion:item.bludust, Bludust
thorfusion:item.bluplate, Bluinfused obsidian plate
thorfusion:blu_hat, Bluinfused obsidian hat
thorfusion:blu_chest, Bluinfused obsidian chestplate
thorfusion:blu_leggings, Bluinfused obsidian leggings
thorfusion:blu_boots, Bluinfused obsidian boots
xprings:item.xpr2, Lesser Ring O' Experience
xprings:item.xpr5, Ring O' Experience
xprings:item.xpr12, Greater Ring O' Experience
ForgeMicroblock:sawStone, Stone Saw
ForgeMicroblock:sawIron, Iron Saw
ForgeMicroblock:sawDiamond, Diamond Saw
ForgeMicroblock:stoneRod, Stone Rod